14000 0.838849 0.496735
14001 0.838866 0.49675
14002 0.838868 0.496754
14003 0.838857 0.49675
14004 0.838834 0.496738
14005 0.838812 0.496743
14006 0.838793 0.496763
14007 0.838776 0.496797
14008 0.838761 0.496843
14009 0.838747 0.4969
14010 0.838735 0.496967
14011 0.838739 0.497026
14012 0.838758 0.497079
14013 0.838792 0.497125
14014 0.838822 0.497151
14015 0.838849 0.497159
14016 0.838875 0.49715
14017 0.838898 0.497127
14018 0.838919 0.49709
14019 0.838938 0.497041
14020 0.838956 0.496982
14021 0.838972 0.496912
14022 0.839002 0.496849
14023 0.839045 0.496791
14024 0.839099 0.496738
14025 0.839135 0.496699
14026 0.839153 0.496655
14027 0.839156 0.496607
14028 0.839159 0.49658
14029 0.839162 0.496571
14030 0.839165 0.496578
14031 0.839167 0.496601
14032 0.83917 0.496637
14033 0.839158 0.496661
14034 0.839135 0.496675
14035 0.839114 0.496671
14036 0.839096 0.496652
14037 0.839079 0.49662
14038 0.839065 0.496575
14039 0.839053 0.496519
14040 0.839042 0.496453
14041 0.839032 0.496378
14042 0.839024 0.496295
14043 0.839017 0.496204
14044 0.83901 0.496139
14045 0.839004 0.496095
14046 0.838999 0.496071
14047 0.838995 0.496066
14048 0.838991 0.496077
14049 0.838987 0.496102
14050 0.838984 0.49614
14051 0.838981 0.49619
14052 0.838979 0.496251
14053 0.838976 0.496322
14054 0.838975 0.496369
14055 0.838974 0.496397
14056 0.838973 0.496437
14057 0.838972 0.496489
14058 0.838971 0.49652
14059 0.838958 0.496539
14060 0.838932 0.496549
14061 0.838895 0.49655
14062 0.838863 0.496535
14063 0.838834 0.496537
14064 0.838807 0.496554
14065 0.838783 0.496586
14066 0.838762 0.49663
14067 0.838742 0.496654
14068 0.838725 0.496659
14069 0.838697 0.496657
14070 0.838658 0.496646
14071 0.838638 0.496636
14072 0.838636 0.496626
14073 0.838649 0.496616
14074 0.838677 0.496607
14075 0.838718 0.496597
14076 0.83877 0.496588
14077 0.838833 0.496579
14078 0.838905 0.49657
14079 0.838969 0.496577
14080 0.839027 0.496599
14081 0.839095 0.496619
14082 0.839143 0.496628
14083 0.839172 0.496628
14084 0.839185 0.496621
14085 0.839183 0.496606
14086 0.839168 0.496584
14087 0.839154 0.496581
14088 0.839128 0.49657
14089 0.839092 0.496552
14090 0.839045 0.496527
14091 0.83899 0.496497
14092 0.838927 0.496463
14093 0.838857 0.496423
14094 0.838793 0.496403
14095 0.838751 0.496385
14096 0.83873 0.496367
14097 0.838725 0.49635
14098 0.838737 0.496335
14099 0.838748 0.496336
14100 0.838757 0.496353
14101 0.838764 0.496384
14102 0.838771 0.496427
14103 0.838776 0.496482
14104 0.83878 0.496547
14105 0.838771 0.496597
14106 0.838778 0.496642
14107 0.838799 0.496681
14108 0.838835 0.496716
14109 0.838853 0.49674
14110 0.838856 0.496753
14111 0.838874 0.496765
14112 0.838906 0.496775
14113 0.838951 0.496783
14114 0.838977 0.496783
14115 0.838988 0.496774
14116 0.838984 0.496759
14117 0.838967 0.496737
14118 0.838967 0.496717
14119 0.838982 0.496699
14120 0.839012 0.496682
14121 0.839025 0.496658
14122 0.839024 0.49663
14123 0.839009 0.496596
14124 0.838996 0.496581
14125 0.838983 0.496583
14126 0.838972 0.496601
14127 0.838961 0.496632
14128 0.838951 0.496676
14129 0.838942 0.496731
14130 0.83895 0.496781
14131 0.838972 0.496824
14132 0.839008 0.496863
14133 0.83904 0.496883
14134 0.839068 0.496885
14135 0.839094 0.496871
14136 0.839118 0.496843
14137 0.839139 0.496833
14138 0.839157 0.49684
14139 0.839173 0.496862
14140 0.839187 0.496897
14141 0.8392 0.496913
14142 0.839212 0.496912
14143 0.839222 0.496895
14144 0.839231 0.496865
14145 0.83924 0.496821
14146 0.839247 0.496767
14147 0.839254 0.496702
14148 0.83926 0.496628
14149 0.839265 0.496546
14150 0.83927 0.496488
14151 0.839274 0.496451
14152 0.839277 0.496433
14153 0.83928 0.496433
14154 0.839283 0.496448
14155 0.839285 0.496478
14156 0.839286 0.496489
14157 0.839288 0.496483
14158 0.839289 0.496494
14159 0.839291 0.496519
14160 0.839291 0.496557
14161 0.839292 0.496607
14162 0.839279 0.496644
14163 0.839254 0.496669
14164 0.839218 0.496684
14165 0.839172 0.49669
14166 0.839117 0.496687
14167 0.839068 0.4967
14168 0.839023 0.496727
14169 0.838983 0.496768
14170 0.838947 0.49682
14171 0.838914 0.496882
14172 0.838884 0.496954
14173 0.838857 0.497034
14174 0.838832 0.49709
14175 0.838811 0.497125
14176 0.838791 0.497141
14177 0.838773 0.49714
14178 0.838757 0.497123
14179 0.838742 0.497093
14180 0.838728 0.497081
14181 0.838716 0.497086
14182 0.838705 0.497106
14183 0.838695 0.497139
14184 0.838686 0.497154
14185 0.838664 0.497159
14186 0.838631 0.497156
14187 0.838616 0.497153
14188 0.838619 0.49715
14189 0.838608 0.49714
14190 0.838585 0.497122
14191 0.83855 0.497099
14192 0.838535 0.497077
14193 0.838537 0.497057
14194 0.838554 0.497039
14195 0.838585 0.497023
14196 0.8386 0.497
14197 0.838599 0.496971
14198 0.838599 0.496961
14199 0.838598 0.496967
14200 0.838613 0.496972
14201 0.838642 0.496977
14202 0.838684 0.496981
14203 0.838738 0.496983
14204 0.838801 0.496986
14205 0.838845 0.49698
14206 0.838884 0.49699
14207 0.838919 0.497015
14208 0.838951 0.497052
14209 0.838979 0.497102
14210 0.839004 0.497162
14211 0.839027 0.497232
14212 0.839063 0.497295
14213 0.839111 0.497351
14214 0.839169 0.497401
14215 0.839238 0.497446
14216 0.839315 0.497486
14217 0.8394 0.497522
14218 0.839492 0.497553
14219 0.839561 0.497574
14220 0.839611 0.497585
14221 0.839641 0.497602
14222 0.839685 0.497617
14223 0.839724 0.497616
14224 0.839759 0.497598
14225 0.839778 0.497591
14226 0.839794 0.497568
14227 0.83981 0.497532
14228 0.83981 0.497508
14229 0.83981 0.49747
14230 0.839797 0.497444
14231 0.839772 0.497428
14232 0.839749 0.497399
14233 0.839729 0.497356
14234 0.83971 0.497334
14235 0.839694 0.497329
14236 0.839679 0.497341
14237 0.839666 0.497367
14238 0.839654 0.497406
14239 0.839643 0.497425
14240 0.839634 0.497427
14241 0.839625 0.497413
14242 0.839618 0.497385
14243 0.839611 0.497344
14244 0.839605 0.497323
14245 0.8396 0.497319
14246 0.839595 0.497332
14247 0.839577 0.497335
14248 0.839548 0.49733
14249 0.839537 0.497325
14250 0.839527 0.497305
14251 0.839518 0.497272
14252 0.839511 0.497226
14253 0.839504 0.497169
14254 0.839498 0.497102
14255 0.839493 0.497026
14256 0.839504 0.496958
14257 0.839514 0.496911
14258 0.839522 0.496885
14259 0.83953 0.496878
14260 0.839537 0.496886
14261 0.839544 0.49691
14262 0.839549 0.496946
14263 0.839541 0.496971
14264 0.83952 0.496986
14265 0.839488 0.496991
14266 0.839445 0.496987
14267 0.839394 0.496976
14268 0.839363 0.496966
14269 0.839322 0.496948
14270 0.839271 0.496924
14271 0.839213 0.496895
14272 0.83916 0.496884
14273 0.839112 0.49689
14274 0.839068 0.496911
14275 0.839029 0.496945
14276 0.838994 0.496992
14277 0.838978 0.497034
14278 0.838979 0.497071
14279 0.838995 0.497104
14280 0.839026 0.497133
14281 0.83904 0.497151
14282 0.839039 0.497159
14283 0.839054 0.497166
14284 0.839084 0.497172
14285 0.839126 0.497176
14286 0.839179 0.49718
14287 0.839243 0.497183
14288 0.839316 0.497186
14289 0.839397 0.497187
14290 0.839457 0.497181
14291 0.839497 0.497167
14292 0.83955 0.497154
14293 0.839612 0.497141
14294 0.839684 0.49713
14295 0.839764 0.497119
14296 0.839852 0.497109
14297 0.839947 0.4971
14298 0.840048 0.497091
14299 0.840139 0.497099
14300 0.840237 0.497105
14301 0.84034 0.49711
14302 0.840449 0.497115
14303 0.840533 0.497126
14304 0.840624 0.497136
14305 0.840722 0.497145
14306 0.840797 0.497161
14307 0.84085 0.497182
14308 0.840914 0.497202
14309 0.840972 0.497234
14310 0.841024 0.49728
14311 0.841071 0.497336
14312 0.841113 0.497402
14313 0.841138 0.497454
14314 0.841147 0.497492
14315 0.841141 0.497519
14316 0.841123 0.497535
14317 0.841093 0.497541
14318 0.841066 0.497531
14319 0.841042 0.497506
14320 0.841021 0.497468
14321 0.841001 0.497419
14322 0.840984 0.49739
14323 0.840969 0.497379
14324 0.840955 0.497385
14325 0.840942 0.497407
14326 0.840931 0.497441
14327 0.840921 0.497457
14328 0.840912 0.497455
14329 0.840904 0.497438
14330 0.840897 0.497407
14331 0.840891 0.497395
14332 0.840885 0.4974
14333 0.84088 0.497419
14334 0.840875 0.497453
14335 0.840871 0.497499
14336 0.840867 0.497556
14337 0.840863 0.497623
14338 0.84086 0.497698
14339 0.840873 0.497766
14340 0.8409 0.497827
14341 0.84094 0.497882
14342 0.840991 0.49793
14343 0.841038 0.49799
14344 0.841066 0.498036
14345 0.841078 0.498069
14346 0.841075 0.498091
14347 0.841059 0.498103
14348 0.84103 0.498106
14349 0.840991 0.498101
14350 0.840943 0.498089
14351 0.840885 0.49807
14352 0.84082 0.498045
14353 0.840762 0.498038
14354 0.840708 0.498047
14355 0.84066 0.498072
14356 0.840617 0.498109
14357 0.840593 0.498142
14358 0.840588 0.498172
14359 0.840599 0.498198
14360 0.840624 0.498222
14361 0.840633 0.498235
14362 0.840641 0.498231
14363 0.840649 0.498212
14364 0.840656 0.498179
14365 0.840662 0.498134
14366 0.840668 0.498078
14367 0.840673 0.498043
14368 0.840677 0.498027
14369 0.840681 0.498029
14370 0.840684 0.498014
14371 0.840687 0.497986
14372 0.84069 0.497944
14373 0.840693 0.497891
14374 0.840695 0.497828
14375 0.840697 0.497787
14376 0.840699 0.497734
14377 0.840701 0.497702
14378 0.840702 0.497689
14379 0.840703 0.497693
14380 0.840719 0.497696
14381 0.84075 0.497698
14382 0.840793 0.4977
14383 0.840847 0.497701
14384 0.840912 0.497701
14385 0.840986 0.497701
14386 0.841068 0.4977
14387 0.841157 0.497699
14388 0.841253 0.497698
14389 0.841326 0.497704
14390 0.841378 0.497702
14391 0.841412 0.497708
14392 0.841428 0.497705
14393 0.841429 0.497695
14394 0.841417 0.497678
14395 0.841392 0.497654
14396 0.841356 0.497625
14397 0.841311 0.497591
14398 0.841256 0.497553
14399 0.841207 0.497533
14400 0.841163 0.497532
14401 0.841123 0.497546
14402 0.841102 0.497559
14403 0.84107 0.497562
14404 0.841028 0.497556
14405 0.840977 0.497544
14406 0.840947 0.497531
14407 0.840906 0.497513
14408 0.840855 0.497488
14409 0.840826 0.497464
14410 0.840815 0.497443
14411 0.840792 0.497416
14412 0.840786 0.49739
14413 0.840782 0.497383
14414 0.840777 0.497393
14415 0.840773 0.497417
14416 0.84077 0.497454
14417 0.840766 0.497503
14418 0.840763 0.497563
14419 0.840747 0.497609
14420 0.84072 0.497642
14421 0.840681 0.497664
14422 0.840633 0.497675
14423 0.840606 0.497685
14424 0.840597 0.497693
14425 0.840604 0.497699
14426 0.840626 0.497705
14427 0.840662 0.497709
14428 0.84071 0.497712
14429 0.840768 0.497714
14430 0.840837 0.497715
14431 0.840914 0.497715
14432 0.840999 0.497714
14433 0.841062 0.497705
14434 0.841106 0.49769
14435 0.841132 0.497667
14436 0.841141 0.497639
14437 0.841137 0.497605
14438 0.841119 0.497567
14439 0.84109 0.497524
14440 0.84105 0.497478
14441 0.841001 0.497444
14442 0.840973 0.497413
14443 0.840962 0.497384
14444 0.840969 0.497357
14445 0.84099 0.497332
14446 0.840996 0.497318
14447 0.840988 0.497312
14448 0.840967 0.497316
14449 0.840948 0.497334
14450 0.840931 0.497366
14451 0.840915 0.497411
14452 0.840902 0.497467
14453 0.840905 0.497517
14454 0.840923 0.49756
14455 0.840956 0.497599
14456 0.841 0.497633
14457 0.841027 0.497656
14458 0.841038 0.497668
14459 0.841063 0.497679
14460 0.841101 0.497687
14461 0.841152 0.497694
14462 0.841212 0.4977
14463 0.841283 0.497704
14464 0.841362 0.497707
14465 0.841449 0.497708
14466 0.841543 0.497709
14467 0.841613 0.497717
14468 0.841664 0.497733
14469 0.841695 0.497755
14470 0.84171 0.497783
14471 0.84171 0.497816
14472 0.841697 0.497853
14473 0.8417 0.497886
14474 0.841719 0.497915
14475 0.841752 0.49794
14476 0.841797 0.497961
14477 0.841853 0.49798
14478 0.84189 0.497988
14479 0.841909 0.498004
14480 0.841914 0.498026
14481 0.841904 0.498054
14482 0.841882 0.498087
14483 0.841862 0.498101
14484 0.841845 0.498098
14485 0.84183 0.498079
14486 0.841832 0.498062
14487 0.841849 0.498046
14488 0.84188 0.49803
14489 0.841924 0.498015
14490 0.84195 0.498009
14491 0.84196 0.498012
14492 0.841968 0.49803
14493 0.841977 0.498063
14494 0.841984 0.498107
14495 0.842006 0.498146
14496 0.842013 0.498174
14497 0.842005 0.498191
14498 0.842014 0.498205
14499 0.842038 0.498217
14500 0.842045 0.498235
14501 0.842039 0.49826
14502 0.842019 0.49829
14503 0.841988 0.498325
14504 0.841946 0.498365
14505 0.841895 0.498409
14506 0.841836 0.498456
14507 0.841798 0.498498
14508 0.841751 0.498527
14509 0.841694 0.498546
14510 0.841659 0.498562
14511 0.841643 0.498576
14512 0.841645 0.498587
14513 0.841662 0.498596
14514 0.841693 0.498604
14515 0.841736 0.49861
14516 0.841762 0.498623
14517 0.841771 0.498643
14518 0.841795 0.49866
14519 0.841833 0.498674
14520 0.841882 0.498686
14521 0.841913 0.498705
14522 0.841928 0.49873
14523 0.841927 0.498761
14524 0.841913 0.498796
14525 0.841887 0.49882
14526 0.841879 0.49884
14527 0.841858 0.498851
14528 0.841826 0.498853
14529 0.841783 0.498846
14530 0.841732 0.498832
14531 0.841672 0.498812
14532 0.841633 0.498793
14533 0.841614 0.498774
14534 0.841613 0.498757
14535 0.841627 0.49874
14536 0.841626 0.498717
14537 0.841641 0.498694
14538 0.841671 0.498673
14539 0.841683 0.498662
14540 0.841681 0.498661
14541 0.841666 0.498667
14542 0.841639 0.498664
14543 0.841601 0.498654
14544 0.841582 0.498643
14545 0.841552 0.498626
14546 0.841512 0.498602
14547 0.841491 0.498579
14548 0.841459 0.498551
14549 0.841446 0.498524
14550 0.841449 0.498499
14551 0.841468 0.498475
14552 0.841472 0.498462
14553 0.841461 0.498458
14554 0.841439 0.498462
14555 0.841434 0.498465
14556 0.841445 0.498466
14557 0.841471 0.498466
14558 0.84151 0.498464
14559 0.84156 0.498462
14560 0.841592 0.498468
14561 0.841608 0.498481
14562 0.841608 0.498501
14563 0.841595 0.498527
14564 0.84157 0.498559
14565 0.841533 0.498579
14566 0.841487 0.498589
14567 0.841432 0.498591
14568 0.841398 0.498591
14569 0.841383 0.498589
14570 0.841386 0.498587
14571 0.841374 0.498593
14572 0.841351 0.498606
14573 0.841316 0.498626
14574 0.841285 0.498629
14575 0.841257 0.498615
14576 0.841247 0.498602
14577 0.841254 0.498588
14578 0.841276 0.498575
14579 0.841312 0.498561
14580 0.841359 0.498547
14581 0.841418 0.498534
14582 0.841486 0.49852
14583 0.841534 0.4985
14584 0.841564 0.498474
14585 0.841577 0.498442
14586 0.841575 0.498405
14587 0.841589 0.498371
14588 0.841617 0.498339
14589 0.841629 0.498318
14590 0.841627 0.498307
14591 0.84164 0.498296
14592 0.841667 0.498284
14593 0.841708 0.498272
14594 0.84176 0.49826
14595 0.841822 0.498248
14596 0.841894 0.498235
14597 0.841945 0.498215
14598 0.841978 0.49819
14599 0.841994 0.498158
14600 0.842024 0.498128
14601 0.842067 0.4981
14602 0.842121 0.498073
14603 0.842156 0.498056
14604 0.842174 0.498033
14605 0.842177 0.498005
14606 0.842195 0.497977
14607 0.842198 0.49796
14608 0.842217 0.497943
14609 0.84222 0.49792
14610 0.842209 0.497891
14611 0.842186 0.497856
14612 0.842166 0.497841
14613 0.842148 0.497843
14614 0.842132 0.49786
14615 0.842119 0.497892
14616 0.842107 0.497936
14617 0.842082 0.497967
14618 0.842076 0.497994
14619 0.842057 0.49801
14620 0.842056 0.498023
14621 0.842041 0.498026
14622 0.842014 0.498021
14623 0.841977 0.498025
14624 0.841929 0.498035
14625 0.841873 0.498053
14626 0.841838 0.498067
14627 0.841793 0.498088
14628 0.841752 0.49809
14629 0.841716 0.498077
14630 0.841683 0.49805
14631 0.841654 0.498009
14632 0.841628 0.497988
14633 0.841605 0.497985
14634 0.841584 0.497998
14635 0.841565 0.498026
14636 0.841548 0.498066
14637 0.84152 0.498095
14638 0.84148 0.498112
14639 0.841445 0.498144
14640 0.841413 0.498188
14641 0.841371 0.498235
14642 0.841319 0.498286
14643 0.841259 0.498324
14644 0.841192 0.49835
14645 0.841117 0.498365
14646 0.841066 0.498378
14647 0.841036 0.498388
14648 0.841024 0.498395
14649 0.841029 0.4984
14650 0.841049 0.498403
14651 0.841082 0.498404
14652 0.841128 0.498403
14653 0.841185 0.498401
14654 0.841252 0.498397
14655 0.841299 0.498402
14656 0.841327 0.498414
14657 0.841339 0.498433
14658 0.841366 0.498448
14659 0.841405 0.49846
14660 0.841456 0.498469
14661 0.841518 0.498476
14662 0.841589 0.49848
14663 0.841639 0.498476
14664 0.841685 0.498488
14665 0.841726 0.498514
14666 0.841763 0.498554
14667 0.841783 0.498581
14668 0.841787 0.498598
14669 0.841791 0.498629
14670 0.841795 0.498673
14671 0.841785 0.498704
14672 0.841762 0.498725
14673 0.841758 0.498741
14674 0.841769 0.498754
14675 0.841766 0.498774
14676 0.841749 0.4988
14677 0.84175 0.498821
14678 0.841766 0.498838
14679 0.841767 0.498846
14680 0.841754 0.498846
14681 0.841729 0.498837
14682 0.841693 0.498838
14683 0.841647 0.498846
14684 0.841592 0.498861
14685 0.841529 0.498883
14686 0.841473 0.498918
14687 0.841422 0.498965
14688 0.841376 0.498992
14689 0.84135 0.499014
14690 0.841342 0.499033
14691 0.841351 0.499048
14692 0.841375 0.49906
14693 0.841412 0.499069
14694 0.84146 0.499075
14695 0.84152 0.499079
14696 0.841573 0.499099
14697 0.841621 0.499132
14698 0.841651 0.499154
14699 0.841664 0.499166
14700 0.841663 0.499168
14701 0.841677 0.499169
14702 0.841705 0.499168
14703 0.841746 0.499165
14704 0.841799 0.499161
14705 0.841846 0.499173
14706 0.841889 0.4992
14707 0.841914 0.499232
14708 0.841923 0.499268
14709 0.841917 0.499309
14710 0.841899 0.499338
14711 0.841882 0.49938
14712 0.841853 0.499409
14713 0.841814 0.499428
14714 0.841765 0.499437
14715 0.841707 0.499437
14716 0.841642 0.49943
14717 0.841569 0.499415
14718 0.841504 0.499386
14719 0.841461 0.499359
14720 0.841422 0.49935
14721 0.841387 0.499357
14722 0.841355 0.49938
14723 0.841327 0.499416
14724 0.841317 0.499446
14725 0.841323 0.499473
14726 0.841345 0.499495
14727 0.841364 0.49953
14728 0.841382 0.499547
14729 0.841397 0.499546
14730 0.841412 0.499529
14731 0.841424 0.499498
14732 0.841436 0.499455
14733 0.841447 0.499401
14734 0.841457 0.499336
14735 0.841465 0.499262
14736 0.841474 0.499179
14737 0.841467 0.499113
14738 0.841448 0.499061
14739 0.841417 0.499022
14740 0.841375 0.498995
14741 0.841324 0.498978
14742 0.841293 0.498961
14743 0.841282 0.498945
14744 0.841287 0.498929
14745 0.841307 0.498912
14746 0.841325 0.498913
14747 0.841341 0.49893
14748 0.841356 0.498961
14749 0.841355 0.49898
14750 0.841341 0.49899
14751 0.841328 0.499015
14752 0.841317 0.499053
14753 0.841293 0.499079
14754 0.841258 0.499094
14755 0.841242 0.499107
14756 0.841243 0.499117
14757 0.84126 0.499124
14758 0.841291 0.499129
14759 0.841334 0.499131
14760 0.841389 0.499132
14761 0.841454 0.499132
14762 0.841498 0.499139
14763 0.841525 0.499154
14764 0.841536 0.499175
14765 0.841531 0.499201
14766 0.841514 0.499233
14767 0.841514 0.499261
14768 0.84153 0.499283
14769 0.84153 0.499296
14770 0.841517 0.4993
14771 0.841492 0.499295
14772 0.841469 0.499306
14773 0.841449 0.499332
14774 0.841431 0.499371
14775 0.841415 0.499422
14776 0.8414 0.499483
14777 0.841387 0.499554
14778 0.841375 0.499634
14779 0.841365 0.499721
14780 0.841342 0.499792
14781 0.841307 0.499848
14782 0.841263 0.49989
14783 0.841223 0.499944
14784 0.841173 0.499985
14785 0.841115 0.500014
14786 0.841078 0.500038
14787 0.841045 0.500045
14788 0.841015 0.500035
14789 0.840988 0.50001
14790 0.840963 0.499972
14791 0.840941 0.499922
14792 0.840922 0.499893
14793 0.840904 0.499882
14794 0.840888 0.499889
14795 0.840874 0.49991
14796 0.840861 0.499945
14797 0.840849 0.499961
14798 0.840838 0.499959
14799 0.840829 0.499974
14800 0.84082 0.500002
14801 0.840813 0.500044
14802 0.840806 0.500097
14803 0.840799 0.500129
14804 0.840794 0.500142
14805 0.840788 0.500138
14806 0.840784 0.500119
14807 0.840779 0.500117
14808 0.840775 0.500132
14809 0.840772 0.50016
14810 0.840768 0.50017
14811 0.840765 0.500163
14812 0.840763 0.500142
14813 0.840746 0.500114
14814 0.840718 0.500082
14815 0.840679 0.500045
14816 0.84063 0.500004
14817 0.840573 0.499959
14818 0.840507 0.499911
14819 0.840435 0.49986
14820 0.840356 0.499806
14821 0.840271 0.49975
14822 0.840181 0.499692
14823 0.840116 0.499638
14824 0.840072 0.499588
14825 0.84002 0.499535
14826 0.839959 0.49948
14827 0.839904 0.499446
14828 0.839855 0.499431
14829 0.839811 0.499433
14830 0.839757 0.499428
14831 0.839695 0.499415
14832 0.83964 0.499387
14833 0.839605 0.499361
14834 0.839589 0.499337
14835 0.839591 0.499313
14836 0.839608 0.49929
14837 0.839639 0.499268
14838 0.839682 0.499247
14839 0.839708 0.499236
14840 0.839731 0.499241
14841 0.839752 0.499262
14842 0.839772 0.499297
14843 0.839789 0.499312
14844 0.839804 0.49931
14845 0.839817 0.499292
14846 0.839829 0.499261
14847 0.839839 0.499217
14848 0.839848 0.499161
14849 0.839856 0.499127
14850 0.839864 0.499112
14851 0.839871 0.499114
14852 0.839878 0.499132
14853 0.839884 0.499164
14854 0.83989 0.499208
14855 0.839895 0.499263
14856 0.8399 0.499329
14857 0.839905 0.499404
14858 0.839909 0.499456
14859 0.839913 0.499487
14860 0.839915 0.499499
14861 0.839917 0.499494
14862 0.839919 0.499505
14863 0.839921 0.499531
14864 0.839923 0.49957
14865 0.839925 0.499621
14866 0.839927 0.499682
14867 0.839929 0.499753
14868 0.839931 0.499833
14869 0.839932 0.49992
14870 0.839934 0.500015
14871 0.839936 0.500115
14872 0.839937 0.500222
14873 0.839954 0.500316
14874 0.839956 0.500394
14875 0.839943 0.500457
14876 0.839918 0.500506
14877 0.839896 0.500566
14878 0.839875 0.500635
14879 0.839857 0.500682
14880 0.83984 0.500708
14881 0.839824 0.500716
14882 0.83981 0.500708
14883 0.839797 0.500685
14884 0.839785 0.500679
14885 0.839774 0.500659
14886 0.839764 0.500625
14887 0.839754 0.500578
14888 0.839745 0.500521
14889 0.839737 0.500454
14890 0.83973 0.500377
14891 0.839723 0.500293
14892 0.839717 0.500201
14893 0.839711 0.500134
14894 0.839706 0.50009
14895 0.839701 0.500066
14896 0.839696 0.500028
14897 0.839679 0.499987
14898 0.839649 0.499942
14899 0.839608 0.499894
14900 0.839572 0.499867
14901 0.839554 0.499841
14902 0.839539 0.499833
14903 0.839524 0.499842
14904 0.839511 0.499866
14905 0.839515 0.499886
14906 0.839535 0.499904
14907 0.839538 0.499911
14908 0.839557 0.499917
14909 0.83959 0.499922
14910 0.839635 0.499924
14911 0.839661 0.499919
14912 0.839685 0.49993
14913 0.839707 0.499925
14914 0.839725 0.499904
14915 0.839742 0.499869
14916 0.839757 0.499822
14917 0.83977 0.499796
14918 0.839782 0.499788
14919 0.839792 0.499797
14920 0.839801 0.49982
14921 0.839809 0.499857
14922 0.839816 0.499874
14923 0.839822 0.499874
14924 0.839827 0.499858
14925 0.839832 0.499859
14926 0.839835 0.499845
14927 0.839838 0.499816
14928 0.839841 0.499806
14929 0.839843 0.499813
14930 0.839845 0.499835
14931 0.839846 0.49987
14932 0.839847 0.499917
14933 0.839863 0.499959
14934 0.839894 0.499995
14935 0.839937 0.500027
14936 0.839992 0.500055
14937 0.840056 0.500079
14938 0.84013 0.5001
14939 0.840213 0.500117
14940 0.840302 0.500132
14941 0.840383 0.500161
14942 0.840455 0.500203
14943 0.840506 0.500233
14944 0.840539 0.500252
14945 0.840554 0.500262
14946 0.840555 0.500263
14947 0.840541 0.500256
14948 0.840529 0.500234
14949 0.840518 0.500199
14950 0.840508 0.500183
14951 0.840499 0.500184
14952 0.840491 0.500201
14953 0.840483 0.500231
14954 0.840476 0.500243
14955 0.840469 0.50027
14956 0.840463 0.500309
14957 0.840458 0.500361
14958 0.840453 0.500423
14959 0.840435 0.50047
14960 0.840405 0.500506
14961 0.840365 0.50053
14962 0.840344 0.500551
14963 0.840311 0.500562
14964 0.840268 0.500564
14965 0.840216 0.500559
14966 0.840185 0.500553
14967 0.840156 0.500563
14968 0.840131 0.500588
14969 0.840108 0.500595
14970 0.840087 0.500585
14971 0.840068 0.500561
14972 0.84005 0.500555
14973 0.840034 0.500565
14974 0.84002 0.50059
14975 0.840007 0.500628
14976 0.839995 0.500678
14977 0.839984 0.500739
14978 0.839975 0.500809
14979 0.839965 0.500856
14980 0.839957 0.500915
14981 0.839965 0.500967
14982 0.839988 0.501013
14983 0.840009 0.501069
14984 0.840027 0.501136
14985 0.84003 0.501189
14986 0.840019 0.501228
14987 0.840008 0.50128
14988 0.839985 0.501318
14989 0.839951 0.501345
14990 0.839906 0.501362
14991 0.839866 0.501393
14992 0.839829 0.501405
14993 0.839796 0.501401
14994 0.839766 0.50138
14995 0.839738 0.501347
14996 0.839713 0.501301
14997 0.83969 0.501243
14998 0.83967 0.501208
14999 0.839651 0.501191
15000 0.839634 0.501192
