14000 0.744269 0.320789
14001 0.744263 0.320769
14002 0.744257 0.320735
14003 0.744251 0.320689
14004 0.744246 0.320632
14005 0.744241 0.320565
14006 0.744235 0.32052
14007 0.744228 0.320496
14008 0.744222 0.320458
14009 0.74423 0.320432
14010 0.744237 0.320392
14011 0.744257 0.320365
14012 0.744274 0.320324
14013 0.74429 0.320272
14014 0.744317 0.320233
14015 0.744355 0.320206
14016 0.744389 0.320166
14017 0.74442 0.320114
14018 0.744432 0.320068
14019 0.744427 0.320027
14020 0.744407 0.319991
14021 0.744373 0.319959
14022 0.744343 0.319915
14023 0.744329 0.319883
14024 0.744316 0.319839
14025 0.744303 0.319814
14026 0.744291 0.319808
14027 0.744279 0.319817
14028 0.744267 0.319811
14029 0.744257 0.319789
14030 0.744247 0.319754
14031 0.744238 0.319706
14032 0.744229 0.319648
14033 0.74422 0.319612
14034 0.744212 0.319563
14035 0.744204 0.319535
14036 0.744195 0.319525
14037 0.744201 0.319524
14038 0.744219 0.319531
14039 0.74425 0.319544
14040 0.74429 0.319565
14041 0.744341 0.319591
14042 0.744399 0.319622
14043 0.744437 0.31965
14044 0.744455 0.319676
14045 0.744455 0.319701
14046 0.74444 0.319723
14047 0.744427 0.319727
14048 0.744414 0.319716
14049 0.744402 0.319689
14050 0.744391 0.319682
14051 0.74438 0.31969
14052 0.744369 0.319713
14053 0.744357 0.31975
14054 0.744347 0.319767
14055 0.744338 0.319767
14056 0.744328 0.319782
14057 0.74432 0.319781
14058 0.744311 0.319763
14059 0.744304 0.319732
14060 0.744296 0.31972
14061 0.744289 0.319693
14062 0.744282 0.319654
14063 0.744275 0.319603
14064 0.744283 0.319549
14065 0.744303 0.319493
14066 0.744335 0.319434
14067 0.744348 0.319382
14068 0.744359 0.319351
14069 0.744368 0.319338
14070 0.744374 0.319342
14071 0.744379 0.319361
14072 0.744383 0.319394
14073 0.744384 0.319439
14074 0.744386 0.319464
14075 0.744387 0.319471
14076 0.744387 0.319462
14077 0.744387 0.319438
14078 0.744387 0.319401
14079 0.744386 0.319351
14080 0.744385 0.319291
14081 0.744384 0.319222
14082 0.744382 0.319144
14083 0.74438 0.319089
14084 0.744376 0.319055
14085 0.744372 0.31904
14086 0.744382 0.319019
14087 0.744404 0.318992
14088 0.744409 0.318969
14089 0.744412 0.318963
14090 0.744413 0.318973
14091 0.744414 0.318998
14092 0.744398 0.319021
14093 0.744384 0.319026
14094 0.744371 0.319015
14095 0.744358 0.318989
14096 0.744346 0.31895
14097 0.744335 0.3189
14098 0.744339 0.318846
14099 0.744327 0.318799
14100 0.744329 0.318748
14101 0.744345 0.318695
14102 0.744358 0.318663
14103 0.744368 0.318649
14104 0.744377 0.318653
14105 0.744383 0.318671
14106 0.744402 0.31868
14107 0.744419 0.318673
14108 0.744419 0.318667
14109 0.744403 0.318661
14110 0.744373 0.318656
14111 0.744344 0.318668
14112 0.744318 0.318693
14113 0.744293 0.318732
14114 0.744284 0.318759
14115 0.744289 0.318776
14116 0.744293 0.318807
14117 0.744295 0.31885
14118 0.744296 0.318873
14119 0.744297 0.318879
14120 0.744297 0.318868
14121 0.744296 0.318842
14122 0.744295 0.318835
14123 0.744293 0.318813
14124 0.74429 0.318808
14125 0.744271 0.318805
14126 0.744254 0.318786
14127 0.744238 0.318753
14128 0.744224 0.318708
14129 0.744209 0.318683
14130 0.74421 0.318653
14131 0.744223 0.318618
14132 0.74425 0.318579
14133 0.744287 0.318536
14134 0.744333 0.31849
14135 0.74436 0.318448
14136 0.744383 0.318426
14137 0.744402 0.318422
14138 0.744418 0.318434
14139 0.744431 0.31846
14140 0.744441 0.318499
14141 0.74445 0.318518
14142 0.744457 0.318552
14143 0.744462 0.318597
14144 0.744465 0.318653
14145 0.744466 0.31872
14146 0.744467 0.318764
14147 0.744467 0.318788
14148 0.744467 0.318794
14149 0.744466 0.318784
14150 0.744465 0.318759
14151 0.744477 0.318729
14152 0.744487 0.318718
14153 0.744509 0.3187
14154 0.744543 0.318676
14155 0.744572 0.31867
14156 0.744597 0.318681
14157 0.744619 0.318705
14158 0.744636 0.318743
14159 0.744652 0.318762
14160 0.744666 0.318763
14161 0.744678 0.318748
14162 0.744688 0.318719
14163 0.744697 0.318678
14164 0.744689 0.318641
14165 0.744667 0.318607
14166 0.744631 0.318578
14167 0.744583 0.318551
14168 0.744525 0.318528
14169 0.744472 0.318491
14170 0.744423 0.318442
14171 0.74438 0.318383
14172 0.744339 0.318345
14173 0.744301 0.318326
14174 0.744265 0.318325
14175 0.744232 0.318339
14176 0.744215 0.31836
14177 0.744213 0.318387
14178 0.744226 0.318418
14179 0.74425 0.318454
14180 0.744286 0.318495
14181 0.744317 0.318515
14182 0.744345 0.318518
14183 0.74437 0.318505
14184 0.744392 0.318478
14185 0.744411 0.318469
14186 0.744426 0.318477
14187 0.744424 0.318484
14188 0.744407 0.31849
14189 0.74439 0.318511
14190 0.744359 0.31853
14191 0.744345 0.318555
14192 0.744346 0.318586
14193 0.74436 0.318621
14194 0.744372 0.318668
14195 0.744381 0.318725
14196 0.74439 0.318762
14197 0.744397 0.318779
14198 0.744403 0.318779
14199 0.744408 0.318763
14200 0.744412 0.318733
14201 0.744415 0.318691
14202 0.744417 0.318668
14203 0.744403 0.318648
14204 0.744375 0.31863
14205 0.744334 0.318614
14206 0.744282 0.318599
14207 0.744248 0.318579
14208 0.744231 0.318553
14209 0.74423 0.318521
14210 0.744242 0.318485
14211 0.744267 0.318445
14212 0.744303 0.318401
14213 0.744348 0.318354
14214 0.744388 0.318327
14215 0.744423 0.318319
14216 0.744455 0.318295
14217 0.744482 0.318259
14218 0.744506 0.31821
14219 0.744527 0.318182
14220 0.744545 0.318172
14221 0.74456 0.318179
14222 0.744572 0.318201
14223 0.744582 0.318236
14224 0.74459 0.318283
14225 0.744597 0.31831
14226 0.744603 0.318319
14227 0.744606 0.318342
14228 0.744609 0.318379
14229 0.74461 0.318427
14230 0.74461 0.318486
14231 0.744609 0.318555
14232 0.744607 0.318633
14233 0.744605 0.318687
14234 0.744603 0.31872
14235 0.7446 0.318735
14236 0.744597 0.318732
14237 0.744593 0.318745
14238 0.744589 0.318772
14239 0.744584 0.318812
14240 0.744578 0.318864
14241 0.744573 0.318895
14242 0.744566 0.318939
14243 0.74456 0.318962
14244 0.744555 0.318968
14245 0.744549 0.318957
14246 0.744543 0.318932
14247 0.744537 0.318894
14248 0.744545 0.318852
14249 0.744566 0.318806
14250 0.744599 0.318758
14251 0.744642 0.318707
14252 0.744694 0.318653
14253 0.744755 0.318597
14254 0.744808 0.318562
14255 0.744855 0.318546
14256 0.744897 0.318548
14257 0.744919 0.318549
14258 0.744923 0.318551
14259 0.744911 0.318552
14260 0.744899 0.31857
14261 0.744887 0.318601
14262 0.744876 0.318613
14263 0.744866 0.318608
14264 0.744856 0.318589
14265 0.744846 0.318555
14266 0.744837 0.31851
14267 0.744828 0.318484
14268 0.744819 0.318477
14269 0.74481 0.318455
14270 0.744801 0.318419
14271 0.744792 0.318403
14272 0.744783 0.318404
14273 0.744774 0.31842
14274 0.744766 0.318419
14275 0.744757 0.318403
14276 0.744749 0.318372
14277 0.744741 0.318329
14278 0.744733 0.318275
14279 0.744725 0.318242
14280 0.744718 0.318196
14281 0.74471 0.318139
14282 0.744703 0.318073
14283 0.744695 0.318029
14284 0.744687 0.318004
14285 0.744679 0.317998
14286 0.74467 0.317977
14287 0.744662 0.317942
14288 0.744654 0.317895
14289 0.744646 0.317837
14290 0.744639 0.31777
14291 0.744631 0.317693
14292 0.744623 0.317609
14293 0.744615 0.317517
14294 0.744607 0.31745
14295 0.744598 0.317405
14296 0.74459 0.31735
14297 0.744596 0.317307
14298 0.7446 0.317253
14299 0.744604 0.317189
14300 0.744605 0.317147
14301 0.744606 0.317125
14302 0.744605 0.31712
14303 0.744603 0.3171
14304 0.744601 0.317067
14305 0.744597 0.317053
14306 0.744593 0.317055
14307 0.744588 0.317042
14308 0.744582 0.317014
14309 0.744576 0.317005
14310 0.744569 0.317013
14311 0.744562 0.317035
14312 0.744555 0.317039
14313 0.744561 0.317051
14314 0.744581 0.317069
14315 0.744598 0.317069
14316 0.744612 0.317054
14317 0.744623 0.317025
14318 0.744632 0.317014
14319 0.744639 0.31702
14320 0.744644 0.317041
14321 0.744647 0.317076
14322 0.744649 0.317122
14323 0.74465 0.317149
14324 0.744649 0.317157
14325 0.744647 0.317149
14326 0.744645 0.317157
14327 0.744641 0.31718
14328 0.744636 0.317185
14329 0.744631 0.317173
14330 0.744625 0.317148
14331 0.744619 0.317109
14332 0.744612 0.317059
14333 0.744605 0.316998
14334 0.744597 0.316927
14335 0.744589 0.316848
14336 0.74458 0.316793
14337 0.74457 0.316758
14338 0.744576 0.316735
14339 0.744594 0.316721
14340 0.74461 0.316693
14341 0.744622 0.316653
14342 0.744632 0.316601
14343 0.74464 0.316569
14344 0.744645 0.316557
14345 0.744649 0.31653
14346 0.74465 0.31649
14347 0.74465 0.316438
14348 0.744649 0.316408
14349 0.744647 0.316396
14350 0.744643 0.316401
14351 0.744639 0.31642
14352 0.744633 0.316454
14353 0.744627 0.316469
14354 0.744619 0.316466
14355 0.744611 0.316448
14356 0.744602 0.316417
14357 0.744592 0.316373
14358 0.744582 0.316318
14359 0.744586 0.316276
14360 0.744589 0.316253
14361 0.74459 0.316249
14362 0.744589 0.31626
14363 0.744587 0.316286
14364 0.744584 0.316325
14365 0.744579 0.316345
14366 0.744574 0.316347
14367 0.744567 0.316333
14368 0.744559 0.316305
14369 0.74455 0.316264
14370 0.744556 0.316235
14371 0.744575 0.316217
14372 0.744606 0.316207
14373 0.744647 0.316206
14374 0.744699 0.316213
14375 0.744758 0.316227
14376 0.744796 0.316238
14377 0.744815 0.316249
14378 0.744816 0.316257
14379 0.744801 0.316265
14380 0.744772 0.316271
14381 0.744731 0.316277
14382 0.744678 0.316281
14383 0.744628 0.31627
14384 0.744582 0.316244
14385 0.74454 0.316236
14386 0.7445 0.316245
14387 0.744462 0.316268
14388 0.744428 0.316305
14389 0.744394 0.316322
14390 0.744363 0.316322
14391 0.744333 0.316307
14392 0.744304 0.316277
14393 0.744292 0.316258
14394 0.744295 0.316249
14395 0.744311 0.316248
14396 0.744324 0.316232
14397 0.744349 0.316225
14398 0.744385 0.316226
14399 0.744431 0.316235
14400 0.744487 0.316251
14401 0.744535 0.316249
14402 0.744577 0.316263
14403 0.744613 0.316292
14404 0.744645 0.316333
14405 0.744671 0.316354
14406 0.744693 0.316358
14407 0.744712 0.316346
14408 0.744727 0.316319
14409 0.744738 0.316311
14410 0.744748 0.316319
14411 0.744755 0.316311
14412 0.744759 0.316288
14413 0.744762 0.316252
14414 0.744762 0.316203
14415 0.744776 0.316167
14416 0.744788 0.316151
14417 0.744797 0.316151
14418 0.744818 0.316159
14419 0.744836 0.316151
14420 0.744851 0.316127
14421 0.744862 0.316091
14422 0.744871 0.316043
14423 0.744877 0.316015
14424 0.744881 0.316005
14425 0.744884 0.315981
14426 0.744884 0.315944
14427 0.744883 0.315926
14428 0.74488 0.315926
14429 0.744877 0.315941
14430 0.744872 0.315939
14431 0.744865 0.315921
14432 0.744858 0.31589
14433 0.74485 0.315847
14434 0.744841 0.315823
14435 0.744831 0.315817
14436 0.744821 0.315828
14437 0.74481 0.315821
14438 0.744799 0.3158
14439 0.744787 0.315766
14440 0.744774 0.31575
14441 0.744762 0.315752
14442 0.744749 0.315769
14443 0.744736 0.3158
14444 0.744723 0.315844
14445 0.744709 0.315898
14446 0.744695 0.315932
14447 0.744681 0.315947
14448 0.744666 0.315944
14449 0.744651 0.315927
14450 0.744635 0.315895
14451 0.74462 0.315851
14452 0.744603 0.315796
14453 0.744587 0.315731
14454 0.74457 0.315688
14455 0.744554 0.315665
14456 0.744537 0.315629
14457 0.74452 0.31558
14458 0.744503 0.315522
14459 0.744501 0.315476
14460 0.744513 0.315443
14461 0.744538 0.31542
14462 0.744558 0.315415
14463 0.744575 0.315396
14464 0.744587 0.315362
14465 0.744597 0.315317
14466 0.744603 0.31526
14467 0.744607 0.315194
14468 0.744608 0.315119
14469 0.744608 0.315067
14470 0.744606 0.315035
14471 0.744603 0.315023
14472 0.744598 0.314996
14473 0.744591 0.314956
14474 0.744583 0.314936
14475 0.744574 0.314902
14476 0.744565 0.314887
14477 0.74457 0.314882
14478 0.744588 0.314884
14479 0.744618 0.314894
14480 0.744659 0.31491
14481 0.74471 0.314932
14482 0.744753 0.314936
14483 0.74479 0.314925
14484 0.744821 0.314899
14485 0.744847 0.31486
14486 0.744869 0.314809
14487 0.744886 0.314748
14488 0.7449 0.314709
14489 0.74491 0.314689
14490 0.744919 0.314687
14491 0.744924 0.3147
14492 0.744928 0.314697
14493 0.744928 0.314679
14494 0.744927 0.314646
14495 0.744939 0.314625
14496 0.744948 0.31459
14497 0.74497 0.314566
14498 0.744989 0.314559
14499 0.745004 0.314569
14500 0.745015 0.314563
14501 0.745023 0.314573
14502 0.745029 0.314597
14503 0.745033 0.314635
14504 0.745035 0.314684
14505 0.745035 0.314745
14506 0.745033 0.314814
14507 0.74503 0.314893
14508 0.745025 0.314948
14509 0.745018 0.314982
14510 0.74501 0.315028
14511 0.745002 0.315085
14512 0.745008 0.315144
14513 0.745027 0.315204
14514 0.745042 0.315243
14515 0.745054 0.315262
14516 0.745078 0.315287
14517 0.745098 0.315293
14518 0.745113 0.315283
14519 0.745125 0.315259
14520 0.745149 0.315245
14521 0.745185 0.315239
14522 0.745216 0.315218
14523 0.74524 0.315184
14524 0.74526 0.315137
14525 0.745277 0.315111
14526 0.74529 0.315103
14527 0.7453 0.315112
14528 0.745307 0.315104
14529 0.745311 0.315081
14530 0.745312 0.315046
14531 0.745311 0.314998
14532 0.745308 0.314939
14533 0.745303 0.314871
14534 0.745297 0.314825
14535 0.745289 0.3148
14536 0.745296 0.314784
14537 0.745301 0.314754
14538 0.745302 0.314712
14539 0.745302 0.314658
14540 0.7453 0.314625
14541 0.745296 0.314612
14542 0.745291 0.314615
14543 0.745285 0.314633
14544 0.745293 0.314657
14545 0.745298 0.314663
14546 0.745301 0.314652
14547 0.745302 0.314628
14548 0.7453 0.314621
14549 0.745297 0.31463
14550 0.745293 0.314623
14551 0.745286 0.314602
14552 0.745279 0.314566
14553 0.745269 0.314519
14554 0.745259 0.314492
14555 0.745264 0.314475
14556 0.745283 0.314467
14557 0.745314 0.314466
14558 0.745355 0.314473
14559 0.745407 0.314486
14560 0.745467 0.314505
14561 0.745519 0.314538
14562 0.745565 0.314583
14563 0.745605 0.314639
14564 0.745638 0.314674
14565 0.745666 0.31469
14566 0.745689 0.314689
14567 0.745707 0.314672
14568 0.745722 0.314673
14569 0.745734 0.314658
14570 0.745742 0.314629
14571 0.745763 0.31461
14572 0.745781 0.314608
14573 0.745795 0.314623
14574 0.745806 0.31462
14575 0.745813 0.314602
14576 0.745817 0.31457
14577 0.745819 0.314526
14578 0.745819 0.31447
14579 0.745816 0.314405
14580 0.745827 0.314353
14581 0.745852 0.314313
14582 0.745888 0.314284
14583 0.745935 0.314265
14584 0.745975 0.314232
14585 0.746009 0.314187
14586 0.746037 0.31413
14587 0.746061 0.314064
14588 0.74608 0.31402
14589 0.746096 0.313996
14590 0.746109 0.313959
14591 0.746118 0.31391
14592 0.746124 0.313851
14593 0.746128 0.313782
14594 0.74613 0.313704
14595 0.74613 0.313649
14596 0.746128 0.313616
14597 0.746125 0.313602
14598 0.746121 0.313604
14599 0.746115 0.313591
14600 0.746108 0.313563
14601 0.7461 0.313523
14602 0.746091 0.313471
14603 0.746081 0.313409
14604 0.746086 0.31336
14605 0.746105 0.313322
14606 0.74612 0.313304
14607 0.746132 0.313272
14608 0.746141 0.313228
14609 0.746147 0.313172
14610 0.74615 0.313106
14611 0.746151 0.313032
14612 0.746151 0.31298
14613 0.746165 0.312941
14614 0.746191 0.312912
14615 0.746229 0.312892
14616 0.746278 0.312881
14617 0.74632 0.312856
14618 0.746355 0.312818
14619 0.746372 0.312782
14620 0.746371 0.312749
14621 0.746354 0.312718
14622 0.746324 0.312689
14623 0.746311 0.31267
14624 0.746313 0.312659
14625 0.746314 0.312634
14626 0.746312 0.312595
14627 0.746309 0.312545
14628 0.746304 0.312484
14629 0.746314 0.312436
14630 0.746337 0.3124
14631 0.746356 0.312351
14632 0.746371 0.312292
14633 0.746383 0.312223
14634 0.746408 0.312168
14635 0.746444 0.312124
14636 0.746492 0.312092
14637 0.746549 0.312069
14638 0.746598 0.312033
14639 0.746641 0.311985
14640 0.746678 0.311926
14641 0.746709 0.311858
14642 0.746736 0.31178
14643 0.746758 0.311695
14644 0.746776 0.311603
14645 0.746791 0.311504
14646 0.746819 0.311422
14647 0.746858 0.311354
14648 0.746908 0.311299
14649 0.746967 0.311256
14650 0.747018 0.311202
14651 0.747063 0.311137
14652 0.747102 0.311063
14653 0.747135 0.310982
14654 0.747164 0.310892
14655 0.747188 0.310828
14656 0.747209 0.310785
14657 0.747226 0.310762
14658 0.74724 0.310726
14659 0.74725 0.310678
14660 0.747259 0.310619
14661 0.747264 0.31055
14662 0.747268 0.310473
14663 0.74727 0.310387
14664 0.747286 0.310317
14665 0.747314 0.310259
14666 0.747355 0.310213
14667 0.74739 0.310156
14668 0.747419 0.310089
14669 0.747445 0.310045
14670 0.747466 0.31002
14671 0.747484 0.309983
14672 0.747498 0.309933
14673 0.747509 0.309873
14674 0.747517 0.309804
14675 0.747523 0.309725
14676 0.747527 0.30967
14677 0.747529 0.309637
14678 0.747529 0.309622
14679 0.747528 0.309593
14680 0.747525 0.309551
14681 0.747521 0.309498
14682 0.747516 0.309435
14683 0.74751 0.309363
14684 0.747502 0.309313
14685 0.747495 0.309284
14686 0.747486 0.309273
14687 0.747477 0.309248
14688 0.747467 0.30921
14689 0.747456 0.30916
14690 0.747445 0.309099
14691 0.747434 0.309029
14692 0.747422 0.30895
14693 0.747409 0.308863
14694 0.747413 0.308791
14695 0.74743 0.308733
14696 0.747444 0.308664
14697 0.747455 0.308587
14698 0.747464 0.308502
14699 0.747469 0.308409
14700 0.747473 0.308311
14701 0.747491 0.308228
14702 0.747521 0.308159
14703 0.747563 0.308103
14704 0.747616 0.308059
14705 0.747677 0.308025
14706 0.747747 0.308
14707 0.747809 0.307993
14708 0.747849 0.307984
14709 0.74787 0.307974
14710 0.747873 0.307961
14711 0.74786 0.307947
14712 0.747833 0.307931
14713 0.747793 0.307915
14714 0.747772 0.307905
14715 0.747768 0.307902
14716 0.747779 0.307906
14717 0.747803 0.307915
14718 0.747823 0.307907
14719 0.74784 0.307884
14720 0.747853 0.307848
14721 0.747863 0.3078
14722 0.747856 0.307754
14723 0.747835 0.30771
14724 0.747831 0.307676
14725 0.747842 0.307651
14726 0.747866 0.307634
14727 0.747902 0.307625
14728 0.747933 0.307601
14729 0.74796 0.307564
14730 0.747982 0.307514
14731 0.748001 0.307455
14732 0.748016 0.307385
14733 0.748028 0.307307
14734 0.748037 0.307221
14735 0.748043 0.307128
14736 0.748048 0.307029
14737 0.74805 0.306924
14738 0.748051 0.306845
14739 0.74805 0.30679
14740 0.748049 0.306756
14741 0.748046 0.306741
14742 0.748042 0.306711
14743 0.748037 0.30667
14744 0.748031 0.306616
14745 0.748023 0.306553
14746 0.748015 0.30648
14747 0.748022 0.30642
14748 0.748043 0.306371
14749 0.748061 0.306312
14750 0.748075 0.306243
14751 0.748102 0.306186
14752 0.748141 0.306141
14753 0.748175 0.306084
14754 0.748204 0.306018
14755 0.748228 0.305942
14756 0.748249 0.305859
14757 0.748265 0.305768
14758 0.748295 0.305691
14759 0.74832 0.305638
14760 0.748342 0.305606
14761 0.74836 0.305562
14762 0.748374 0.305506
14763 0.748386 0.30544
14764 0.748394 0.305366
14765 0.7484 0.305283
14766 0.748404 0.305192
14767 0.748405 0.305095
14768 0.748405 0.304993
14769 0.748403 0.304884
14770 0.7484 0.304772
14771 0.748411 0.304675
14772 0.748436 0.304594
14773 0.748474 0.304526
14774 0.748506 0.304449
14775 0.748533 0.304364
14776 0.748555 0.304273
14777 0.748574 0.304206
14778 0.748589 0.30413
14779 0.748602 0.304077
14780 0.748611 0.304014
14781 0.748617 0.303942
14782 0.748621 0.303861
14783 0.748623 0.303773
14784 0.748623 0.303678
14785 0.74862 0.303577
14786 0.748616 0.303471
14787 0.748627 0.30338
14788 0.748652 0.303303
14789 0.748689 0.30324
14790 0.748721 0.303167
14791 0.748748 0.303086
14792 0.74877 0.303029
14793 0.74879 0.302993
14794 0.748806 0.302976
14795 0.748819 0.302976
14796 0.74883 0.302961
14797 0.748837 0.302932
14798 0.748829 0.302902
14799 0.748836 0.30288
14800 0.748827 0.302855
14801 0.748834 0.302839
14802 0.748826 0.302819
14803 0.748833 0.302807
14804 0.748837 0.30278
14805 0.748826 0.302752
14806 0.748801 0.302722
14807 0.748777 0.302711
14808 0.748771 0.302707
14809 0.74878 0.302707
14810 0.748802 0.302713
14811 0.748838 0.302723
14812 0.748868 0.302717
14813 0.748894 0.302695
14814 0.748915 0.30266
14815 0.748949 0.302634
14816 0.748994 0.302615
14817 0.74902 0.302594
14818 0.749028 0.302571
14819 0.749021 0.302546
14820 0.748998 0.302519
14821 0.748993 0.3025
14822 0.749004 0.302488
14823 0.748998 0.302472
14824 0.748978 0.302455
14825 0.748974 0.302443
14826 0.748956 0.302429
14827 0.748955 0.302421
14828 0.748938 0.30241
14829 0.748908 0.302396
14830 0.748896 0.302388
14831 0.7489 0.302386
14832 0.748888 0.30238
14833 0.748863 0.302371
14834 0.748855 0.302368
14835 0.748862 0.302369
14836 0.748854 0.302367
14837 0.748861 0.30237
14838 0.748883 0.302378
14839 0.748917 0.302389
14840 0.748963 0.302405
14841 0.749019 0.302424
14842 0.749054 0.302437
14843 0.749071 0.302445
14844 0.749071 0.302448
14845 0.749085 0.302456
14846 0.749113 0.302467
14847 0.749154 0.302483
14848 0.749205 0.302502
14849 0.749266 0.302523
14850 0.749319 0.302527
14851 0.749366 0.302515
14852 0.749407 0.302489
14853 0.749443 0.302449
14854 0.749474 0.302398
14855 0.749487 0.302348
14856 0.749483 0.302298
14857 0.749464 0.30225
14858 0.749447 0.30219
14859 0.749446 0.302142
14860 0.74946 0.302102
14861 0.749487 0.302071
14862 0.749527 0.302048
14863 0.749562 0.302011
14864 0.749593 0.301962
14865 0.749619 0.301903
14866 0.749657 0.301854
14867 0.749691 0.301794
14868 0.749719 0.301724
14869 0.749744 0.301646
14870 0.749766 0.30156
14871 0.749783 0.301467
14872 0.749815 0.301387
14873 0.749858 0.30132
14874 0.749895 0.301244
14875 0.749928 0.30116
14876 0.749956 0.301068
14877 0.74998 0.30097
14878 0.750001 0.300866
14879 0.750018 0.300757
14880 0.750048 0.300663
14881 0.750091 0.300582
14882 0.750128 0.300494
14883 0.75016 0.300399
14884 0.750187 0.300298
14885 0.750211 0.300223
14886 0.750231 0.30017
14887 0.750249 0.300139
14888 0.750263 0.300127
14889 0.750275 0.3001
14890 0.750285 0.30006
14891 0.750292 0.30004
14892 0.750298 0.300037
14893 0.750302 0.300051
14894 0.750305 0.300079
14895 0.750306 0.300088
14896 0.750306 0.300081
14897 0.750304 0.300059
14898 0.750302 0.300023
14899 0.750298 0.300007
14900 0.750294 0.299976
14901 0.750288 0.299933
14902 0.750282 0.299879
14903 0.750275 0.299814
14904 0.750268 0.299772
14905 0.75026 0.299718
14906 0.750252 0.299654
14907 0.750243 0.299581
14908 0.750234 0.299499
14909 0.750224 0.299441
14910 0.750215 0.299405
14911 0.750205 0.299388
14912 0.750195 0.299357
14913 0.750184 0.299313
14914 0.750174 0.29929
14915 0.750163 0.299284
14916 0.750153 0.299295
14917 0.750142 0.299321
14918 0.750132 0.299359
14919 0.750121 0.29941
14920 0.75011 0.29944
14921 0.750098 0.299451
14922 0.750086 0.299445
14923 0.750074 0.299456
14924 0.750062 0.29945
14925 0.750049 0.299429
14926 0.750053 0.299414
14927 0.750071 0.299404
14928 0.750086 0.29938
14929 0.750098 0.299343
14930 0.750107 0.299325
14931 0.750114 0.299293
14932 0.750119 0.299249
14933 0.750121 0.299193
14934 0.750122 0.299159
14935 0.750121 0.299113
14936 0.750119 0.299087
14937 0.750115 0.299048
14938 0.75011 0.298997
14939 0.750104 0.298936
14940 0.750096 0.298865
14941 0.750088 0.298786
14942 0.750079 0.29873
14943 0.750086 0.298684
14944 0.750108 0.298646
14945 0.750126 0.298597
14946 0.750139 0.298537
14947 0.75015 0.298467
14948 0.750158 0.298389
14949 0.750163 0.298303
14950 0.750165 0.29821
14951 0.750167 0.298142
14952 0.750167 0.298096
14953 0.750165 0.298071
14954 0.750163 0.298064
14955 0.75016 0.298073
14956 0.750156 0.298097
14957 0.750151 0.298103
14958 0.750144 0.298093
14959 0.750137 0.2981
14960 0.750129 0.298121
14961 0.750121 0.298156
14962 0.750113 0.298203
14963 0.750103 0.29823
14964 0.750093 0.298239
14965 0.750082 0.298231
14966 0.750071 0.29824
14967 0.75006 0.298263
14968 0.750048 0.298268
14969 0.750035 0.298258
14970 0.750022 0.298232
14971 0.750008 0.298194
14972 0.749993 0.298144
14973 0.749979 0.298115
14974 0.749965 0.298104
14975 0.749951 0.29811
14976 0.749936 0.298099
14977 0.749921 0.298075
14978 0.749906 0.298037
14979 0.74989 0.297987
14980 0.749874 0.297958
14981 0.749859 0.297947
14982 0.749843 0.297922
14983 0.749827 0.297884
14984 0.749828 0.297854
14985 0.749826 0.297811
14986 0.749823 0.297757
14987 0.749835 0.297713
14988 0.749844 0.297657
14989 0.74985 0.297592
14990 0.749854 0.297548
14991 0.749856 0.297525
14992 0.749856 0.29752
14993 0.749856 0.29753
14994 0.749854 0.297556
14995 0.749851 0.297594
14996 0.749846 0.297613
14997 0.749839 0.297615
14998 0.749831 0.297601
14999 0.749821 0.297573
15000 0.749811 0.297531
