14000 0.776486 0.50095
14001 0.77653 0.500942
14002 0.776554 0.500935
14003 0.77656 0.50093
14004 0.77655 0.500927
14005 0.776525 0.500925
14006 0.776516 0.500915
14007 0.776492 0.500907
14008 0.776485 0.500892
14009 0.776491 0.500871
14010 0.776481 0.500853
14011 0.776486 0.500829
14012 0.776504 0.500799
14013 0.776534 0.500764
14014 0.776574 0.500725
14015 0.776623 0.500682
14016 0.776652 0.500644
14017 0.776663 0.500611
14018 0.776657 0.500582
14019 0.776665 0.500564
14020 0.776685 0.500555
14021 0.776718 0.500555
14022 0.77676 0.500563
14023 0.776783 0.500571
14024 0.776788 0.500579
14025 0.776777 0.500588
14026 0.77678 0.500587
14027 0.776797 0.500579
14028 0.776796 0.500573
14029 0.77678 0.500569
14030 0.77675 0.500565
14031 0.776707 0.500564
14032 0.776682 0.500554
14033 0.776674 0.500538
14034 0.776679 0.500516
14035 0.776669 0.500496
14036 0.776644 0.50048
14037 0.776635 0.500458
14038 0.77664 0.50043
14039 0.776658 0.500397
14040 0.776688 0.500359
14041 0.776729 0.500317
14042 0.77675 0.500281
14043 0.776753 0.500249
14044 0.776769 0.500228
14045 0.776768 0.500211
14046 0.776752 0.500196
14047 0.776751 0.500191
14048 0.776734 0.500187
14049 0.776703 0.500184
14050 0.77666 0.500183
14051 0.776606 0.500183
14052 0.77657 0.500175
14053 0.776552 0.50016
14054 0.776549 0.500139
14055 0.776559 0.500112
14056 0.776582 0.500079
14057 0.776617 0.500043
14058 0.776632 0.50001
14059 0.77663 0.499982
14060 0.776613 0.499957
14061 0.776581 0.499936
14062 0.776538 0.499918
14063 0.776483 0.499902
14064 0.776418 0.499889
14065 0.776373 0.499869
14066 0.776345 0.499843
14067 0.776305 0.49982
14068 0.776283 0.499808
14069 0.776276 0.499805
14070 0.776283 0.49981
14071 0.776303 0.499823
14072 0.776305 0.499835
14073 0.776321 0.499854
14074 0.776348 0.499863
14075 0.776386 0.499863
14076 0.776434 0.499855
14077 0.77649 0.499841
14078 0.776554 0.499819
14079 0.776625 0.499792
14080 0.776703 0.499759
14081 0.776757 0.499731
14082 0.77679 0.499706
14083 0.776805 0.499685
14084 0.776802 0.499666
14085 0.776784 0.49965
14086 0.776752 0.499636
14087 0.776708 0.499625
14088 0.776681 0.499607
14089 0.776671 0.499582
14090 0.776646 0.499561
14091 0.776608 0.499543
14092 0.776559 0.499527
14093 0.776498 0.499514
14094 0.776457 0.499494
14095 0.776434 0.499469
14096 0.776427 0.499438
14097 0.776405 0.499411
14098 0.776369 0.499387
14099 0.776321 0.499366
14100 0.776292 0.49934
14101 0.776279 0.499309
14102 0.776281 0.499273
14103 0.776296 0.499232
14104 0.776323 0.499188
14105 0.776361 0.49914
14106 0.77638 0.499098
14107 0.776381 0.499061
14108 0.776395 0.499019
14109 0.776422 0.498974
14110 0.776459 0.498925
14111 0.776506 0.498873
14112 0.776533 0.498827
14113 0.77657 0.498794
14114 0.776588 0.498764
14115 0.776589 0.498738
14116 0.776574 0.498715
14117 0.776545 0.498695
14118 0.776503 0.498677
14119 0.776479 0.498653
14120 0.77647 0.498624
14121 0.776447 0.498598
14122 0.776411 0.498575
14123 0.776391 0.498546
14124 0.776387 0.498528
14125 0.776397 0.49852
14126 0.776419 0.498521
14127 0.776452 0.498529
14128 0.776466 0.498538
14129 0.776493 0.498553
14130 0.77653 0.498575
14131 0.776547 0.498595
14132 0.776577 0.498621
14133 0.776588 0.498645
14134 0.776582 0.498667
14135 0.776561 0.498687
14136 0.776527 0.498706
14137 0.776509 0.498715
14138 0.776507 0.498715
14139 0.776518 0.498707
14140 0.776542 0.498692
14141 0.776576 0.49867
14142 0.776592 0.498651
14143 0.776619 0.498642
14144 0.776657 0.498642
14145 0.776676 0.498642
14146 0.776677 0.498643
14147 0.776663 0.498644
14148 0.776663 0.498637
14149 0.776677 0.498623
14150 0.776703 0.498602
14151 0.776711 0.498584
14152 0.776702 0.498569
14153 0.776708 0.498547
14154 0.776726 0.498519
14155 0.776757 0.498487
14156 0.776768 0.498458
14157 0.776792 0.498424
14158 0.776798 0.498394
14159 0.776788 0.498368
14160 0.776763 0.498344
14161 0.776725 0.498324
14162 0.776705 0.498297
14163 0.7767 0.498266
14164 0.776679 0.498238
14165 0.776646 0.498213
14166 0.776629 0.498183
14167 0.776598 0.498156
14168 0.776555 0.498132
14169 0.7765 0.498111
14170 0.776464 0.4981
14171 0.776446 0.498098
14172 0.776413 0.498096
14173 0.776369 0.498095
14174 0.776342 0.498086
14175 0.776331 0.49807
14176 0.776306 0.498055
14177 0.776297 0.49805
14178 0.776302 0.498054
14179 0.776291 0.498057
14180 0.776266 0.49806
14181 0.776227 0.498063
14182 0.776206 0.498074
14183 0.7762 0.498091
14184 0.776209 0.498114
14185 0.77623 0.498143
14186 0.776263 0.498177
14187 0.776276 0.498208
14188 0.776273 0.498236
14189 0.776283 0.498269
14190 0.776306 0.498307
14191 0.776341 0.498349
14192 0.776356 0.498387
14193 0.776354 0.498421
14194 0.776336 0.498453
14195 0.776305 0.498481
14196 0.776261 0.498508
14197 0.776235 0.498523
14198 0.776225 0.498529
14199 0.776229 0.498527
14200 0.776247 0.498517
14201 0.776277 0.4985
14202 0.776317 0.498477
14203 0.776337 0.498457
14204 0.77634 0.498439
14205 0.776327 0.498424
14206 0.776328 0.498417
14207 0.776343 0.49842
14208 0.77637 0.49843
14209 0.776408 0.498447
14210 0.776455 0.49847
14211 0.776511 0.498499
14212 0.776574 0.498533
14213 0.776616 0.498564
14214 0.776667 0.498599
14215 0.776727 0.498624
14216 0.776794 0.498638
14217 0.776868 0.498644
14218 0.776948 0.498641
14219 0.777034 0.49863
14220 0.777125 0.498614
14221 0.77722 0.498591
14222 0.777291 0.49857
14223 0.777338 0.498552
14224 0.777365 0.498536
14225 0.777374 0.498522
14226 0.777367 0.49851
14227 0.777344 0.498499
14228 0.777308 0.498489
14229 0.77726 0.498481
14230 0.777202 0.498473
14231 0.777133 0.498467
14232 0.777056 0.498462
14233 0.777001 0.498449
14234 0.776964 0.498446
14235 0.776944 0.49845
14236 0.77694 0.498463
14237 0.776949 0.498481
14238 0.776971 0.498491
14239 0.777005 0.498491
14240 0.777019 0.498492
14241 0.777017 0.498493
14242 0.777015 0.49851
14243 0.777013 0.498541
14244 0.777024 0.49856
14245 0.777048 0.498571
14246 0.77707 0.498595
14247 0.77709 0.498633
14248 0.777107 0.498683
14249 0.777123 0.498743
14250 0.777122 0.498798
14251 0.777105 0.498848
14252 0.777074 0.498893
14253 0.777031 0.498934
14254 0.777005 0.498963
14255 0.776996 0.498982
14256 0.776988 0.498983
14257 0.776994 0.498977
14258 0.777014 0.498964
14259 0.777045 0.498945
14260 0.777087 0.498919
14261 0.777138 0.498889
14262 0.777168 0.498863
14263 0.77718 0.498839
14264 0.777175 0.498819
14265 0.777155 0.498801
14266 0.777121 0.498785
14267 0.777075 0.498771
14268 0.777018 0.498759
14269 0.776951 0.498749
14270 0.776875 0.49874
14271 0.77682 0.498724
14272 0.776785 0.498718
14273 0.776766 0.498721
14274 0.776762 0.498731
14275 0.776773 0.498748
14276 0.776796 0.498772
14277 0.77683 0.498802
14278 0.776845 0.498829
14279 0.776842 0.498853
14280 0.776825 0.498876
14281 0.776822 0.498889
14282 0.776834 0.498892
14283 0.776858 0.498888
14284 0.776894 0.498877
14285 0.776939 0.498875
14286 0.776993 0.498881
14287 0.777056 0.498894
14288 0.777112 0.498891
14289 0.777163 0.498872
14290 0.777222 0.498863
14291 0.777288 0.498863
14292 0.777349 0.498848
14293 0.777403 0.498818
14294 0.777465 0.498799
14295 0.777535 0.49879
14296 0.777611 0.49879
14297 0.777693 0.498798
14298 0.77778 0.498814
14299 0.777872 0.498836
14300 0.777968 0.498863
14301 0.778068 0.498896
14302 0.778172 0.498934
14303 0.778278 0.498976
14304 0.778359 0.499014
14305 0.778415 0.499048
14306 0.778451 0.49908
14307 0.778467 0.499109
14308 0.778495 0.499143
14309 0.778534 0.499182
14310 0.778582 0.499225
14311 0.77861 0.499264
14312 0.778619 0.499299
14313 0.778612 0.499332
14314 0.77859 0.499362
14315 0.778555 0.499389
14316 0.778507 0.499414
14317 0.778449 0.499437
14318 0.778381 0.499458
14319 0.778333 0.499469
14320 0.778305 0.499472
14321 0.778279 0.49946
14322 0.778256 0.499432
14323 0.778235 0.499392
14324 0.778217 0.499341
14325 0.778201 0.499279
14326 0.778187 0.499207
14327 0.778174 0.499127
14328 0.778176 0.499063
14329 0.778191 0.499014
14330 0.778218 0.498978
14331 0.778255 0.498953
14332 0.778302 0.49894
14333 0.778358 0.498935
14334 0.778422 0.498939
14335 0.778493 0.498951
14336 0.77857 0.49897
14337 0.778653 0.498995
14338 0.778711 0.499018
14339 0.778749 0.499039
14340 0.778766 0.499058
14341 0.778767 0.499075
14342 0.778752 0.499091
14343 0.778751 0.499114
14344 0.778764 0.499142
14345 0.77876 0.499168
14346 0.778741 0.499192
14347 0.778737 0.499221
14348 0.778718 0.499248
14349 0.778685 0.499272
14350 0.778639 0.499295
14351 0.778583 0.499315
14352 0.778517 0.499333
14353 0.778441 0.499351
14354 0.778358 0.499366
14355 0.778296 0.499389
14356 0.778253 0.499417
14357 0.778228 0.499451
14358 0.778219 0.49949
14359 0.778224 0.499533
14360 0.778213 0.499572
14361 0.778217 0.499615
14362 0.778233 0.499663
14363 0.778232 0.499706
14364 0.778244 0.499752
14365 0.778269 0.499803
14366 0.778304 0.499857
14367 0.77832 0.499905
14368 0.778319 0.49995
14369 0.778318 0.499974
14370 0.778317 0.49998
14371 0.778317 0.49997
14372 0.778317 0.499946
14373 0.778318 0.499908
14374 0.778318 0.499858
14375 0.778319 0.499798
14376 0.778333 0.499752
14377 0.778359 0.499718
14378 0.778382 0.499673
14379 0.778417 0.49964
14380 0.778461 0.499619
14381 0.778486 0.4996
14382 0.778521 0.499592
14383 0.778566 0.499592
14384 0.77862 0.499601
14385 0.778682 0.499617
14386 0.778751 0.499639
14387 0.778826 0.499667
14388 0.778908 0.499701
14389 0.778981 0.499716
14390 0.779048 0.499713
14391 0.779108 0.499696
14392 0.779147 0.49968
14393 0.779166 0.499667
14394 0.779168 0.499655
14395 0.779154 0.499645
14396 0.779125 0.499636
14397 0.779084 0.499629
14398 0.779031 0.499623
14399 0.778968 0.499619
14400 0.778925 0.499623
14401 0.778899 0.499634
14402 0.77889 0.499653
14403 0.778865 0.49967
14404 0.778828 0.499686
14405 0.778778 0.499701
14406 0.778747 0.499723
14407 0.778703 0.499743
14408 0.778648 0.499761
14409 0.778583 0.499778
14410 0.778538 0.499802
14411 0.778481 0.499824
14412 0.778444 0.499852
14413 0.778395 0.499878
14414 0.778363 0.499909
14415 0.778349 0.499946
14416 0.778349 0.499987
14417 0.778362 0.500032
14418 0.778359 0.500073
14419 0.77834 0.50011
14420 0.778336 0.500153
14421 0.778317 0.500191
14422 0.778314 0.500234
14423 0.778323 0.500281
14424 0.778346 0.500332
14425 0.778379 0.500386
14426 0.778422 0.500443
14427 0.778474 0.500502
14428 0.778534 0.500564
14429 0.778573 0.500621
14430 0.778592 0.500672
14431 0.778609 0.500703
14432 0.778625 0.500715
14433 0.77864 0.50071
14434 0.778653 0.50069
14435 0.778665 0.500656
14436 0.778677 0.50061
14437 0.778688 0.500553
14438 0.77871 0.50051
14439 0.778744 0.50048
14440 0.778788 0.500461
14441 0.778841 0.500452
14442 0.778872 0.500445
14443 0.778885 0.500439
14444 0.778881 0.500435
14445 0.778862 0.500431
14446 0.778829 0.500429
14447 0.778813 0.500436
14448 0.778811 0.50045
14449 0.778823 0.50047
14450 0.778819 0.50049
14451 0.778799 0.500508
14452 0.778794 0.500533
14453 0.778803 0.500563
14454 0.778825 0.500599
14455 0.778858 0.500639
14456 0.778901 0.500684
14457 0.778953 0.500732
14458 0.779013 0.500784
14459 0.779051 0.500831
14460 0.779099 0.500882
14461 0.779156 0.500936
14462 0.77922 0.500993
14463 0.779262 0.501045
14464 0.779313 0.5011
14465 0.779372 0.501158
14466 0.779439 0.501219
14467 0.779512 0.501282
14468 0.779563 0.501339
14469 0.779592 0.501391
14470 0.779603 0.50144
14471 0.779598 0.501484
14472 0.779577 0.501525
14473 0.779572 0.50157
14474 0.77958 0.501619
14475 0.779601 0.501671
14476 0.77962 0.501702
14477 0.779638 0.501715
14478 0.779654 0.501711
14479 0.779669 0.501691
14480 0.779683 0.501658
14481 0.779696 0.501612
14482 0.779709 0.501556
14483 0.779704 0.501505
14484 0.779684 0.501461
14485 0.77965 0.501422
14486 0.779633 0.501395
14487 0.779632 0.50138
14488 0.779643 0.501374
14489 0.779667 0.501377
14490 0.779701 0.501388
14491 0.779746 0.501406
14492 0.779799 0.50143
14493 0.779832 0.501453
14494 0.779845 0.501475
14495 0.77987 0.501503
14496 0.779907 0.501536
14497 0.779952 0.501574
14498 0.779978 0.501609
14499 0.780014 0.501649
14500 0.780032 0.501686
14501 0.780031 0.50172
14502 0.780015 0.501751
14503 0.779985 0.501781
14504 0.779943 0.501808
14505 0.779888 0.501833
14506 0.779824 0.501857
14507 0.77975 0.501879
14508 0.779697 0.501907
14509 0.779663 0.501941
14510 0.779645 0.50198
14511 0.779643 0.502023
14512 0.779654 0.50207
14513 0.779677 0.502122
14514 0.779711 0.502176
14515 0.779755 0.502233
14516 0.779779 0.502286
14517 0.779784 0.502334
14518 0.779774 0.502378
14519 0.779778 0.502426
14520 0.779795 0.502478
14521 0.779823 0.502533
14522 0.779862 0.502591
14523 0.779881 0.502644
14524 0.779883 0.502693
14525 0.779869 0.502737
14526 0.77984 0.502779
14527 0.779799 0.502817
14528 0.779746 0.502852
14529 0.779683 0.502885
14530 0.77964 0.502923
14531 0.779614 0.502965
14532 0.779575 0.503005
14533 0.779553 0.503049
14534 0.779547 0.503096
14535 0.779554 0.503148
14536 0.779545 0.503195
14537 0.779537 0.503222
14538 0.77953 0.503231
14539 0.779524 0.503223
14540 0.779519 0.5032
14541 0.779514 0.503164
14542 0.779523 0.50314
14543 0.779516 0.503119
14544 0.779493 0.503102
14545 0.779457 0.503087
14546 0.77941 0.503075
14547 0.779351 0.503066
14548 0.779312 0.503066
14549 0.779289 0.503074
14550 0.779282 0.503089
14551 0.77929 0.503111
14552 0.779309 0.50314
14553 0.779327 0.50315
14554 0.779357 0.503167
14555 0.779396 0.503191
14556 0.779446 0.50322
14557 0.779503 0.503255
14558 0.779539 0.503288
14559 0.779585 0.503325
14560 0.77964 0.503368
14561 0.779673 0.503407
14562 0.779688 0.503443
14563 0.779685 0.503477
14564 0.779667 0.503509
14565 0.779635 0.503539
14566 0.779591 0.503567
14567 0.779535 0.503594
14568 0.77947 0.503619
14569 0.779424 0.50365
14570 0.779396 0.503687
14571 0.779384 0.503728
14572 0.779387 0.503773
14573 0.779403 0.503822
14574 0.77943 0.503875
14575 0.779468 0.503931
14576 0.779487 0.503982
14577 0.779517 0.504037
14578 0.779544 0.504071
14579 0.779568 0.504085
14580 0.779591 0.504082
14581 0.779624 0.504088
14582 0.779655 0.504078
14583 0.779695 0.504077
14584 0.779732 0.50406
14585 0.779749 0.504047
14586 0.779749 0.504036
14587 0.779763 0.504035
14588 0.779788 0.504042
14589 0.779824 0.504057
14590 0.77987 0.504078
14591 0.779925 0.504106
14592 0.779958 0.504133
14593 0.779973 0.504158
14594 0.779986 0.504165
14595 0.779999 0.504156
14596 0.780023 0.504156
14597 0.780058 0.504164
14598 0.780103 0.504179
14599 0.780157 0.504202
14600 0.78019 0.504224
14601 0.780204 0.504245
14602 0.78023 0.504272
14603 0.780266 0.504305
14604 0.7803 0.504318
14605 0.78033 0.504315
14606 0.780358 0.504297
14607 0.780384 0.504264
14608 0.780391 0.504237
14609 0.780382 0.504213
14610 0.780358 0.504194
14611 0.780321 0.504178
14612 0.780301 0.504172
14613 0.780297 0.504175
14614 0.780306 0.504185
14615 0.780328 0.504203
14616 0.780332 0.504221
14617 0.78032 0.504238
14618 0.780294 0.504255
14619 0.780254 0.504272
14620 0.780203 0.504289
14621 0.78017 0.504313
14622 0.780155 0.504342
14623 0.780125 0.50437
14624 0.780098 0.50438
14625 0.780074 0.504372
14626 0.780037 0.504368
14627 0.779989 0.504365
14628 0.779929 0.504364
14629 0.77986 0.504365
14630 0.779798 0.50435
14631 0.779756 0.504344
14632 0.779731 0.504348
14633 0.779722 0.504359
14634 0.779727 0.504378
14635 0.779732 0.504379
14636 0.779721 0.504381
14637 0.779695 0.504385
14638 0.779657 0.50439
14639 0.779606 0.504396
14640 0.779545 0.504403
14641 0.779475 0.504411
14642 0.779396 0.504419
14643 0.779338 0.504435
14644 0.7793 0.504458
14645 0.779278 0.504486
14646 0.779272 0.50452
14647 0.77928 0.504559
14648 0.779301 0.504602
14649 0.779304 0.504643
14650 0.779291 0.504681
14651 0.779293 0.504723
14652 0.779307 0.50477
14653 0.779334 0.50482
14654 0.779371 0.504873
14655 0.779418 0.50493
14656 0.779474 0.504989
14657 0.779537 0.50505
14658 0.779607 0.505114
14659 0.779655 0.505173
14660 0.779711 0.505234
14661 0.779775 0.505298
14662 0.779845 0.505364
14663 0.779894 0.505424
14664 0.779921 0.505481
14665 0.779931 0.505533
14666 0.779939 0.505565
14667 0.779947 0.505578
14668 0.779939 0.505591
14669 0.779916 0.505605
14670 0.779909 0.505626
14671 0.779915 0.505652
14672 0.779935 0.505685
14673 0.779952 0.505699
14674 0.779968 0.505695
14675 0.779983 0.505677
14676 0.779996 0.505644
14677 0.779993 0.505617
14678 0.779974 0.505594
14679 0.779941 0.505574
14680 0.779926 0.505566
14681 0.779896 0.505559
14682 0.779853 0.505555
14683 0.779799 0.505553
14684 0.779735 0.505553
14685 0.779662 0.505555
14686 0.779609 0.505565
14687 0.779575 0.505582
14688 0.779558 0.505606
14689 0.779555 0.505636
14690 0.779566 0.505671
14691 0.779577 0.505688
14692 0.779599 0.505711
14693 0.779632 0.50574
14694 0.779676 0.505774
14695 0.779728 0.505814
14696 0.779788 0.505858
14697 0.779856 0.505906
14698 0.779916 0.505934
14699 0.779972 0.505943
14700 0.780021 0.505936
14701 0.780066 0.505913
14702 0.780091 0.505895
14703 0.780098 0.50588
14704 0.780105 0.505851
14705 0.780111 0.505809
14706 0.780116 0.505755
14707 0.780106 0.505709
14708 0.780081 0.505669
14709 0.780042 0.505634
14710 0.780008 0.505587
14711 0.779978 0.50553
14712 0.779935 0.505479
14713 0.77988 0.505435
14714 0.779816 0.505397
14715 0.779771 0.505372
14716 0.779743 0.505357
14717 0.779703 0.505345
14718 0.779652 0.505336
14719 0.779589 0.50533
14720 0.779518 0.505325
14721 0.779467 0.50533
14722 0.779434 0.505342
14723 0.779417 0.505362
14724 0.779402 0.505364
14725 0.779389 0.50535
14726 0.779378 0.505322
14727 0.77938 0.505306
14728 0.779396 0.505299
14729 0.779423 0.505302
14730 0.779461 0.505312
14731 0.779508 0.505331
14732 0.779563 0.505355
14733 0.779613 0.505362
14734 0.779659 0.505353
14735 0.779699 0.505328
14736 0.779736 0.50529
14737 0.77977 0.505241
14738 0.779784 0.505198
14739 0.779781 0.505161
14740 0.779763 0.505129
14741 0.779731 0.505101
14742 0.779687 0.505079
14743 0.779631 0.50506
14744 0.779565 0.505044
14745 0.779519 0.505038
14746 0.779478 0.505018
14747 0.779455 0.505007
14748 0.779446 0.505007
14749 0.779452 0.505014
14750 0.779471 0.50503
14751 0.779501 0.505052
14752 0.779541 0.505081
14753 0.779591 0.505115
14754 0.77962 0.505147
14755 0.77963 0.505178
14756 0.779624 0.505207
14757 0.779631 0.505242
14758 0.779651 0.505282
14759 0.779682 0.505326
14760 0.779695 0.505368
14761 0.779719 0.505414
14762 0.779725 0.505457
14763 0.779744 0.505504
14764 0.779745 0.505549
14765 0.779759 0.505597
14766 0.779756 0.505642
14767 0.779738 0.505685
14768 0.779706 0.505724
14769 0.77969 0.505769
14770 0.779689 0.505818
14771 0.779701 0.50587
14772 0.779696 0.505919
14773 0.779676 0.505965
14774 0.779643 0.506008
14775 0.779597 0.506048
14776 0.77954 0.506086
14777 0.779502 0.506129
14778 0.779481 0.506177
14779 0.779474 0.506228
14780 0.779469 0.506259
14781 0.779448 0.506288
14782 0.779414 0.506316
14783 0.779368 0.506343
14784 0.779326 0.506351
14785 0.779273 0.506361
14786 0.77921 0.50637
14787 0.779153 0.506364
14788 0.779101 0.506342
14789 0.779055 0.506306
14790 0.779014 0.506259
14791 0.778977 0.506201
14792 0.778943 0.506132
14793 0.778913 0.506055
14794 0.778886 0.50597
14795 0.778862 0.505878
14796 0.778841 0.505779
14797 0.778821 0.505675
14798 0.778788 0.505582
14799 0.778743 0.5055
14800 0.778715 0.505435
14801 0.778703 0.505386
14802 0.778676 0.505342
14803 0.778666 0.505312
14804 0.778669 0.505293
14805 0.778685 0.505285
14806 0.778684 0.505279
14807 0.778667 0.505275
14808 0.778636 0.505272
14809 0.778593 0.505271
14810 0.778567 0.505279
14811 0.778557 0.505295
14812 0.778561 0.505317
14813 0.778578 0.505346
14814 0.778593 0.505357
14815 0.778606 0.505351
14816 0.778602 0.505346
14817 0.778583 0.505344
14818 0.778551 0.505343
14819 0.778506 0.505344
14820 0.77845 0.505346
14821 0.778384 0.505349
14822 0.778308 0.505353
14823 0.778225 0.505358
14824 0.778135 0.505365
14825 0.778037 0.505372
14826 0.77795 0.505362
14827 0.777871 0.505338
14828 0.7778 0.505301
14829 0.777735 0.505252
14830 0.777691 0.505216
14831 0.777664 0.505192
14832 0.777639 0.505155
14833 0.777617 0.505106
14834 0.777596 0.505046
14835 0.777591 0.505001
14836 0.7776 0.504969
14837 0.777621 0.504948
14838 0.777653 0.504938
14839 0.777682 0.504913
14840 0.777707 0.504874
14841 0.77773 0.504824
14842 0.77775 0.504764
14843 0.777768 0.504693
14844 0.777784 0.504614
14845 0.777798 0.504527
14846 0.777811 0.504433
14847 0.777822 0.504333
14848 0.777831 0.504227
14849 0.777854 0.50414
14850 0.777887 0.50407
14851 0.77793 0.504015
14852 0.777954 0.503966
14853 0.777959 0.503924
14854 0.777948 0.503887
14855 0.777923 0.503855
14856 0.777914 0.503835
14857 0.777919 0.503824
14858 0.777907 0.503816
14859 0.777911 0.503816
14860 0.777927 0.503825
14861 0.777956 0.503841
14862 0.777965 0.503856
14863 0.777959 0.503871
14864 0.777966 0.503892
14865 0.777986 0.50392
14866 0.777988 0.503946
14867 0.777975 0.50397
14868 0.777976 0.504
14869 0.777991 0.504035
14870 0.777988 0.504068
14871 0.777999 0.504105
14872 0.777993 0.50414
14873 0.777973 0.504172
14874 0.777938 0.504202
14875 0.777892 0.50423
14876 0.777834 0.504256
14877 0.777795 0.504288
14878 0.777774 0.504325
14879 0.777739 0.504359
14880 0.777721 0.504398
14881 0.777718 0.504441
14882 0.7777 0.504481
14883 0.777668 0.504518
14884 0.777624 0.504552
14885 0.777583 0.504567
14886 0.777547 0.504565
14887 0.777513 0.504547
14888 0.777483 0.504516
14889 0.777456 0.504472
14890 0.777444 0.50444
14891 0.777447 0.504421
14892 0.777463 0.504411
14893 0.77749 0.504411
14894 0.777515 0.504396
14895 0.777537 0.504366
14896 0.777556 0.504324
14897 0.777586 0.504294
14898 0.777627 0.504275
14899 0.777648 0.50426
14900 0.777652 0.504247
14901 0.777639 0.504236
14902 0.777612 0.504228
14903 0.777572 0.504222
14904 0.777549 0.504224
14905 0.777542 0.504235
14906 0.777549 0.504253
14907 0.777568 0.504277
14908 0.777599 0.504308
14909 0.77764 0.504344
14910 0.777677 0.50436
14911 0.77771 0.504359
14912 0.777752 0.504367
14913 0.777804 0.504382
14914 0.777835 0.504397
14915 0.777847 0.504411
14916 0.777842 0.504425
14917 0.777823 0.504439
14918 0.777804 0.504436
14919 0.777788 0.504418
14920 0.777773 0.504385
14921 0.777759 0.50434
14922 0.777747 0.504284
14923 0.777749 0.504242
14924 0.77775 0.504189
14925 0.777751 0.504125
14926 0.777752 0.504051
14927 0.777767 0.503994
14928 0.777793 0.50395
14929 0.777829 0.50392
14930 0.777876 0.5039
14931 0.777931 0.503891
14932 0.777994 0.503891
14933 0.778035 0.503892
14934 0.778056 0.503894
14935 0.77806 0.503896
14936 0.778076 0.503907
14937 0.778104 0.503925
14938 0.778143 0.503949
14939 0.778191 0.50398
14940 0.778248 0.504015
14941 0.778283 0.504048
14942 0.778315 0.504062
14943 0.778343 0.504059
14944 0.778369 0.50404
14945 0.778405 0.504032
14946 0.778451 0.504033
14947 0.778476 0.504034
14948 0.778484 0.504037
14949 0.778475 0.50404
14950 0.778451 0.504044
14951 0.778414 0.504048
14952 0.778365 0.504053
14953 0.778334 0.504066
14954 0.77832 0.504086
14955 0.778307 0.504088
14956 0.778295 0.504074
14957 0.778284 0.504046
14958 0.778288 0.504029
14959 0.778304 0.504022
14960 0.778303 0.504016
14961 0.778287 0.504012
14962 0.778256 0.50401
14963 0.778242 0.504015
14964 0.778243 0.504029
14965 0.778228 0.504042
14966 0.778198 0.504055
14967 0.778185 0.504074
14968 0.778158 0.504093
14969 0.778146 0.504118
14970 0.778121 0.504141
14971 0.778111 0.504171
14972 0.778086 0.504198
14973 0.778077 0.504231
14974 0.778053 0.504262
14975 0.778016 0.50429
14976 0.777996 0.504324
14977 0.777992 0.504363
14978 0.777972 0.504399
14979 0.777967 0.50444
14980 0.777947 0.504477
14981 0.777914 0.504512
14982 0.777897 0.504551
14983 0.777895 0.504595
14984 0.777907 0.504643
14985 0.777902 0.504687
14986 0.777897 0.504711
14987 0.777892 0.504717
14988 0.777872 0.504723
14989 0.777839 0.504729
14990 0.777793 0.504736
14991 0.777751 0.504726
14992 0.777698 0.504718
14993 0.77765 0.504695
14994 0.777607 0.504659
14995 0.777581 0.504635
14996 0.77757 0.504621
14997 0.777575 0.504618
14998 0.777591 0.504623
14999 0.77762 0.504636
15000 0.77763 0.504649
