14000 0.811292 0.255335
14001 0.811304 0.255369
14002 0.811315 0.255384
14003 0.811326 0.255382
14004 0.811337 0.255365
14005 0.811349 0.255334
14006 0.81136 0.255322
14007 0.811372 0.255295
14008 0.811366 0.25527
14009 0.811346 0.255248
14010 0.811312 0.255227
14011 0.811283 0.255193
14012 0.811258 0.255146
14013 0.811236 0.25512
14014 0.811218 0.255112
14015 0.811202 0.25512
14016 0.811189 0.255143
14017 0.811179 0.25518
14018 0.811171 0.255197
14019 0.811164 0.255197
14020 0.811159 0.255181
14021 0.811156 0.255151
14022 0.811154 0.255109
14023 0.811154 0.255055
14024 0.811154 0.254992
14025 0.811156 0.25495
14026 0.811158 0.254897
14027 0.811161 0.254864
14028 0.811165 0.254851
14029 0.81117 0.254854
14030 0.811175 0.254873
14031 0.811181 0.254905
14032 0.811187 0.25495
14033 0.811194 0.254974
14034 0.811201 0.254981
14035 0.811209 0.254971
14036 0.811216 0.254978
14037 0.811224 0.255
14038 0.811233 0.255035
14039 0.811241 0.255082
14040 0.81125 0.25514
14041 0.811259 0.255208
14042 0.811268 0.255254
14043 0.811278 0.255311
14044 0.811287 0.255377
14045 0.811297 0.255421
14046 0.811306 0.255477
14047 0.811316 0.255511
14048 0.811326 0.255527
14049 0.811336 0.255525
14050 0.811347 0.255507
14051 0.811357 0.255476
14052 0.811367 0.255432
14053 0.811378 0.255378
14054 0.811389 0.255312
14055 0.811399 0.255238
14056 0.81141 0.255187
14057 0.811421 0.255157
14058 0.811432 0.255145
14059 0.811443 0.25515
14060 0.811453 0.25517
14061 0.811464 0.255172
14062 0.811475 0.25519
14063 0.811486 0.255221
14064 0.811497 0.255265
14065 0.811509 0.25532
14066 0.81152 0.255354
14067 0.811531 0.255369
14068 0.811542 0.255367
14069 0.811553 0.255381
14070 0.811565 0.255409
14071 0.811576 0.25545
14072 0.811587 0.255502
14073 0.811599 0.255533
14074 0.81161 0.255546
14075 0.811622 0.255573
14076 0.811633 0.255582
14077 0.811645 0.255605
14078 0.811656 0.255611
14079 0.811668 0.2556
14080 0.81168 0.255575
14081 0.811691 0.255537
14082 0.811703 0.255518
14083 0.811715 0.255516
14084 0.811726 0.255531
14085 0.811738 0.255559
14086 0.81175 0.255601
14087 0.811762 0.255653
14088 0.811757 0.2557
14089 0.811737 0.255742
14090 0.81172 0.255765
14091 0.811706 0.255769
14092 0.811694 0.255757
14093 0.811685 0.255731
14094 0.811678 0.255692
14095 0.811673 0.255641
14096 0.81167 0.25558
14097 0.811668 0.255509
14098 0.811668 0.25543
14099 0.811669 0.255343
14100 0.811671 0.255281
14101 0.811674 0.25524
14102 0.811677 0.255219
14103 0.811682 0.255215
14104 0.811687 0.255228
14105 0.811693 0.255255
14106 0.8117 0.255294
14107 0.811707 0.255314
14108 0.811715 0.255317
14109 0.811723 0.255304
14110 0.811731 0.255307
14111 0.81174 0.255326
14112 0.811749 0.255358
14113 0.811758 0.255403
14114 0.811767 0.255459
14115 0.811777 0.255494
14116 0.811787 0.25551
14117 0.811797 0.255508
14118 0.811808 0.255491
14119 0.811819 0.25546
14120 0.81183 0.255417
14121 0.811841 0.255362
14122 0.811852 0.255329
14123 0.811863 0.255314
14124 0.811874 0.255285
14125 0.811886 0.255275
14126 0.811897 0.255281
14127 0.811909 0.255303
14128 0.81192 0.255337
14129 0.811932 0.255384
14130 0.811944 0.255442
14131 0.811955 0.255509
14132 0.811967 0.255554
14133 0.811979 0.255579
14134 0.812005 0.255602
14135 0.81203 0.255637
14136 0.812053 0.255685
14137 0.812076 0.255744
14138 0.812097 0.255781
14139 0.812118 0.25583
14140 0.812138 0.255889
14141 0.812157 0.255927
14142 0.812175 0.255946
14143 0.812193 0.255947
14144 0.812211 0.255933
14145 0.812228 0.255904
14146 0.812244 0.255863
14147 0.81226 0.25581
14148 0.812276 0.255778
14149 0.812292 0.255765
14150 0.812307 0.255738
14151 0.812322 0.255697
14152 0.812337 0.255645
14153 0.812352 0.255583
14154 0.812366 0.255511
14155 0.812381 0.255431
14156 0.812395 0.255375
14157 0.812409 0.25534
14158 0.812423 0.255323
14159 0.812438 0.255325
14160 0.812452 0.255341
14161 0.812466 0.255372
14162 0.81248 0.255415
14163 0.812494 0.255469
14164 0.812508 0.255502
14165 0.812523 0.255516
14166 0.812537 0.255514
14167 0.81255 0.255496
14168 0.812564 0.255464
14169 0.812578 0.25542
14170 0.812575 0.25538
14171 0.812574 0.255359
14172 0.812574 0.255356
14173 0.812576 0.255369
14174 0.812579 0.255396
14175 0.812583 0.255436
14176 0.812588 0.255488
14177 0.812577 0.255534
14178 0.812552 0.255575
14179 0.812514 0.255611
14180 0.812463 0.255643
14181 0.812402 0.255672
14182 0.812332 0.255698
14183 0.812253 0.25572
14184 0.812166 0.25574
14185 0.812089 0.255742
14186 0.812021 0.255729
14187 0.811962 0.255732
14188 0.811909 0.255751
14189 0.811864 0.255783
14190 0.811824 0.255797
14191 0.811789 0.255825
14192 0.811759 0.255865
14193 0.811733 0.255917
14194 0.811711 0.25598
14195 0.811693 0.256051
14196 0.811678 0.2561
14197 0.811665 0.256129
14198 0.811655 0.256139
14199 0.811647 0.256132
14200 0.811641 0.256111
14201 0.811637 0.256076
14202 0.811634 0.256029
14203 0.811633 0.255971
14204 0.811634 0.255904
14205 0.811635 0.255858
14206 0.811638 0.255802
14207 0.811641 0.255767
14208 0.811645 0.25572
14209 0.81165 0.255662
14210 0.811656 0.255625
14211 0.811662 0.255607
14212 0.811669 0.255607
14213 0.811676 0.255623
14214 0.811683 0.255621
14215 0.811692 0.255604
14216 0.8117 0.255604
14217 0.811709 0.255589
14218 0.811701 0.255575
14219 0.811678 0.255562
14220 0.811643 0.255549
14221 0.811611 0.255554
14222 0.811584 0.255574
14223 0.811561 0.255607
14224 0.811542 0.255652
14225 0.811525 0.255709
14226 0.811511 0.255775
14227 0.8115 0.255851
14228 0.81149 0.255903
14229 0.811483 0.255934
14230 0.811477 0.255947
14231 0.811473 0.255943
14232 0.811471 0.255923
14233 0.811469 0.25589
14234 0.811469 0.255845
14235 0.81147 0.25582
14236 0.811472 0.255813
14237 0.811474 0.255791
14238 0.811478 0.255755
14239 0.811482 0.255708
14240 0.811486 0.25565
14241 0.811491 0.255581
14242 0.811497 0.255505
14243 0.811503 0.255451
14244 0.811509 0.255387
14245 0.811516 0.255314
14246 0.811523 0.255233
14247 0.811531 0.255144
14248 0.811538 0.255049
14249 0.811546 0.254978
14250 0.811555 0.25493
14251 0.811563 0.254903
14252 0.811572 0.254894
14253 0.811582 0.254901
14254 0.811591 0.254924
14255 0.811601 0.254959
14256 0.811611 0.254976
14257 0.811621 0.254975
14258 0.811631 0.254958
14259 0.811641 0.254959
14260 0.811651 0.254976
14261 0.811661 0.255006
14262 0.811672 0.255049
14263 0.811683 0.255103
14264 0.811694 0.255168
14265 0.811705 0.255241
14266 0.811716 0.255292
14267 0.811727 0.255322
14268 0.811738 0.255365
14269 0.811749 0.255418
14270 0.811761 0.255482
14271 0.811772 0.255525
14272 0.811783 0.255547
14273 0.811795 0.255551
14274 0.811806 0.25554
14275 0.811817 0.255545
14276 0.811828 0.255565
14277 0.81184 0.255599
14278 0.811851 0.255614
14279 0.811862 0.255643
14280 0.811874 0.255653
14281 0.811885 0.255647
14282 0.811896 0.255657
14283 0.811907 0.255682
14284 0.811919 0.255688
14285 0.81193 0.255679
14286 0.811942 0.255654
14287 0.811953 0.255617
14288 0.811964 0.255568
14289 0.811976 0.255508
14290 0.811987 0.255438
14291 0.811999 0.25536
14292 0.81201 0.255274
14293 0.812022 0.255212
14294 0.812033 0.255172
14295 0.812045 0.255152
14296 0.812056 0.255118
14297 0.812068 0.255103
14298 0.812079 0.255105
14299 0.812091 0.255122
14300 0.812103 0.255153
14301 0.812114 0.255197
14302 0.812126 0.255252
14303 0.812138 0.255317
14304 0.812149 0.25536
14305 0.812161 0.255383
14306 0.812173 0.255389
14307 0.812185 0.255409
14308 0.812197 0.255443
14309 0.812209 0.255458
14310 0.812221 0.255455
14311 0.812234 0.255438
14312 0.812246 0.255406
14313 0.812258 0.255394
14314 0.81227 0.255398
14315 0.812283 0.255417
14316 0.812278 0.255434
14317 0.812259 0.255449
14318 0.812242 0.255477
14319 0.812229 0.255519
14320 0.812218 0.255572
14321 0.812209 0.255635
14322 0.812203 0.255707
14323 0.812198 0.255788
14324 0.812195 0.255877
14325 0.812194 0.255941
14326 0.812194 0.255982
14327 0.812196 0.256036
14328 0.812198 0.256099
14329 0.812202 0.256141
14330 0.812206 0.256163
14331 0.812211 0.256167
14332 0.812217 0.256186
14333 0.812223 0.256188
14334 0.81223 0.256174
14335 0.812238 0.256146
14336 0.812246 0.256136
14337 0.812255 0.256111
14338 0.812263 0.256074
14339 0.812273 0.256024
14340 0.812297 0.25598
14341 0.812334 0.255941
14342 0.812351 0.255905
14343 0.812383 0.255873
14344 0.812396 0.255844
14345 0.812392 0.255818
14346 0.81239 0.25581
14347 0.812389 0.255818
14348 0.812373 0.255825
14349 0.812343 0.255831
14350 0.812331 0.255837
14351 0.812336 0.255843
14352 0.812357 0.255848
14353 0.812391 0.255853
14354 0.812437 0.255859
14355 0.812463 0.255863
14356 0.81247 0.255866
14357 0.812462 0.255869
14358 0.812438 0.255872
14359 0.812433 0.255874
14360 0.812443 0.255877
14361 0.812469 0.25588
14362 0.812507 0.255883
14363 0.812543 0.25587
14364 0.81256 0.255858
14365 0.812559 0.255847
14366 0.812543 0.255837
14367 0.812544 0.255828
14368 0.81256 0.25582
14369 0.812577 0.255829
14370 0.812593 0.255821
14371 0.812608 0.255799
14372 0.812624 0.255794
14373 0.812654 0.25579
14374 0.812665 0.255786
14375 0.812659 0.255783
14376 0.812655 0.255764
14377 0.812653 0.255731
14378 0.812653 0.255686
14379 0.812654 0.25563
14380 0.812657 0.255595
14381 0.81266 0.255579
14382 0.812665 0.255549
14383 0.81267 0.255507
14384 0.812677 0.255453
14385 0.812684 0.25542
14386 0.812692 0.255406
14387 0.8127 0.255409
14388 0.812709 0.255428
14389 0.812719 0.25546
14390 0.812729 0.255504
14391 0.812722 0.255544
14392 0.8127 0.255578
14393 0.812682 0.255594
14394 0.812667 0.255593
14395 0.812655 0.255576
14396 0.812646 0.255545
14397 0.812639 0.255502
14398 0.812633 0.255448
14399 0.81263 0.255414
14400 0.812629 0.2554
14401 0.812629 0.255371
14402 0.81263 0.25533
14403 0.812633 0.255308
14404 0.812637 0.255273
14405 0.812642 0.255257
14406 0.812647 0.255227
14407 0.812654 0.255185
14408 0.812661 0.255131
14409 0.812669 0.255067
14410 0.812678 0.254993
14411 0.812687 0.254912
14412 0.812696 0.254854
14413 0.812707 0.254818
14414 0.812717 0.254801
14415 0.812728 0.254801
14416 0.81274 0.254816
14417 0.812752 0.254846
14418 0.812764 0.254888
14419 0.812777 0.254911
14420 0.812789 0.254916
14421 0.812802 0.254904
14422 0.812815 0.254878
14423 0.812828 0.254839
14424 0.812841 0.25482
14425 0.812854 0.254787
14426 0.812867 0.254742
14427 0.812881 0.254685
14428 0.812894 0.25465
14429 0.812908 0.254634
14430 0.812923 0.254635
14431 0.812937 0.25462
14432 0.812951 0.254623
14433 0.812965 0.254609
14434 0.81298 0.254582
14435 0.812994 0.254541
14436 0.813009 0.25452
14437 0.813024 0.254517
14438 0.813039 0.25453
14439 0.813054 0.254557
14440 0.813069 0.254596
14441 0.813067 0.254631
14442 0.81305 0.254662
14443 0.813036 0.254705
14444 0.813008 0.254743
14445 0.812984 0.254762
14446 0.812965 0.254763
14447 0.812948 0.254779
14448 0.812935 0.25481
14449 0.812925 0.254822
14450 0.812932 0.254833
14451 0.812939 0.254827
14452 0.812961 0.254822
14453 0.812983 0.254802
14454 0.813004 0.254768
14455 0.813024 0.254722
14456 0.813044 0.254665
14457 0.813063 0.254599
14458 0.813065 0.254538
14459 0.813069 0.254498
14460 0.813073 0.254479
14461 0.813079 0.254476
14462 0.813086 0.25449
14463 0.813095 0.254518
14464 0.813104 0.254558
14465 0.813128 0.254595
14466 0.813165 0.254629
14467 0.813214 0.254659
14468 0.813273 0.254687
14469 0.813312 0.254711
14470 0.81333 0.254732
14471 0.813349 0.254735
14472 0.813367 0.254722
14473 0.813385 0.254695
14474 0.813403 0.254687
14475 0.81342 0.254694
14476 0.813438 0.254717
14477 0.813456 0.254753
14478 0.813474 0.254801
14479 0.813491 0.254859
14480 0.813509 0.254928
14481 0.813527 0.255005
14482 0.813544 0.255059
14483 0.813562 0.255123
14484 0.813579 0.255165
14485 0.813597 0.255187
14486 0.813614 0.255222
14487 0.813631 0.25527
14488 0.813649 0.255297
14489 0.813666 0.255306
14490 0.813683 0.25533
14491 0.8137 0.255335
14492 0.813717 0.255325
14493 0.813734 0.255331
14494 0.813751 0.255352
14495 0.813768 0.255387
14496 0.813785 0.255433
14497 0.813785 0.255475
14498 0.813769 0.255511
14499 0.813739 0.255543
14500 0.813696 0.255571
14501 0.813642 0.255596
14502 0.813578 0.255618
14503 0.813536 0.255638
14504 0.813513 0.255656
14505 0.813509 0.255674
14506 0.813521 0.25569
14507 0.813547 0.255706
14508 0.813586 0.25572
14509 0.813637 0.255734
14510 0.813699 0.255747
14511 0.813756 0.255743
14512 0.813809 0.255723
14513 0.813858 0.255691
14514 0.813887 0.25566
14515 0.813914 0.255648
14516 0.813941 0.255622
14517 0.813966 0.255583
14518 0.81399 0.255532
14519 0.814014 0.255471
14520 0.814037 0.255431
14521 0.814059 0.255411
14522 0.814081 0.255409
14523 0.814103 0.255422
14524 0.814124 0.255418
14525 0.814145 0.255399
14526 0.814148 0.255382
14527 0.814135 0.255365
14528 0.814108 0.255349
14529 0.814099 0.255335
14530 0.814106 0.255323
14531 0.814129 0.255313
14532 0.814165 0.255305
14533 0.814199 0.255281
14534 0.814231 0.255245
14535 0.814244 0.255211
14536 0.814241 0.25518
14537 0.814222 0.255151
14538 0.814221 0.255126
14539 0.814235 0.255104
14540 0.814264 0.255085
14541 0.814274 0.255066
14542 0.814267 0.255049
14543 0.814263 0.255018
14544 0.814261 0.254974
14545 0.814275 0.254936
14546 0.814303 0.254901
14547 0.814344 0.254871
14548 0.814365 0.254843
14549 0.814368 0.254816
14550 0.814356 0.254792
14551 0.814346 0.254785
14552 0.81434 0.254795
14553 0.814335 0.254819
14554 0.814333 0.254856
14555 0.814333 0.254905
14556 0.814334 0.254965
14557 0.81432 0.255018
14558 0.814292 0.255065
14559 0.814251 0.255105
14560 0.814198 0.255141
14561 0.814166 0.255174
14562 0.814153 0.255205
14563 0.814157 0.255232
14564 0.814176 0.255258
14565 0.814209 0.255282
14566 0.814241 0.255288
14567 0.81427 0.255277
14568 0.814299 0.255252
14569 0.814326 0.255214
14570 0.814352 0.255195
14571 0.814377 0.255194
14572 0.814401 0.255178
14573 0.814425 0.255147
14574 0.814448 0.255104
14575 0.81447 0.255049
14576 0.814491 0.254985
14577 0.814495 0.254926
14578 0.814483 0.254872
14579 0.814456 0.254822
14580 0.814417 0.254776
14581 0.814365 0.254734
14582 0.814335 0.254696
14583 0.814323 0.254663
14584 0.814328 0.254634
14585 0.814317 0.254607
14586 0.814323 0.254583
14587 0.814344 0.254562
14588 0.814378 0.254544
14589 0.814411 0.254543
14590 0.814442 0.254558
14591 0.814471 0.254587
14592 0.814499 0.254628
14593 0.814527 0.254681
14594 0.814553 0.254744
14595 0.814578 0.254817
14596 0.814602 0.254867
14597 0.814626 0.254896
14598 0.814631 0.254921
14599 0.81462 0.254943
14600 0.814594 0.254962
14601 0.814556 0.254978
14602 0.814505 0.254992
14603 0.814444 0.255003
14604 0.814405 0.255014
14605 0.814385 0.255025
14606 0.814383 0.255035
14607 0.814397 0.255046
14608 0.814394 0.255054
14609 0.814375 0.255061
14610 0.814343 0.255066
14611 0.81433 0.255072
14612 0.814333 0.255078
14613 0.814352 0.255084
14614 0.81437 0.255106
14615 0.814389 0.25514
14616 0.814407 0.255187
14617 0.814425 0.255245
14618 0.814442 0.255282
14619 0.81446 0.255299
14620 0.814477 0.25533
14621 0.814494 0.255342
14622 0.814511 0.255369
14623 0.814528 0.255409
14624 0.814545 0.25546
14625 0.814562 0.255522
14626 0.814579 0.255562
14627 0.814596 0.255582
14628 0.814612 0.255616
14629 0.814629 0.255631
14630 0.814628 0.255644
14631 0.814629 0.25567
14632 0.814632 0.25571
14633 0.814635 0.255762
14634 0.81464 0.255824
14635 0.814646 0.255864
14636 0.814653 0.255884
14637 0.814661 0.255918
14638 0.81467 0.255964
14639 0.814679 0.256022
14640 0.814689 0.256089
14641 0.814699 0.256165
14642 0.81471 0.256249
14643 0.814722 0.256309
14644 0.814733 0.256347
14645 0.814745 0.256366
14646 0.814758 0.256367
14647 0.81477 0.256353
14648 0.814783 0.256324
14649 0.814796 0.256283
14650 0.814809 0.25623
14651 0.814823 0.256167
14652 0.814836 0.256095
14653 0.81485 0.256014
14654 0.814863 0.255925
14655 0.814877 0.25583
14656 0.814891 0.25576
14657 0.814906 0.255713
14658 0.81492 0.255686
14659 0.814935 0.255677
14660 0.81495 0.255653
14661 0.814965 0.255648
14662 0.81498 0.255658
14663 0.814995 0.255683
14664 0.81501 0.255721
14665 0.815008 0.255755
14666 0.814991 0.255783
14667 0.814977 0.255825
14668 0.814966 0.255878
14669 0.814958 0.255941
14670 0.814952 0.256013
14671 0.814949 0.256094
14672 0.814947 0.256151
14673 0.814947 0.256187
14674 0.814948 0.256235
14675 0.814951 0.256293
14676 0.814955 0.256331
14677 0.814961 0.256348
14678 0.814967 0.256349
14679 0.814974 0.256333
14680 0.814981 0.256304
14681 0.81499 0.256293
14682 0.814999 0.256299
14683 0.814992 0.256303
14684 0.81497 0.256306
14685 0.814934 0.256308
14686 0.814904 0.256324
14687 0.814878 0.256355
14688 0.814856 0.256367
14689 0.814838 0.256363
14690 0.814806 0.256357
14691 0.814761 0.256352
14692 0.814723 0.256362
14693 0.81469 0.256387
14694 0.814661 0.256425
14695 0.814637 0.256475
14696 0.814617 0.256536
14697 0.8146 0.256606
14698 0.814587 0.256685
14699 0.814576 0.256772
14700 0.814568 0.256865
14701 0.814562 0.256965
14702 0.814558 0.25707
14703 0.814555 0.25715
14704 0.814555 0.257206
14705 0.814539 0.257255
14706 0.814508 0.257298
14707 0.814483 0.257322
14708 0.814461 0.257328
14709 0.814442 0.257317
14710 0.814427 0.257292
14711 0.814415 0.257253
14712 0.814406 0.257203
14713 0.814399 0.257174
14714 0.814394 0.257163
14715 0.814391 0.257169
14716 0.814389 0.25719
14717 0.814389 0.257224
14718 0.814391 0.25724
14719 0.814394 0.257238
14720 0.814397 0.257221
14721 0.814402 0.25719
14722 0.814408 0.257146
14723 0.814415 0.257091
14724 0.814422 0.257026
14725 0.81443 0.256983
14726 0.814438 0.25696
14727 0.814448 0.256955
14728 0.814457 0.256966
14729 0.814467 0.256992
14730 0.814478 0.257031
14731 0.814489 0.257081
14732 0.8145 0.257142
14733 0.814512 0.257182
14734 0.814524 0.257202
14735 0.814519 0.257218
14736 0.814515 0.257249
14737 0.814497 0.257276
14738 0.814482 0.257316
14739 0.81447 0.257367
14740 0.814443 0.257412
14741 0.81442 0.257437
14742 0.814401 0.257444
14743 0.814385 0.257435
14744 0.814372 0.25741
14745 0.814362 0.257373
14746 0.814353 0.257323
14747 0.814347 0.257263
14748 0.814343 0.257193
14749 0.81434 0.257146
14750 0.81434 0.257119
14751 0.814341 0.257111
14752 0.814343 0.257087
14753 0.814346 0.257051
14754 0.81435 0.257002
14755 0.814354 0.256943
14756 0.81436 0.256905
14757 0.814367 0.256886
14758 0.814374 0.256885
14759 0.814383 0.2569
14760 0.814391 0.256898
14761 0.8144 0.256911
14762 0.81441 0.256939
14763 0.81442 0.256948
14764 0.814431 0.256972
14765 0.814442 0.256978
14766 0.814453 0.256968
14767 0.814464 0.256974
14768 0.814476 0.256996
14769 0.814488 0.257031
14770 0.814501 0.257047
14771 0.814513 0.257045
14772 0.814526 0.257028
14773 0.814538 0.256997
14774 0.814551 0.256954
14775 0.814564 0.256899
14776 0.814577 0.256865
14777 0.81459 0.25685
14778 0.814604 0.256853
14779 0.814617 0.256871
14780 0.814631 0.256902
14781 0.814645 0.256946
14782 0.814659 0.257002
14783 0.814674 0.257067
14784 0.814688 0.257141
14785 0.814703 0.257224
14786 0.814717 0.257314
14787 0.814732 0.257411
14788 0.814729 0.257497
14789 0.814729 0.257558
14790 0.814729 0.257598
14791 0.814732 0.25765
14792 0.814735 0.257712
14793 0.81474 0.257783
14794 0.814746 0.257832
14795 0.814753 0.25786
14796 0.81476 0.25787
14797 0.814769 0.257863
14798 0.814778 0.257872
14799 0.814787 0.257896
14800 0.814798 0.257902
14801 0.814809 0.257892
14802 0.81482 0.257867
14803 0.814832 0.257829
14804 0.814844 0.257779
14805 0.814856 0.257719
14806 0.814869 0.257649
14807 0.814882 0.257602
14808 0.814895 0.257574
14809 0.814892 0.257549
14810 0.814873 0.257526
14811 0.81484 0.257503
14812 0.814795 0.257483
14813 0.814739 0.257463
14814 0.814673 0.257445
14815 0.814598 0.257427
14816 0.814531 0.257427
14817 0.814456 0.257426
14818 0.81439 0.25741
14819 0.814331 0.257379
14820 0.81428 0.257336
14821 0.814236 0.257282
14822 0.814197 0.257217
14823 0.814163 0.257143
14824 0.814134 0.257061
14825 0.81411 0.256971
14826 0.814089 0.256875
14827 0.814071 0.256772
14828 0.814057 0.256665
14829 0.814045 0.256583
14830 0.814036 0.256526
14831 0.814029 0.256489
14832 0.814024 0.256441
14833 0.814021 0.256382
14834 0.81402 0.256313
14835 0.81402 0.256236
14836 0.814021 0.256182
14837 0.814024 0.256148
14838 0.814028 0.256134
14839 0.814032 0.256137
14840 0.814038 0.256156
14841 0.814044 0.256188
14842 0.814051 0.256233
14843 0.814059 0.256289
14844 0.814067 0.256355
14845 0.814076 0.25643
14846 0.814085 0.256513
14847 0.814095 0.256604
14848 0.814105 0.25667
14849 0.814116 0.256713
14850 0.814126 0.256737
14851 0.814137 0.256774
14852 0.814148 0.256823
14853 0.814159 0.256851
14854 0.81417 0.256861
14855 0.814181 0.256854
14856 0.814192 0.256832
14857 0.814204 0.256828
14858 0.814216 0.25684
14859 0.814227 0.256867
14860 0.814239 0.256906
14861 0.814251 0.256957
14862 0.814263 0.257019
14863 0.814274 0.25709
14864 0.814286 0.257139
14865 0.814298 0.257167
14866 0.81431 0.257176
14867 0.814322 0.257169
14868 0.814335 0.257179
14869 0.814347 0.257203
14870 0.814359 0.25724
14871 0.814371 0.257289
14872 0.814383 0.257349
14873 0.814395 0.257418
14874 0.814407 0.257465
14875 0.81442 0.257492
14876 0.814415 0.257515
14877 0.814395 0.257534
14878 0.814362 0.257551
14879 0.814316 0.257565
14880 0.814259 0.257576
14881 0.814209 0.257602
14882 0.814149 0.257625
14883 0.814095 0.25763
14884 0.814048 0.257618
14885 0.814007 0.257592
14886 0.813971 0.257585
14887 0.81394 0.257593
14888 0.813914 0.257617
14889 0.813891 0.257653
14890 0.813871 0.257671
14891 0.813854 0.257671
14892 0.813841 0.257655
14893 0.813829 0.257626
14894 0.81382 0.257583
14895 0.813813 0.257529
14896 0.813808 0.257497
14897 0.813804 0.257451
14898 0.813802 0.257426
14899 0.813801 0.257388
14900 0.813802 0.257369
14901 0.813803 0.257368
14902 0.813806 0.257352
14903 0.813809 0.257352
14904 0.813813 0.257337
14905 0.813818 0.257339
14906 0.813824 0.257325
14907 0.81383 0.257297
14908 0.813837 0.257256
14909 0.813844 0.257235
14910 0.813834 0.257215
14911 0.81381 0.257196
14912 0.813773 0.257178
14913 0.813724 0.25716
14914 0.813664 0.257143
14915 0.813612 0.257144
14916 0.813565 0.25716
14917 0.813525 0.25719
14918 0.81349 0.257232
14919 0.813459 0.257286
14920 0.813433 0.257351
14921 0.81341 0.257424
14922 0.813391 0.257506
14923 0.813374 0.257564
14924 0.813361 0.257601
14925 0.81335 0.257618
14926 0.813341 0.257618
14927 0.813334 0.257602
14928 0.813328 0.257572
14929 0.813325 0.257529
14930 0.813323 0.257507
14931 0.813322 0.257502
14932 0.813322 0.257482
14933 0.813323 0.257448
14934 0.813326 0.257402
14935 0.813329 0.257376
14936 0.813333 0.257369
14937 0.813338 0.257378
14938 0.813343 0.257402
14939 0.813349 0.257407
14940 0.813356 0.257397
14941 0.813363 0.257403
14942 0.813371 0.257424
14943 0.813379 0.257459
14944 0.813387 0.257474
14945 0.813396 0.257473
14946 0.813405 0.257487
14947 0.813414 0.257515
14948 0.813423 0.257557
14949 0.813433 0.257609
14950 0.813443 0.257641
14951 0.813454 0.257686
14952 0.813464 0.25771
14953 0.813475 0.257716
14954 0.813485 0.257706
14955 0.813496 0.257681
14956 0.813507 0.257674
14957 0.813518 0.257684
14958 0.81353 0.257708
14959 0.813541 0.257715
14960 0.813553 0.257705
14961 0.813564 0.257711
14962 0.813576 0.257733
14963 0.813588 0.257768
14964 0.8136 0.257815
14965 0.813613 0.257873
14966 0.813625 0.257941
14967 0.813637 0.257987
14968 0.813633 0.258027
14969 0.813613 0.258061
14970 0.813597 0.258077
14971 0.813583 0.258076
14972 0.813572 0.258059
14973 0.813564 0.258059
14974 0.813558 0.258075
14975 0.813553 0.258105
14976 0.813551 0.258147
14977 0.81355 0.258201
14978 0.813551 0.258265
14979 0.813553 0.258339
14980 0.813556 0.25842
14981 0.81356 0.25851
14982 0.813566 0.258574
14983 0.813571 0.258617
14984 0.813578 0.258639
14985 0.813585 0.258644
14986 0.813593 0.258664
14987 0.813602 0.258697
14988 0.813611 0.258743
14989 0.813621 0.2588
14990 0.813631 0.258867
14991 0.813642 0.258942
14992 0.813653 0.259026
14993 0.813664 0.259086
14994 0.813676 0.259124
14995 0.813688 0.259143
14996 0.8137 0.259144
14997 0.813712 0.259129
14998 0.813724 0.259101
14999 0.813737 0.259059
15000 0.81375 0.259006
