14000 0.69 0.289825
14001 0.69 0.289799
14002 0.69 0.289768
14003 0.69 0.289732
14004 0.69 0.289684
14005 0.69 0.289633
14006 0.69 0.289603
14007 0.69 0.289569
14008 0.69 0.28953
14009 0.69 0.289487
14010 0.69 0.28944
14011 0.69 0.289391
14012 0.69 0.289339
14013 0.69 0.289284
14014 0.69 0.289227
14015 0.69 0.289168
14016 0.69 0.289107
14017 0.69 0.289045
14018 0.69 0.288981
14019 0.69 0.288916
14020 0.69 0.288873
14021 0.69 0.28885
14022 0.69 0.288813
14023 0.69 0.288765
14024 0.69 0.288705
14025 0.69 0.288637
14026 0.69 0.288559
14027 0.69 0.288474
14028 0.69 0.288413
14029 0.69 0.288373
14030 0.69 0.288353
14031 0.69 0.288351
14032 0.69 0.288333
14033 0.69 0.288309
14034 0.69 0.288303
14035 0.69 0.288314
14036 0.69 0.288339
14037 0.69 0.288377
14038 0.69 0.288426
14039 0.69 0.288487
14040 0.69 0.288557
14041 0.69 0.288604
14042 0.69 0.288631
14043 0.69 0.28864
14044 0.69 0.288632
14045 0.69 0.28861
14046 0.69 0.288574
14047 0.69 0.288526
14048 0.69 0.288467
14049 0.69 0.288429
14050 0.69 0.288411
14051 0.69 0.288411
14052 0.69 0.288426
14053 0.69 0.288455
14054 0.69 0.288497
14055 0.69 0.28855
14056 0.69 0.288583
14057 0.69 0.288596
14058 0.69 0.288593
14059 0.69 0.288574
14060 0.69 0.288542
14061 0.69 0.288497
14062 0.69 0.288441
14063 0.69 0.288375
14064 0.69 0.2883
14065 0.69 0.288217
14066 0.69 0.288126
14067 0.69 0.288029
14068 0.69 0.287958
14069 0.69 0.287909
14070 0.69 0.28788
14071 0.69 0.28787
14072 0.69 0.287845
14073 0.69 0.287808
14074 0.69 0.287758
14075 0.69 0.287729
14076 0.69 0.287719
14077 0.69 0.287725
14078 0.69 0.287715
14079 0.69 0.28769
14080 0.69 0.287652
14081 0.69 0.287634
14082 0.69 0.287633
14083 0.69 0.287616
14084 0.69 0.287586
14085 0.69 0.287543
14086 0.69 0.287488
14087 0.69 0.287455
14088 0.69 0.287441
14089 0.69 0.287444
14090 0.69 0.28743
14091 0.69 0.287403
14092 0.69 0.287394
14093 0.69 0.287401
14094 0.69 0.287423
14095 0.69 0.287428
14096 0.69 0.287416
14097 0.69 0.28739
14098 0.69 0.287351
14099 0.69 0.2873
14100 0.69 0.287239
14101 0.69 0.287168
14102 0.69 0.287089
14103 0.69 0.287033
14104 0.69 0.286998
14105 0.69 0.286982
14106 0.69 0.286984
14107 0.69 0.287001
14108 0.69 0.287032
14109 0.69 0.287075
14110 0.69 0.287099
14111 0.69 0.287104
14112 0.69 0.287094
14113 0.69 0.2871
14114 0.69 0.287121
14115 0.69 0.287155
14116 0.69 0.287202
14117 0.69 0.28726
14118 0.69 0.287328
14119 0.69 0.287373
14120 0.69 0.287398
14121 0.69 0.287436
14122 0.69 0.287455
14123 0.69 0.287456
14124 0.69 0.287442
14125 0.69 0.287413
14126 0.69 0.287372
14127 0.69 0.287319
14128 0.69 0.287287
14129 0.69 0.287274
14130 0.69 0.287246
14131 0.69 0.287206
14132 0.69 0.287154
14133 0.69 0.287092
14134 0.69 0.28702
14135 0.69 0.28694
14136 0.69 0.286883
14137 0.69 0.286848
14138 0.69 0.286832
14139 0.69 0.286833
14140 0.69 0.28685
14141 0.69 0.286849
14142 0.69 0.286864
14143 0.69 0.286893
14144 0.69 0.286935
14145 0.69 0.286988
14146 0.69 0.287021
14147 0.69 0.287034
14148 0.69 0.287031
14149 0.69 0.287012
14150 0.69 0.286979
14151 0.69 0.286966
14152 0.69 0.286938
14153 0.69 0.286897
14154 0.69 0.286876
14155 0.69 0.286873
14156 0.69 0.286885
14157 0.69 0.286912
14158 0.69 0.286952
14159 0.69 0.287004
14160 0.69 0.287034
14161 0.69 0.287047
14162 0.69 0.287042
14163 0.69 0.287022
14164 0.69 0.28702
14165 0.69 0.287033
14166 0.69 0.287061
14167 0.69 0.28707
14168 0.69 0.287094
14169 0.69 0.287132
14170 0.69 0.28715
14171 0.69 0.28715
14172 0.69 0.287135
14173 0.69 0.287137
14174 0.69 0.287155
14175 0.69 0.287186
14176 0.69 0.28723
14177 0.69 0.287285
14178 0.69 0.28735
14179 0.69 0.287393
14180 0.69 0.287416
14181 0.69 0.287421
14182 0.69 0.28741
14183 0.69 0.287416
14184 0.69 0.287436
14185 0.69 0.287471
14186 0.69 0.287517
14187 0.69 0.287575
14188 0.69 0.287611
14189 0.69 0.287628
14190 0.69 0.287659
14191 0.69 0.287671
14192 0.69 0.287697
14193 0.69 0.287706
14194 0.69 0.287698
14195 0.69 0.287706
14196 0.69 0.287698
14197 0.69 0.287675
14198 0.69 0.287638
14199 0.69 0.28759
14200 0.69 0.287531
14201 0.69 0.287462
14202 0.69 0.287384
14203 0.69 0.287299
14204 0.69 0.287206
14205 0.69 0.287108
14206 0.69 0.287003
14207 0.69 0.286924
14208 0.69 0.286869
14209 0.69 0.286835
14210 0.69 0.28682
14211 0.69 0.286823
14212 0.69 0.286809
14213 0.69 0.286781
14214 0.69 0.28674
14215 0.69 0.286719
14216 0.69 0.286716
14217 0.69 0.286728
14218 0.69 0.286755
14219 0.69 0.286764
14220 0.69 0.286756
14221 0.69 0.286733
14222 0.69 0.286698
14223 0.69 0.286681
14224 0.69 0.286681
14225 0.69 0.286697
14226 0.69 0.286727
14227 0.69 0.28677
14228 0.69 0.286824
14229 0.69 0.286888
14230 0.69 0.286961
14231 0.69 0.287043
14232 0.69 0.287132
14233 0.69 0.287197
14234 0.69 0.28727
14235 0.69 0.287321
14236 0.69 0.287351
14237 0.69 0.287363
14238 0.69 0.287357
14239 0.69 0.287368
14240 0.69 0.287362
14241 0.69 0.287341
14242 0.69 0.287307
14243 0.69 0.28726
14244 0.69 0.287203
14245 0.69 0.287167
14246 0.69 0.287118
14247 0.69 0.287059
14248 0.69 0.286991
14249 0.69 0.286913
14250 0.69 0.286828
14251 0.69 0.286736
14252 0.69 0.286668
14253 0.69 0.286623
14254 0.69 0.286567
14255 0.69 0.286532
14256 0.69 0.286516
14257 0.69 0.286517
14258 0.69 0.286534
14259 0.69 0.286565
14260 0.69 0.286608
14261 0.69 0.286662
14262 0.69 0.286696
14263 0.69 0.28671
14264 0.69 0.286708
14265 0.69 0.28669
14266 0.69 0.28669
14267 0.69 0.286705
14268 0.69 0.286734
14269 0.69 0.286776
14270 0.69 0.28683
14271 0.69 0.286893
14272 0.69 0.286966
14273 0.69 0.287047
14274 0.69 0.287105
14275 0.69 0.287172
14276 0.69 0.287249
14277 0.69 0.287302
14278 0.69 0.287334
14279 0.69 0.287347
14280 0.69 0.287343
14281 0.69 0.287325
14282 0.69 0.287292
14283 0.69 0.287278
14284 0.69 0.287281
14285 0.69 0.287269
14286 0.69 0.287242
14287 0.69 0.287202
14288 0.69 0.28715
14289 0.69 0.28712
14290 0.69 0.287108
14291 0.69 0.287112
14292 0.69 0.287101
14293 0.69 0.287083
14294 0.69 0.287059
14295 0.69 0.287031
14296 0.69 0.286997
14297 0.69 0.286959
14298 0.69 0.286918
14299 0.69 0.286873
14300 0.69 0.286825
14301 0.69 0.286774
14302 0.69 0.286721
14303 0.69 0.286665
14304 0.69 0.286607
14305 0.69 0.286548
14306 0.69 0.28651
14307 0.69 0.286492
14308 0.69 0.286491
14309 0.69 0.286505
14310 0.69 0.286534
14311 0.69 0.286576
14312 0.69 0.286605
14313 0.69 0.286624
14314 0.69 0.286634
14315 0.69 0.286635
14316 0.69 0.286629
14317 0.69 0.286615
14318 0.69 0.286595
14319 0.69 0.28657
14320 0.69 0.28654
14321 0.69 0.286528
14322 0.69 0.286533
14323 0.69 0.286553
14324 0.69 0.286555
14325 0.69 0.286542
14326 0.69 0.286545
14327 0.69 0.286533
14328 0.69 0.286537
14329 0.69 0.286557
14330 0.69 0.28659
14331 0.69 0.286636
14332 0.69 0.286661
14333 0.69 0.286668
14334 0.69 0.28669
14335 0.69 0.286703
14336 0.69 0.286706
14337 0.69 0.286702
14338 0.69 0.286714
14339 0.69 0.286717
14340 0.69 0.286712
14341 0.69 0.2867
14342 0.69 0.286682
14343 0.69 0.286658
14344 0.69 0.286629
14345 0.69 0.286595
14346 0.69 0.286558
14347 0.69 0.286516
14348 0.69 0.286471
14349 0.69 0.286423
14350 0.69 0.286373
14351 0.69 0.28632
14352 0.69 0.286288
14353 0.69 0.286274
14354 0.69 0.286278
14355 0.69 0.286266
14356 0.69 0.286239
14357 0.69 0.286207
14358 0.69 0.286171
14359 0.69 0.286131
14360 0.69 0.286111
14361 0.69 0.286085
14362 0.69 0.286078
14363 0.69 0.286086
14364 0.69 0.28611
14365 0.69 0.286147
14366 0.69 0.286196
14367 0.69 0.286255
14368 0.69 0.286301
14369 0.69 0.286335
14370 0.69 0.286358
14371 0.69 0.286371
14372 0.69 0.286375
14373 0.69 0.286372
14374 0.69 0.286361
14375 0.69 0.286344
14376 0.69 0.286321
14377 0.69 0.286293
14378 0.69 0.28626
14379 0.69 0.286223
14380 0.69 0.286182
14381 0.69 0.286138
14382 0.69 0.286091
14383 0.69 0.286041
14384 0.69 0.285988
14385 0.69 0.285933
14386 0.69 0.285876
14387 0.69 0.28584
14388 0.69 0.285823
14389 0.69 0.285824
14390 0.69 0.28584
14391 0.69 0.285847
14392 0.69 0.285846
14393 0.69 0.285837
14394 0.69 0.285822
14395 0.69 0.2858
14396 0.69 0.285796
14397 0.69 0.285808
14398 0.69 0.285835
14399 0.69 0.285874
14400 0.69 0.285926
14401 0.69 0.285988
14402 0.69 0.286059
14403 0.69 0.286139
14404 0.69 0.286203
14405 0.69 0.286253
14406 0.69 0.286314
14407 0.69 0.286361
14408 0.69 0.286396
14409 0.69 0.28642
14410 0.69 0.286434
14411 0.69 0.286439
14412 0.69 0.286437
14413 0.69 0.286427
14414 0.69 0.28641
14415 0.69 0.286388
14416 0.69 0.286361
14417 0.69 0.286328
14418 0.69 0.286292
14419 0.69 0.286252
14420 0.69 0.286208
14421 0.69 0.286161
14422 0.69 0.286111
14423 0.69 0.286059
14424 0.69 0.286005
14425 0.69 0.285949
14426 0.69 0.28589
14427 0.69 0.285853
14428 0.69 0.285836
14429 0.69 0.285836
14430 0.69 0.285851
14431 0.69 0.285881
14432 0.69 0.285923
14433 0.69 0.285977
14434 0.69 0.286017
14435 0.69 0.286047
14436 0.69 0.286065
14437 0.69 0.286075
14438 0.69 0.286076
14439 0.69 0.28607
14440 0.69 0.286056
14441 0.69 0.286037
14442 0.69 0.286012
14443 0.69 0.285982
14444 0.69 0.285948
14445 0.69 0.285909
14446 0.69 0.285867
14447 0.69 0.285822
14448 0.69 0.285773
14449 0.69 0.285722
14450 0.69 0.285668
14451 0.69 0.285613
14452 0.69 0.285578
14453 0.69 0.285562
14454 0.69 0.285564
14455 0.69 0.285558
14456 0.69 0.285545
14457 0.69 0.285526
14458 0.69 0.285501
14459 0.69 0.285471
14460 0.69 0.285437
14461 0.69 0.285398
14462 0.69 0.285356
14463 0.69 0.28531
14464 0.69 0.285262
14465 0.69 0.28521
14466 0.69 0.285157
14467 0.69 0.285101
14468 0.69 0.285043
14469 0.69 0.284983
14470 0.69 0.284922
14471 0.69 0.284883
14472 0.69 0.284863
14473 0.69 0.284861
14474 0.69 0.284875
14475 0.69 0.284903
14476 0.69 0.284944
14477 0.69 0.284996
14478 0.69 0.285036
14479 0.69 0.285064
14480 0.69 0.285082
14481 0.69 0.285091
14482 0.69 0.285091
14483 0.69 0.285107
14484 0.69 0.285137
14485 0.69 0.285179
14486 0.69 0.285233
14487 0.69 0.285298
14488 0.69 0.285371
14489 0.69 0.285453
14490 0.69 0.285519
14491 0.69 0.285572
14492 0.69 0.285611
14493 0.69 0.28564
14494 0.69 0.285658
14495 0.69 0.285667
14496 0.69 0.285668
14497 0.69 0.285661
14498 0.69 0.285648
14499 0.69 0.285629
14500 0.69 0.285628
14501 0.69 0.285642
14502 0.69 0.28567
14503 0.69 0.285712
14504 0.69 0.285765
14505 0.69 0.285828
14506 0.69 0.285901
14507 0.69 0.285982
14508 0.69 0.286071
14509 0.69 0.286167
14510 0.69 0.286268
14511 0.69 0.286352
14512 0.69 0.286421
14513 0.69 0.286475
14514 0.69 0.286517
14515 0.69 0.286547
14516 0.69 0.286567
14517 0.69 0.286578
14518 0.69 0.286581
14519 0.69 0.286575
14520 0.69 0.286564
14521 0.69 0.286546
14522 0.69 0.286523
14523 0.69 0.286494
14524 0.69 0.286462
14525 0.69 0.286425
14526 0.69 0.286385
14527 0.69 0.286365
14528 0.69 0.286339
14529 0.69 0.286309
14530 0.69 0.286275
14531 0.69 0.286236
14532 0.69 0.286195
14533 0.69 0.28615
14534 0.69 0.286103
14535 0.69 0.286053
14536 0.69 0.286001
14537 0.69 0.285947
14538 0.69 0.285914
14539 0.69 0.2859
14540 0.69 0.285903
14541 0.69 0.285921
14542 0.69 0.285953
14543 0.69 0.285998
14544 0.69 0.286054
14545 0.69 0.28612
14546 0.69 0.286195
14547 0.69 0.286255
14548 0.69 0.286303
14549 0.69 0.286338
14550 0.69 0.286362
14551 0.69 0.286377
14552 0.69 0.286384
14553 0.69 0.286382
14554 0.69 0.286374
14555 0.69 0.286359
14556 0.69 0.286339
14557 0.69 0.286337
14558 0.69 0.28635
14559 0.69 0.286378
14560 0.69 0.286418
14561 0.69 0.286471
14562 0.69 0.286533
14563 0.69 0.286606
14564 0.69 0.286686
14565 0.69 0.286774
14566 0.69 0.28687
14567 0.69 0.286971
14568 0.69 0.287055
14569 0.69 0.287124
14570 0.69 0.287179
14571 0.69 0.287221
14572 0.69 0.287252
14573 0.69 0.287274
14574 0.69 0.287286
14575 0.69 0.28729
14576 0.69 0.287287
14577 0.69 0.287277
14578 0.69 0.287262
14579 0.69 0.287241
14580 0.69 0.287215
14581 0.69 0.287185
14582 0.69 0.287151
14583 0.69 0.287114
14584 0.69 0.287074
14585 0.69 0.28703
14586 0.69 0.286985
14587 0.69 0.286937
14588 0.69 0.286887
14589 0.69 0.286835
14590 0.69 0.286782
14591 0.69 0.286727
14592 0.69 0.286671
14593 0.69 0.286613
14594 0.69 0.286555
14595 0.69 0.286518
14596 0.69 0.2865
14597 0.69 0.2865
14598 0.69 0.286516
14599 0.69 0.286545
14600 0.69 0.286588
14601 0.69 0.286619
14602 0.69 0.286641
14603 0.69 0.286653
14604 0.69 0.286658
14605 0.69 0.286655
14606 0.69 0.286646
14607 0.69 0.286631
14608 0.69 0.286611
14609 0.69 0.286586
14610 0.69 0.286557
14611 0.69 0.286524
14612 0.69 0.286488
14613 0.69 0.286448
14614 0.69 0.286406
14615 0.69 0.286362
14616 0.69 0.286337
14617 0.69 0.286331
14618 0.69 0.286341
14619 0.69 0.286366
14620 0.69 0.286381
14621 0.69 0.286388
14622 0.69 0.286388
14623 0.69 0.286382
14624 0.69 0.286369
14625 0.69 0.286351
14626 0.69 0.286328
14627 0.69 0.286301
14628 0.69 0.28627
14629 0.69 0.286235
14630 0.69 0.286198
14631 0.69 0.28618
14632 0.69 0.286179
14633 0.69 0.286194
14634 0.69 0.286223
14635 0.69 0.286265
14636 0.69 0.286319
14637 0.69 0.286361
14638 0.69 0.286392
14639 0.69 0.286413
14640 0.69 0.286426
14641 0.69 0.286431
14642 0.69 0.286429
14643 0.69 0.286422
14644 0.69 0.286408
14645 0.69 0.28639
14646 0.69 0.286367
14647 0.69 0.28634
14648 0.69 0.286309
14649 0.69 0.286275
14650 0.69 0.28626
14651 0.69 0.286263
14652 0.69 0.286281
14653 0.69 0.286312
14654 0.69 0.286357
14655 0.69 0.286412
14656 0.69 0.286456
14657 0.69 0.286489
14658 0.69 0.286513
14659 0.69 0.286528
14660 0.69 0.286536
14661 0.69 0.286537
14662 0.69 0.286532
14663 0.69 0.286521
14664 0.69 0.286505
14665 0.69 0.286485
14666 0.69 0.286461
14667 0.69 0.286433
14668 0.69 0.286402
14669 0.69 0.286369
14670 0.69 0.286332
14671 0.69 0.286293
14672 0.69 0.286253
14673 0.69 0.28621
14674 0.69 0.286166
14675 0.69 0.28612
14676 0.69 0.286072
14677 0.69 0.286024
14678 0.69 0.285974
14679 0.69 0.285924
14680 0.69 0.285872
14681 0.69 0.28582
14682 0.69 0.285767
14683 0.69 0.285714
14684 0.69 0.285659
14685 0.69 0.285605
14686 0.69 0.285549
14687 0.69 0.285494
14688 0.69 0.285459
14689 0.69 0.285422
14690 0.69 0.285383
14691 0.69 0.285342
14692 0.69 0.285298
14693 0.69 0.285254
14694 0.69 0.285207
14695 0.69 0.28516
14696 0.69 0.285111
14697 0.69 0.285061
14698 0.69 0.28501
14699 0.69 0.284959
14700 0.69 0.284906
14701 0.69 0.284853
14702 0.69 0.284821
14703 0.69 0.284808
14704 0.69 0.284812
14705 0.69 0.284831
14706 0.69 0.284864
14707 0.69 0.284909
14708 0.69 0.284966
14709 0.69 0.285032
14710 0.69 0.285086
14711 0.69 0.285129
14712 0.69 0.285162
14713 0.69 0.285186
14714 0.69 0.285201
14715 0.69 0.28521
14716 0.69 0.285212
14717 0.69 0.285208
14718 0.69 0.285198
14719 0.69 0.285184
14720 0.69 0.285165
14721 0.69 0.285143
14722 0.69 0.285117
14723 0.69 0.285088
14724 0.69 0.285056
14725 0.69 0.285022
14726 0.69 0.284985
14727 0.69 0.284947
14728 0.69 0.284906
14729 0.69 0.284864
14730 0.69 0.28482
14731 0.69 0.284776
14732 0.69 0.284729
14733 0.69 0.284682
14734 0.69 0.284634
14735 0.69 0.284585
14736 0.69 0.284535
14737 0.69 0.284506
14738 0.69 0.284496
14739 0.69 0.284502
14740 0.69 0.284523
14741 0.69 0.284558
14742 0.69 0.284584
14743 0.69 0.284602
14744 0.69 0.284612
14745 0.69 0.284616
14746 0.69 0.284613
14747 0.69 0.284606
14748 0.69 0.284594
14749 0.69 0.284577
14750 0.69 0.284557
14751 0.69 0.284533
14752 0.69 0.284506
14753 0.69 0.284476
14754 0.69 0.284444
14755 0.69 0.28441
14756 0.69 0.284373
14757 0.69 0.284335
14758 0.69 0.284295
14759 0.69 0.284254
14760 0.69 0.284212
14761 0.69 0.284168
14762 0.69 0.284123
14763 0.69 0.284078
14764 0.69 0.284032
14765 0.69 0.283984
14766 0.69 0.283937
14767 0.69 0.283888
14768 0.69 0.28384
14769 0.69 0.28379
14770 0.69 0.283741
14771 0.69 0.283691
14772 0.69 0.283641
14773 0.69 0.28359
14774 0.69 0.283539
14775 0.69 0.283488
14776 0.69 0.283437
14777 0.69 0.283386
14778 0.69 0.283335
14779 0.69 0.283283
14780 0.69 0.283232
14781 0.69 0.28318
14782 0.69 0.283129
14783 0.69 0.283077
14784 0.69 0.283025
14785 0.69 0.282973
14786 0.69 0.282922
14787 0.69 0.28287
14788 0.69 0.282818
14789 0.69 0.282767
14790 0.69 0.282715
14791 0.69 0.282663
14792 0.69 0.282632
14793 0.69 0.28262
14794 0.69 0.282625
14795 0.69 0.282645
14796 0.69 0.282679
14797 0.69 0.282704
14798 0.69 0.282722
14799 0.69 0.282733
14800 0.69 0.282737
14801 0.69 0.282736
14802 0.69 0.28273
14803 0.69 0.28272
14804 0.69 0.282706
14805 0.69 0.282688
14806 0.69 0.282666
14807 0.69 0.282663
14808 0.69 0.282676
14809 0.69 0.282703
14810 0.69 0.282722
14811 0.69 0.282755
14812 0.69 0.2828
14813 0.69 0.282836
14814 0.69 0.282863
14815 0.69 0.282904
14816 0.69 0.282956
14817 0.69 0.282997
14818 0.69 0.28303
14819 0.69 0.283054
14820 0.69 0.283072
14821 0.69 0.283082
14822 0.69 0.283086
14823 0.69 0.283086
14824 0.69 0.28308
14825 0.69 0.28307
14826 0.69 0.283056
14827 0.69 0.283039
14828 0.69 0.283018
14829 0.69 0.282995
14830 0.69 0.282969
14831 0.69 0.28294
14832 0.69 0.28291
14833 0.69 0.282878
14834 0.69 0.282844
14835 0.69 0.282808
14836 0.69 0.282771
14837 0.69 0.282754
14838 0.69 0.282754
14839 0.69 0.282769
14840 0.69 0.282799
14841 0.69 0.282842
14842 0.69 0.282896
14843 0.69 0.28296
14844 0.69 0.283034
14845 0.69 0.283116
14846 0.69 0.283205
14847 0.69 0.283301
14848 0.69 0.283404
14849 0.69 0.283511
14850 0.69 0.283624
14851 0.69 0.283741
14852 0.69 0.283841
14853 0.69 0.283927
14854 0.69 0.284
14855 0.69 0.284061
14856 0.69 0.284111
14857 0.69 0.284151
14858 0.69 0.284183
14859 0.69 0.284207
14860 0.69 0.284245
14861 0.69 0.284294
14862 0.69 0.284354
14863 0.69 0.284424
14864 0.69 0.284483
14865 0.69 0.284531
14866 0.69 0.28457
14867 0.69 0.284601
14868 0.69 0.284624
14869 0.69 0.284641
14870 0.69 0.284652
14871 0.69 0.284657
14872 0.69 0.284658
14873 0.69 0.284654
14874 0.69 0.284647
14875 0.69 0.284636
14876 0.69 0.284622
14877 0.69 0.284605
14878 0.69 0.284586
14879 0.69 0.284565
14880 0.69 0.284542
14881 0.69 0.284517
14882 0.69 0.284491
14883 0.69 0.284463
14884 0.69 0.284434
14885 0.69 0.284404
14886 0.69 0.284373
14887 0.69 0.284341
14888 0.69 0.284308
14889 0.69 0.284275
14890 0.69 0.284241
14891 0.69 0.284206
14892 0.69 0.284171
14893 0.69 0.284136
14894 0.69 0.284119
14895 0.69 0.28412
14896 0.69 0.284137
14897 0.69 0.284167
14898 0.69 0.284191
14899 0.69 0.284208
14900 0.69 0.284219
14901 0.69 0.284226
14902 0.69 0.284227
14903 0.69 0.284225
14904 0.69 0.284219
14905 0.69 0.28421
14906 0.69 0.284197
14907 0.69 0.284183
14908 0.69 0.284165
14909 0.69 0.284146
14910 0.69 0.284125
14911 0.69 0.284102
14912 0.69 0.284077
14913 0.69 0.284051
14914 0.69 0.284024
14915 0.69 0.283995
14916 0.69 0.283966
14917 0.69 0.283936
14918 0.69 0.283904
14919 0.69 0.283872
14920 0.69 0.28384
14921 0.69 0.283806
14922 0.69 0.283772
14923 0.69 0.283737
14924 0.69 0.283702
14925 0.69 0.283667
14926 0.69 0.283631
14927 0.69 0.283594
14928 0.69 0.283558
14929 0.69 0.283521
14930 0.69 0.283483
14931 0.69 0.283446
14932 0.69 0.283408
14933 0.69 0.28337
14934 0.69 0.283332
14935 0.69 0.283293
14936 0.69 0.283255
14937 0.69 0.283216
14938 0.69 0.283177
14939 0.69 0.283138
14940 0.69 0.2831
14941 0.69 0.283061
14942 0.69 0.283021
14943 0.69 0.282982
14944 0.69 0.282943
14945 0.69 0.282904
14946 0.69 0.282865
14947 0.69 0.282825
14948 0.69 0.282786
14949 0.69 0.282747
14950 0.69 0.282708
14951 0.69 0.282668
14952 0.69 0.282629
14953 0.69 0.28259
14954 0.69 0.282551
14955 0.69 0.282512
14956 0.69 0.282473
14957 0.69 0.282433
14958 0.69 0.282394
14959 0.69 0.282355
14960 0.69 0.282316
14961 0.69 0.282276
14962 0.69 0.282237
14963 0.69 0.282197
14964 0.69 0.282158
14965 0.69 0.282118
14966 0.69 0.282078
14967 0.69 0.282038
14968 0.69 0.281998
14969 0.69 0.281958
14970 0.69 0.281918
14971 0.69 0.281878
14972 0.69 0.281837
14973 0.69 0.281797
14974 0.69 0.281756
14975 0.69 0.281716
14976 0.69 0.281675
14977 0.69 0.281634
14978 0.69 0.281593
14979 0.69 0.281553
14980 0.69 0.281512
14981 0.69 0.281471
14982 0.69 0.28143
14983 0.69 0.281388
14984 0.69 0.281347
14985 0.69 0.281306
14986 0.69 0.281265
14987 0.69 0.281224
14988 0.69 0.281182
14989 0.69 0.281141
14990 0.69 0.281099
14991 0.69 0.281058
14992 0.69 0.281017
14993 0.69 0.280975
14994 0.69 0.280934
14995 0.69 0.280892
14996 0.69 0.280851
14997 0.69 0.280809
14998 0.69 0.280767
14999 0.69 0.280725
15000 0.69 0.280683
