14000 0.744046 0.195893
14001 0.744036 0.195883
14002 0.744041 0.195867
14003 0.744059 0.195844
14004 0.74406 0.195824
14005 0.744045 0.195806
14006 0.744045 0.195783
14007 0.744058 0.195754
14008 0.744084 0.19572
14009 0.744106 0.195674
14010 0.744124 0.195617
14011 0.74414 0.195551
14012 0.744153 0.195475
14013 0.744164 0.195391
14014 0.744187 0.195308
14015 0.744221 0.195225
14016 0.74425 0.195136
14017 0.744276 0.19507
14018 0.744299 0.195027
14019 0.744318 0.194973
14020 0.744335 0.194939
14021 0.744349 0.194925
14022 0.744361 0.194927
14023 0.744371 0.194945
14024 0.74438 0.194977
14025 0.744371 0.195006
14026 0.744363 0.195016
14027 0.744355 0.19501
14028 0.744361 0.194997
14029 0.744379 0.194978
14030 0.74441 0.194952
14031 0.744422 0.19493
14032 0.744432 0.194895
14033 0.74444 0.194847
14034 0.744446 0.194789
14035 0.74445 0.194721
14036 0.744453 0.194675
14037 0.744455 0.194649
14038 0.744457 0.194642
14039 0.744457 0.194651
14040 0.744456 0.194675
14041 0.744455 0.194712
14042 0.744453 0.19476
14043 0.744451 0.19482
14044 0.744448 0.194858
14045 0.744444 0.194877
14046 0.744425 0.194894
14047 0.744407 0.194925
14048 0.74439 0.194968
14049 0.744374 0.195023
14050 0.744359 0.195057
14051 0.744344 0.195071
14052 0.744329 0.195069
14053 0.744315 0.195051
14054 0.744302 0.19502
14055 0.744303 0.194984
14056 0.744317 0.194944
14057 0.744344 0.1949
14058 0.744367 0.194845
14059 0.744372 0.194796
14060 0.744361 0.194752
14061 0.74435 0.194697
14062 0.744339 0.194632
14063 0.744329 0.194558
14064 0.744318 0.194507
14065 0.744308 0.194477
14066 0.744297 0.194466
14067 0.744287 0.194471
14068 0.744278 0.194491
14069 0.744268 0.194525
14070 0.744273 0.194547
14071 0.744291 0.19456
14072 0.74432 0.194564
14073 0.744361 0.194559
14074 0.744411 0.194548
14075 0.74444 0.194538
14076 0.744451 0.194529
14077 0.744445 0.194521
14078 0.744424 0.194515
14079 0.744389 0.194509
14080 0.744358 0.19452
14081 0.744328 0.194545
14082 0.744315 0.19456
14083 0.744302 0.194557
14084 0.74429 0.19454
14085 0.744277 0.194508
14086 0.744265 0.194464
14087 0.744252 0.194409
14088 0.744255 0.194352
14089 0.74427 0.194293
14090 0.744298 0.194232
14091 0.744337 0.194169
14092 0.744385 0.194105
14093 0.744428 0.194063
14094 0.744466 0.19404
14095 0.744498 0.194036
14096 0.744527 0.194047
14097 0.744538 0.194058
14098 0.744531 0.194068
14099 0.74451 0.194077
14100 0.74449 0.194069
14101 0.74447 0.194047
14102 0.744466 0.194019
14103 0.744476 0.193987
14104 0.744499 0.19395
14105 0.744519 0.193932
14106 0.744535 0.193932
14107 0.74455 0.193947
14108 0.744562 0.193977
14109 0.744571 0.194019
14110 0.744579 0.194072
14111 0.744586 0.194136
14112 0.744591 0.194209
14113 0.744594 0.19429
14114 0.744596 0.194379
14115 0.744597 0.194443
14116 0.744597 0.194486
14117 0.744595 0.194508
14118 0.744593 0.194513
14119 0.744589 0.194501
14120 0.744585 0.194475
14121 0.74458 0.194436
14122 0.744574 0.194386
14123 0.744568 0.194325
14124 0.744561 0.194254
14125 0.744554 0.194206
14126 0.744547 0.194179
14127 0.744539 0.194138
14128 0.744531 0.194087
14129 0.744523 0.194024
14130 0.744514 0.193984
14131 0.744505 0.193932
14132 0.744496 0.193901
14133 0.744487 0.193888
14134 0.744478 0.193893
14135 0.744469 0.193912
14136 0.744459 0.193945
14137 0.74445 0.193991
14138 0.744441 0.194016
14139 0.744431 0.194023
14140 0.744421 0.194046
14141 0.744426 0.194058
14142 0.744444 0.194061
14143 0.744459 0.19408
14144 0.744486 0.194089
14145 0.744524 0.19409
14146 0.744572 0.194083
14147 0.7446 0.194077
14148 0.744609 0.194071
14149 0.744602 0.194066
14150 0.74458 0.194062
14151 0.744544 0.194058
14152 0.744496 0.194055
14153 0.744467 0.194044
14154 0.744454 0.194027
14155 0.744457 0.194004
14156 0.744472 0.193976
14157 0.744471 0.19395
14158 0.744454 0.193928
14159 0.744423 0.193907
14160 0.744379 0.193889
14161 0.744354 0.193865
14162 0.744344 0.193836
14163 0.74435 0.193802
14164 0.744339 0.193772
14165 0.744313 0.193745
14166 0.744275 0.19372
14167 0.744253 0.19369
14168 0.744233 0.193679
14169 0.744214 0.193685
14170 0.744196 0.193705
14171 0.744193 0.193716
14172 0.744204 0.193718
14173 0.744227 0.193712
14174 0.744247 0.193722
14175 0.744264 0.193747
14176 0.744264 0.193769
14177 0.744248 0.19379
14178 0.744218 0.193808
14179 0.744175 0.193825
14180 0.744121 0.19384
14181 0.744086 0.193845
14182 0.744068 0.193843
14183 0.744065 0.193832
14184 0.744076 0.193831
14185 0.7441 0.193838
14186 0.744134 0.193851
14187 0.74415 0.193864
14188 0.744148 0.193875
14189 0.744131 0.193885
14190 0.7441 0.193895
14191 0.744086 0.193911
14192 0.744087 0.193933
14193 0.744101 0.193961
14194 0.744127 0.193994
14195 0.744164 0.194031
14196 0.744211 0.194057
14197 0.744238 0.194081
14198 0.744275 0.194094
14199 0.744322 0.194098
14200 0.744364 0.194086
14201 0.7444 0.19406
14202 0.744431 0.194021
14203 0.744459 0.19397
14204 0.744482 0.193909
14205 0.744502 0.193838
14206 0.744519 0.193759
14207 0.744534 0.193703
14208 0.744545 0.193669
14209 0.744555 0.193653
14210 0.744562 0.193655
14211 0.744568 0.193672
14212 0.744571 0.193672
14213 0.744574 0.193656
14214 0.744575 0.193626
14215 0.744575 0.193615
14216 0.744574 0.19362
14217 0.744572 0.193641
14218 0.744569 0.193675
14219 0.744565 0.19369
14220 0.744561 0.193688
14221 0.744556 0.19367
14222 0.74455 0.19367
14223 0.744544 0.193686
14224 0.744537 0.193715
14225 0.74453 0.193726
14226 0.744522 0.193752
14227 0.744514 0.19379
14228 0.744505 0.19384
14229 0.744497 0.193901
14230 0.744502 0.193948
14231 0.744521 0.193983
14232 0.744537 0.19403
14233 0.74455 0.194088
14234 0.74456 0.194124
14235 0.744554 0.194157
14236 0.744533 0.194186
14237 0.744513 0.194198
14238 0.744494 0.194192
14239 0.744476 0.194172
14240 0.744458 0.194138
14241 0.744427 0.194107
14242 0.744412 0.194072
14243 0.744413 0.194033
14244 0.744427 0.19399
14245 0.744423 0.193951
14246 0.744434 0.193909
14247 0.744428 0.193871
14248 0.744437 0.193829
14249 0.744458 0.193784
14250 0.744461 0.193744
14251 0.744449 0.193708
14252 0.744451 0.193667
14253 0.744437 0.193632
14254 0.744439 0.193592
14255 0.744439 0.193571
14256 0.744438 0.193569
14257 0.744435 0.193582
14258 0.744432 0.193609
14259 0.744427 0.193649
14260 0.744437 0.193678
14261 0.744459 0.193696
14262 0.744464 0.193712
14263 0.744452 0.193727
14264 0.744426 0.193741
14265 0.744387 0.193754
14266 0.744365 0.193757
14267 0.74436 0.193753
14268 0.744368 0.193741
14269 0.744374 0.193746
14270 0.744394 0.193743
14271 0.74441 0.193725
14272 0.744438 0.1937
14273 0.744477 0.193671
14274 0.744496 0.193645
14275 0.744512 0.193636
14276 0.744526 0.193645
14277 0.744536 0.193636
14278 0.744545 0.193613
14279 0.744551 0.193608
14280 0.744556 0.193588
14281 0.744559 0.193554
14282 0.74456 0.19354
14283 0.74456 0.193511
14284 0.744559 0.193469
14285 0.744557 0.193416
14286 0.744554 0.193353
14287 0.74455 0.19328
14288 0.744545 0.193199
14289 0.74454 0.193142
14290 0.744533 0.193106
14291 0.744526 0.193058
14292 0.744519 0.193
14293 0.744511 0.192931
14294 0.744503 0.192854
14295 0.744494 0.1928
14296 0.744484 0.192767
14297 0.744475 0.192753
14298 0.744464 0.192756
14299 0.744454 0.192743
14300 0.744443 0.192747
14301 0.744432 0.192766
14302 0.74442 0.192799
14303 0.744409 0.192813
14304 0.744397 0.19281
14305 0.744385 0.192792
14306 0.744374 0.192759
14307 0.744362 0.192715
14308 0.74435 0.192659
14309 0.744338 0.192594
14310 0.744325 0.192519
14311 0.744313 0.192467
14312 0.7443 0.192436
14313 0.744287 0.192424
14314 0.744274 0.192429
14315 0.744261 0.192448
14316 0.744247 0.192481
14317 0.744234 0.192527
14318 0.74422 0.192583
14319 0.744206 0.192618
14320 0.744192 0.192635
14321 0.744178 0.192665
14322 0.744164 0.192707
14323 0.74415 0.192761
14324 0.744135 0.192794
14325 0.744121 0.192808
14326 0.744107 0.192805
14327 0.744108 0.19281
14328 0.744122 0.192823
14329 0.744133 0.192819
14330 0.744142 0.192799
14331 0.744149 0.192797
14332 0.744153 0.192811
14333 0.744155 0.192808
14334 0.744156 0.19279
14335 0.744155 0.192757
14336 0.744153 0.192713
14337 0.74415 0.192657
14338 0.744161 0.192615
14339 0.744184 0.192584
14340 0.744218 0.192565
14341 0.744263 0.192555
14342 0.744317 0.192553
14343 0.744364 0.192536
14344 0.744405 0.192506
14345 0.744441 0.192462
14346 0.744471 0.192439
14347 0.744497 0.192433
14348 0.744519 0.192444
14349 0.744538 0.192438
14350 0.744553 0.192417
14351 0.744565 0.192383
14352 0.744575 0.192336
14353 0.744582 0.192279
14354 0.744587 0.192211
14355 0.74459 0.192166
14356 0.744592 0.192141
14357 0.744592 0.192134
14358 0.74459 0.192144
14359 0.744587 0.192168
14360 0.744583 0.192205
14361 0.744578 0.192254
14362 0.744572 0.192283
14363 0.744565 0.192293
14364 0.744557 0.192286
14365 0.744549 0.192265
14366 0.74454 0.19223
14367 0.74453 0.192183
14368 0.74452 0.192156
14369 0.74451 0.192148
14370 0.744499 0.192125
14371 0.744488 0.192088
14372 0.744476 0.19204
14373 0.744464 0.191981
14374 0.744452 0.191943
14375 0.744439 0.191925
14376 0.744442 0.191916
14377 0.744442 0.191892
14378 0.744441 0.191856
14379 0.744439 0.191838
14380 0.744435 0.191838
14381 0.74443 0.191853
14382 0.744424 0.191883
14383 0.744417 0.191925
14384 0.744409 0.191978
14385 0.7444 0.192042
14386 0.744391 0.192083
14387 0.744381 0.192105
14388 0.744371 0.192109
14389 0.74436 0.192097
14390 0.744349 0.192071
14391 0.744338 0.192063
14392 0.744326 0.192071
14393 0.744314 0.192063
14394 0.744301 0.19204
14395 0.744289 0.192035
14396 0.744276 0.192047
14397 0.744263 0.192072
14398 0.744249 0.192111
14399 0.744235 0.19213
14400 0.744222 0.192163
14401 0.744207 0.192208
14402 0.744193 0.192233
14403 0.744179 0.192271
14404 0.744165 0.19232
14405 0.74415 0.19235
14406 0.744135 0.19236
14407 0.744121 0.192355
14408 0.744106 0.192334
14409 0.744091 0.192331
14410 0.744076 0.192312
14411 0.744062 0.19228
14412 0.744047 0.192235
14413 0.744032 0.19218
14414 0.744016 0.192114
14415 0.744001 0.192039
14416 0.744001 0.19198
14417 0.744015 0.191934
14418 0.744041 0.191901
14419 0.744077 0.191878
14420 0.744109 0.191874
14421 0.744135 0.191885
14422 0.744158 0.191911
14423 0.744176 0.19195
14424 0.744191 0.192001
14425 0.744203 0.192031
14426 0.744212 0.192042
14427 0.744218 0.192037
14428 0.744223 0.192016
14429 0.744211 0.191998
14430 0.744185 0.191981
14431 0.744146 0.191966
14432 0.744095 0.191952
14433 0.744047 0.191924
14434 0.744003 0.191914
14435 0.743961 0.191921
14436 0.743922 0.191942
14437 0.743885 0.191946
14438 0.743849 0.191934
14439 0.743831 0.191931
14440 0.743829 0.191936
14441 0.74384 0.191949
14442 0.743864 0.191968
14443 0.743899 0.191993
14444 0.743944 0.192023
14445 0.743969 0.19205
14446 0.743975 0.192074
14447 0.743966 0.192096
14448 0.743955 0.1921
14449 0.743944 0.192087
14450 0.743933 0.192061
14451 0.743921 0.192021
14452 0.743908 0.19197
14453 0.743895 0.19194
14454 0.743881 0.191897
14455 0.743867 0.191843
14456 0.743868 0.191802
14457 0.743883 0.191773
14458 0.743909 0.191755
14459 0.743932 0.191722
14460 0.74395 0.191678
14461 0.743965 0.191622
14462 0.743976 0.191557
14463 0.743985 0.191513
14464 0.743991 0.19149
14465 0.743994 0.191484
14466 0.743995 0.191495
14467 0.743995 0.191489
14468 0.743992 0.191468
14469 0.743989 0.191433
14470 0.743983 0.191386
14471 0.743977 0.191329
14472 0.74397 0.191261
14473 0.743976 0.191208
14474 0.743996 0.191168
14475 0.744028 0.19114
14476 0.74407 0.191123
14477 0.744106 0.191091
14478 0.744136 0.191048
14479 0.744178 0.191016
14480 0.744228 0.190995
14481 0.744288 0.190984
14482 0.744339 0.19099
14483 0.74437 0.190994
14484 0.744396 0.191014
14485 0.744417 0.191047
14486 0.744435 0.191061
14487 0.744449 0.19109
14488 0.74446 0.1911
14489 0.744468 0.191093
14490 0.744474 0.191072
14491 0.744477 0.191037
14492 0.744478 0.191021
14493 0.744478 0.191022
14494 0.744475 0.191039
14495 0.744471 0.19107
14496 0.744466 0.191113
14497 0.744459 0.191167
14498 0.744451 0.191201
14499 0.744442 0.191215
14500 0.744432 0.191244
14501 0.744421 0.191285
14502 0.74441 0.191307
14503 0.744414 0.191334
14504 0.744431 0.191366
14505 0.74446 0.191402
14506 0.744499 0.191442
14507 0.744549 0.191486
14508 0.744592 0.19151
14509 0.744629 0.191546
14510 0.74466 0.191564
14511 0.744687 0.191564
14512 0.744709 0.191549
14513 0.744727 0.191551
14514 0.744757 0.19156
14515 0.744782 0.191552
14516 0.744803 0.19153
14517 0.744806 0.19151
14518 0.744794 0.19149
14519 0.744766 0.191473
14520 0.744756 0.191464
14521 0.74476 0.191464
14522 0.744748 0.191463
14523 0.744751 0.19147
14524 0.744739 0.191475
14525 0.744725 0.191465
14526 0.744712 0.19144
14527 0.744713 0.191425
14528 0.744712 0.191395
14529 0.74471 0.191354
14530 0.744706 0.1913
14531 0.744701 0.191237
14532 0.744694 0.191164
14533 0.744687 0.191083
14534 0.744693 0.191018
14535 0.744713 0.190967
14536 0.744745 0.190928
14537 0.744772 0.190877
14538 0.744794 0.190847
14539 0.744812 0.190836
14540 0.744827 0.190842
14541 0.744838 0.190862
14542 0.744846 0.190896
14543 0.744852 0.190942
14544 0.744856 0.191
14545 0.744857 0.191067
14546 0.744856 0.191143
14547 0.744854 0.191227
14548 0.74485 0.191287
14549 0.744845 0.191325
14550 0.744838 0.191344
14551 0.744831 0.191345
14552 0.744822 0.191331
14553 0.744812 0.191302
14554 0.744802 0.191261
14555 0.74479 0.191208
14556 0.744778 0.191145
14557 0.744781 0.191096
14558 0.744798 0.191059
14559 0.744827 0.191033
14560 0.744867 0.191016
14561 0.744917 0.191009
14562 0.744976 0.19101
14563 0.745042 0.191018
14564 0.745101 0.191009
14565 0.745151 0.190986
14566 0.745195 0.190981
14567 0.745233 0.190992
14568 0.745265 0.191017
14569 0.745292 0.191056
14570 0.745315 0.191075
14571 0.745334 0.191076
14572 0.745349 0.191062
14573 0.745361 0.191034
14574 0.74537 0.190992
14575 0.745377 0.19094
14576 0.745381 0.190877
14577 0.745383 0.190804
14578 0.745383 0.190755
14579 0.745381 0.190695
14580 0.745378 0.190625
14581 0.745389 0.190569
14582 0.745413 0.190526
14583 0.745449 0.190495
14584 0.745495 0.190473
14585 0.745535 0.190439
14586 0.745569 0.190392
14587 0.745598 0.190334
14588 0.745622 0.190266
14589 0.745643 0.19019
14590 0.745659 0.190105
14591 0.745672 0.190045
14592 0.745683 0.190006
14593 0.74569 0.189956
14594 0.745695 0.189895
14595 0.745684 0.189839
14596 0.745658 0.189788
14597 0.745649 0.189749
14598 0.745655 0.189721
14599 0.745674 0.189703
14600 0.74569 0.189702
14601 0.745702 0.189717
14602 0.745711 0.189746
14603 0.745717 0.189788
14604 0.745721 0.18981
14605 0.745723 0.189814
14606 0.745723 0.189802
14607 0.745722 0.189775
14608 0.745719 0.189736
14609 0.745714 0.189685
14610 0.745708 0.189623
14611 0.745701 0.189552
14612 0.745694 0.189473
14613 0.745685 0.189385
14614 0.745675 0.189291
14615 0.745681 0.189213
14616 0.7457 0.18915
14617 0.745731 0.1891
14618 0.745774 0.189062
14619 0.745826 0.189035
14620 0.745887 0.189017
14621 0.74594 0.188986
14622 0.745987 0.188942
14623 0.746027 0.188917
14624 0.746061 0.188911
14625 0.746091 0.188922
14626 0.746116 0.188915
14627 0.746136 0.188894
14628 0.746153 0.188859
14629 0.746167 0.188812
14630 0.746178 0.188754
14631 0.746186 0.188686
14632 0.746192 0.188609
14633 0.746196 0.188525
14634 0.746198 0.188433
14635 0.746198 0.188335
14636 0.746212 0.188253
14637 0.746239 0.188186
14638 0.746277 0.188133
14639 0.746326 0.188091
14640 0.746385 0.18806
14641 0.746435 0.188017
14642 0.74648 0.187962
14643 0.746518 0.187897
14644 0.746551 0.187823
14645 0.746579 0.187741
14646 0.746603 0.187652
14647 0.746623 0.187555
14648 0.746639 0.187453
14649 0.746652 0.187377
14650 0.746663 0.187323
14651 0.746686 0.187282
14652 0.746722 0.187251
14653 0.746752 0.187208
14654 0.746778 0.187153
14655 0.746786 0.187102
14656 0.746777 0.187054
14657 0.746754 0.18701
14658 0.746717 0.186968
14659 0.746698 0.186936
14660 0.746696 0.186914
14661 0.746708 0.186901
14662 0.746717 0.186874
14663 0.746724 0.186833
14664 0.746729 0.186781
14665 0.746732 0.186718
14666 0.746733 0.186646
14667 0.746732 0.186566
14668 0.746729 0.186478
14669 0.746726 0.186383
14670 0.746737 0.186304
14671 0.746761 0.186239
14672 0.746782 0.186165
14673 0.746814 0.186105
14674 0.746858 0.186057
14675 0.746896 0.185999
14676 0.746929 0.18593
14677 0.746956 0.185884
14678 0.74698 0.185827
14679 0.746999 0.18576
14680 0.747015 0.185716
14681 0.747028 0.185691
14682 0.747037 0.185653
14683 0.747045 0.185604
14684 0.747066 0.185565
14685 0.747099 0.185537
14686 0.747144 0.185518
14687 0.747168 0.185498
14688 0.747188 0.185465
14689 0.747205 0.185419
14690 0.747219 0.185362
14691 0.74723 0.185296
14692 0.747238 0.18522
14693 0.747244 0.185136
14694 0.747248 0.185046
14695 0.74725 0.184948
14696 0.74725 0.184876
14697 0.747248 0.184827
14698 0.747245 0.184767
14699 0.747257 0.184719
14700 0.747267 0.18466
14701 0.747273 0.184592
14702 0.747278 0.184514
14703 0.747297 0.184451
14704 0.747312 0.184378
14705 0.747324 0.184297
14706 0.74735 0.184229
14707 0.747387 0.184175
14708 0.747436 0.184132
14709 0.747494 0.184099
14710 0.747544 0.184054
14711 0.747589 0.183998
14712 0.747627 0.183932
14713 0.74766 0.183857
14714 0.747689 0.183774
14715 0.747729 0.183705
14716 0.747749 0.18364
14717 0.747753 0.183578
14718 0.74774 0.18352
14719 0.747713 0.183464
14720 0.747704 0.18342
14721 0.74771 0.183386
14722 0.74773 0.183362
14723 0.747733 0.183336
14724 0.74772 0.183311
14725 0.747723 0.183294
14726 0.74771 0.183275
14727 0.747713 0.183264
14728 0.74773 0.18326
14729 0.74773 0.183254
14730 0.747715 0.183245
14731 0.747686 0.183234
14732 0.747674 0.18323
14733 0.747678 0.183232
14734 0.747681 0.183218
14735 0.747681 0.18319
14736 0.747681 0.18315
14737 0.747679 0.183097
14738 0.747676 0.183034
14739 0.747672 0.182962
14740 0.747683 0.182903
14741 0.747708 0.182855
14742 0.747745 0.182818
14743 0.747793 0.182791
14744 0.747834 0.18275
14745 0.74787 0.182698
14746 0.747902 0.182636
14747 0.747929 0.182564
14748 0.747952 0.182484
14749 0.747957 0.182408
14750 0.747947 0.182337
14751 0.747922 0.182269
14752 0.747884 0.182205
14753 0.747835 0.182144
14754 0.747805 0.182095
14755 0.747793 0.182056
14756 0.747797 0.182027
14757 0.747799 0.181986
14758 0.747799 0.181932
14759 0.747814 0.18189
14760 0.747827 0.181836
14761 0.747836 0.181772
14762 0.747844 0.181699
14763 0.747849 0.181618
14764 0.747853 0.181529
14765 0.747855 0.181433
14766 0.747855 0.181331
14767 0.747854 0.181223
14768 0.747852 0.181111
14769 0.747865 0.181016
14770 0.747875 0.180914
14771 0.747899 0.180828
14772 0.747935 0.180757
14773 0.747982 0.180698
14774 0.748039 0.18065
14775 0.748089 0.180592
14776 0.748133 0.180524
14777 0.748157 0.180459
14778 0.748178 0.180385
14779 0.748195 0.180302
14780 0.748209 0.180213
14781 0.748221 0.180116
14782 0.74823 0.180014
14783 0.748252 0.179927
14784 0.748272 0.179833
14785 0.748288 0.179733
14786 0.748301 0.179627
14787 0.748312 0.179516
14788 0.748336 0.179422
14789 0.748373 0.179342
14790 0.748421 0.179275
14791 0.748479 0.179221
14792 0.748546 0.179177
14793 0.748605 0.179122
14794 0.748657 0.179057
14795 0.748702 0.178982
14796 0.748742 0.1789
14797 0.748776 0.178841
14798 0.748806 0.178804
14799 0.74883 0.178786
14800 0.748851 0.178785
14801 0.748868 0.178769
14802 0.748869 0.17875
14803 0.748855 0.178729
14804 0.748826 0.178705
14805 0.748786 0.17868
14806 0.748735 0.178652
14807 0.748673 0.178623
14808 0.748633 0.178602
14809 0.748611 0.178588
14810 0.748607 0.178581
14811 0.748618 0.178579
14812 0.748642 0.178583
14813 0.74868 0.178592
14814 0.748728 0.178605
14815 0.748756 0.178612
14816 0.748766 0.178614
14817 0.748761 0.178612
14818 0.74877 0.178615
14819 0.748778 0.178602
14820 0.748783 0.178574
14821 0.748787 0.178534
14822 0.748789 0.178482
14823 0.748806 0.178441
14824 0.748835 0.178409
14825 0.748877 0.178385
14826 0.748913 0.178347
14827 0.748931 0.17831
14828 0.748932 0.178271
14829 0.748917 0.178233
14830 0.748889 0.178194
14831 0.748879 0.178164
14832 0.748884 0.178142
14833 0.748904 0.178127
14834 0.748937 0.178118
14835 0.748951 0.178107
14836 0.748949 0.178092
14837 0.748932 0.178074
14838 0.748901 0.178054
14839 0.748888 0.178041
14840 0.748892 0.178035
14841 0.74891 0.178033
14842 0.748941 0.178037
14843 0.748954 0.178036
14844 0.748951 0.178031
14845 0.748933 0.178023
14846 0.748931 0.17802
14847 0.748945 0.178022
14848 0.748972 0.178029
14849 0.749012 0.17804
14850 0.749062 0.178055
14851 0.749123 0.178073
14852 0.749162 0.178085
14853 0.749212 0.1781
14854 0.749272 0.178119
14855 0.749311 0.178132
14856 0.749362 0.178148
14857 0.749392 0.178158
14858 0.749404 0.178163
14859 0.749413 0.178151
14860 0.749421 0.178126
14861 0.749427 0.178087
14862 0.749431 0.178036
14863 0.749433 0.177975
14864 0.749435 0.177904
14865 0.749451 0.177845
14866 0.74948 0.177797
14867 0.749522 0.177757
14868 0.749558 0.177706
14869 0.74959 0.177644
14870 0.749618 0.177573
14871 0.749641 0.177494
14872 0.749661 0.177406
14873 0.749679 0.177312
14874 0.749693 0.177211
14875 0.749705 0.177105
14876 0.749715 0.176994
14877 0.749722 0.176878
14878 0.749728 0.176758
14879 0.749732 0.176634
14880 0.749751 0.176527
14881 0.749783 0.176435
14882 0.74981 0.176368
14883 0.749834 0.176323
14884 0.749853 0.176299
14885 0.749869 0.176292
14886 0.749882 0.176302
14887 0.749892 0.176327
14888 0.749899 0.176364
14889 0.749904 0.176414
14890 0.749908 0.176443
14891 0.74991 0.176484
14892 0.74991 0.176506
14893 0.74991 0.17651
14894 0.749908 0.176498
14895 0.749906 0.176472
14896 0.749903 0.176432
14897 0.749899 0.17638
14898 0.749894 0.176318
14899 0.749889 0.176247
14900 0.749883 0.176167
14901 0.749877 0.176079
14902 0.74987 0.175985
14903 0.749863 0.175884
14904 0.749855 0.175809
14905 0.749846 0.175757
14906 0.749837 0.175694
14907 0.749827 0.175654
14908 0.749816 0.175633
14909 0.749805 0.17563
14910 0.749794 0.175642
14911 0.749781 0.17567
14912 0.749769 0.17571
14913 0.749756 0.175761
14914 0.749742 0.175824
14915 0.749729 0.175864
14916 0.749716 0.175885
14917 0.749703 0.175887
14918 0.74969 0.175874
14919 0.749677 0.175847
14920 0.749664 0.175806
14921 0.749652 0.175754
14922 0.749639 0.175723
14923 0.749626 0.175679
14924 0.749613 0.175624
14925 0.749616 0.175579
14926 0.749635 0.175542
14927 0.749666 0.175514
14928 0.749693 0.175504
14929 0.749715 0.17551
14930 0.749733 0.175532
14931 0.749748 0.175536
14932 0.74976 0.175523
14933 0.74977 0.175496
14934 0.749778 0.175457
14935 0.749783 0.175405
14936 0.749787 0.175343
14937 0.74979 0.175272
14938 0.749791 0.175192
14939 0.74979 0.175104
14940 0.749788 0.17504
14941 0.749785 0.174968
14942 0.749781 0.174887
14943 0.749776 0.174798
14944 0.74977 0.174703
14945 0.749763 0.174632
14946 0.749755 0.174585
14947 0.749745 0.174557
14948 0.749735 0.174548
14949 0.749723 0.174556
14950 0.749711 0.174578
14951 0.749699 0.174583
14952 0.749686 0.174571
14953 0.749674 0.174545
14954 0.749661 0.174506
14955 0.749648 0.174486
14956 0.749634 0.174484
14957 0.74962 0.174466
14958 0.749606 0.174435
14959 0.749592 0.174422
14960 0.749578 0.174395
14961 0.749563 0.174386
14962 0.749547 0.174393
14963 0.749531 0.174416
14964 0.749515 0.174451
14965 0.749498 0.174499
14966 0.74948 0.174558
14967 0.749463 0.174626
14968 0.749445 0.174672
14969 0.749429 0.174697
14970 0.749412 0.174705
14971 0.749396 0.174695
14972 0.74938 0.174672
14973 0.749364 0.174635
14974 0.749348 0.174585
14975 0.749332 0.174526
14976 0.749317 0.174456
14977 0.749318 0.174398
14978 0.749334 0.17435
14979 0.749363 0.174312
14980 0.749405 0.174282
14981 0.749441 0.17424
14982 0.749472 0.174186
14983 0.749498 0.174122
14984 0.74952 0.17408
14985 0.749538 0.174057
14986 0.749552 0.174053
14987 0.749562 0.174064
14988 0.74957 0.17409
14989 0.749575 0.174098
14990 0.749579 0.174089
14991 0.74958 0.174066
14992 0.749581 0.174029
14993 0.749579 0.17398
14994 0.749577 0.17392
14995 0.749573 0.173851
14996 0.749567 0.173804
14997 0.74956 0.173778
14998 0.749552 0.17377
14999 0.749543 0.173778
15000 0.749533 0.173769
