14000 0.69 0.352353
14001 0.69 0.352298
14002 0.69 0.352233
14003 0.69 0.352159
14004 0.69 0.352108
14005 0.69 0.352077
14006 0.69 0.352065
14007 0.69 0.352071
14008 0.69 0.352059
14009 0.69 0.352034
14010 0.69 0.351995
14011 0.69 0.351945
14012 0.69 0.351915
14013 0.69 0.351904
14014 0.69 0.351879
14015 0.69 0.35184
14016 0.69 0.35179
14017 0.69 0.351729
14018 0.69 0.351659
14019 0.69 0.35158
14020 0.69 0.351493
14021 0.69 0.351431
14022 0.69 0.351391
14023 0.69 0.351339
14024 0.69 0.351276
14025 0.69 0.351204
14026 0.69 0.351124
14027 0.69 0.351068
14028 0.69 0.351025
14029 0.69 0.350994
14030 0.69 0.350973
14031 0.69 0.350963
14032 0.69 0.350962
14033 0.69 0.350968
14034 0.69 0.350982
14035 0.69 0.351002
14036 0.69 0.351035
14037 0.69 0.351081
14038 0.69 0.351107
14039 0.69 0.351114
14040 0.69 0.351105
14041 0.69 0.351082
14042 0.69 0.351045
14043 0.69 0.351027
14044 0.69 0.350996
14045 0.69 0.350983
14046 0.69 0.350956
14047 0.69 0.350916
14048 0.69 0.350896
14049 0.69 0.350894
14050 0.69 0.350907
14051 0.69 0.350934
14052 0.69 0.350975
14053 0.69 0.351026
14054 0.69 0.351058
14055 0.69 0.35107
14056 0.69 0.351065
14057 0.69 0.351046
14058 0.69 0.351012
14059 0.69 0.350967
14060 0.69 0.35091
14061 0.69 0.350874
14062 0.69 0.350858
14063 0.69 0.350828
14064 0.69 0.350785
14065 0.69 0.350731
14066 0.69 0.350667
14067 0.69 0.350624
14068 0.69 0.350571
14069 0.69 0.350538
14070 0.69 0.350493
14071 0.69 0.350468
14072 0.69 0.35043
14073 0.69 0.35038
14074 0.69 0.35032
14075 0.69 0.35025
14076 0.69 0.350171
14077 0.69 0.350116
14078 0.69 0.350082
14079 0.69 0.350067
14080 0.69 0.350069
14081 0.69 0.350056
14082 0.69 0.350028
14083 0.69 0.349987
14084 0.69 0.349935
14085 0.69 0.349872
14086 0.69 0.349831
14087 0.69 0.34981
14088 0.69 0.349807
14089 0.69 0.349819
14090 0.69 0.349846
14091 0.69 0.349886
14092 0.69 0.349907
14093 0.69 0.349909
14094 0.69 0.349896
14095 0.69 0.349869
14096 0.69 0.349828
14097 0.69 0.349776
14098 0.69 0.349714
14099 0.69 0.349673
14100 0.69 0.349653
14101 0.69 0.349649
14102 0.69 0.349631
14103 0.69 0.349599
14104 0.69 0.349578
14105 0.69 0.349566
14106 0.69 0.349564
14107 0.69 0.349577
14108 0.69 0.349573
14109 0.69 0.349554
14110 0.69 0.349522
14111 0.69 0.349477
14112 0.69 0.349452
14113 0.69 0.349445
14114 0.69 0.349455
14115 0.69 0.349479
14116 0.69 0.349517
14117 0.69 0.349566
14118 0.69 0.349626
14119 0.69 0.349696
14120 0.69 0.349743
14121 0.69 0.34977
14122 0.69 0.34981
14123 0.69 0.349861
14124 0.69 0.349892
14125 0.69 0.349904
14126 0.69 0.349899
14127 0.69 0.349879
14128 0.69 0.349845
14129 0.69 0.349799
14130 0.69 0.349742
14131 0.69 0.349676
14132 0.69 0.3496
14133 0.69 0.349547
14134 0.69 0.349516
14135 0.69 0.349471
14136 0.69 0.349416
14137 0.69 0.349351
14138 0.69 0.349308
14139 0.69 0.349284
14140 0.69 0.349279
14141 0.69 0.34929
14142 0.69 0.349315
14143 0.69 0.349353
14144 0.69 0.349404
14145 0.69 0.349433
14146 0.69 0.349444
14147 0.69 0.349438
14148 0.69 0.349418
14149 0.69 0.349415
14150 0.69 0.349427
14151 0.69 0.349423
14152 0.69 0.349404
14153 0.69 0.349402
14154 0.69 0.349417
14155 0.69 0.349445
14156 0.69 0.349455
14157 0.69 0.349448
14158 0.69 0.349426
14159 0.69 0.349422
14160 0.69 0.349434
14161 0.69 0.349461
14162 0.69 0.349469
14163 0.69 0.349461
14164 0.69 0.349469
14165 0.69 0.349492
14166 0.69 0.349529
14167 0.69 0.349577
14168 0.69 0.349636
14169 0.69 0.349674
14170 0.69 0.349692
14171 0.69 0.349693
14172 0.69 0.349678
14173 0.69 0.34968
14174 0.69 0.349698
14175 0.69 0.349729
14176 0.69 0.349773
14177 0.69 0.349797
14178 0.69 0.349803
14179 0.69 0.349792
14180 0.69 0.349799
14181 0.69 0.34982
14182 0.69 0.349824
14183 0.69 0.349843
14184 0.69 0.349875
14185 0.69 0.34992
14186 0.69 0.349976
14187 0.69 0.350042
14188 0.69 0.350086
14189 0.69 0.35011
14190 0.69 0.350116
14191 0.69 0.350105
14192 0.69 0.350112
14193 0.69 0.350133
14194 0.69 0.350137
14195 0.69 0.350124
14196 0.69 0.350097
14197 0.69 0.350058
14198 0.69 0.350006
14199 0.69 0.349944
14200 0.69 0.349873
14201 0.69 0.349824
14202 0.69 0.349765
14203 0.69 0.349696
14204 0.69 0.349618
14205 0.69 0.349533
14206 0.69 0.349464
14207 0.69 0.349409
14208 0.69 0.349368
14209 0.69 0.349338
14210 0.69 0.349319
14211 0.69 0.34931
14212 0.69 0.349309
14213 0.69 0.349324
14214 0.69 0.349353
14215 0.69 0.349395
14216 0.69 0.349417
14217 0.69 0.349422
14218 0.69 0.34941
14219 0.69 0.349384
14220 0.69 0.349376
14221 0.69 0.349384
14222 0.69 0.349407
14223 0.69 0.349413
14224 0.69 0.349402
14225 0.69 0.349408
14226 0.69 0.349429
14227 0.69 0.349463
14228 0.69 0.349478
14229 0.69 0.349508
14230 0.69 0.34955
14231 0.69 0.349603
14232 0.69 0.349667
14233 0.69 0.34974
14234 0.69 0.34979
14235 0.69 0.349819
14236 0.69 0.34983
14237 0.69 0.349824
14238 0.69 0.349803
14239 0.69 0.349769
14240 0.69 0.349753
14241 0.69 0.349724
14242 0.69 0.349682
14243 0.69 0.34966
14244 0.69 0.349655
14245 0.69 0.349636
14246 0.69 0.349602
14247 0.69 0.349557
14248 0.69 0.3495
14249 0.69 0.349434
14250 0.69 0.349359
14251 0.69 0.349275
14252 0.69 0.349184
14253 0.69 0.349118
14254 0.69 0.349075
14255 0.69 0.349051
14256 0.69 0.349045
14257 0.69 0.349055
14258 0.69 0.34908
14259 0.69 0.349118
14260 0.69 0.349168
14261 0.69 0.349197
14262 0.69 0.349208
14263 0.69 0.349202
14264 0.69 0.349181
14265 0.69 0.349177
14266 0.69 0.34919
14267 0.69 0.349217
14268 0.69 0.349257
14269 0.69 0.349308
14270 0.69 0.34937
14271 0.69 0.349442
14272 0.69 0.349522
14273 0.69 0.349609
14274 0.69 0.349703
14275 0.69 0.349773
14276 0.69 0.349819
14277 0.69 0.349846
14278 0.69 0.349854
14279 0.69 0.349846
14280 0.69 0.349854
14281 0.69 0.349878
14282 0.69 0.349883
14283 0.69 0.349872
14284 0.69 0.349846
14285 0.69 0.349808
14286 0.69 0.349758
14287 0.69 0.349728
14288 0.69 0.349717
14289 0.69 0.349692
14290 0.69 0.349654
14291 0.69 0.349635
14292 0.69 0.349633
14293 0.69 0.349647
14294 0.69 0.349645
14295 0.69 0.349627
14296 0.69 0.349595
14297 0.69 0.349551
14298 0.69 0.349527
14299 0.69 0.34952
14300 0.69 0.34953
14301 0.69 0.349524
14302 0.69 0.349503
14303 0.69 0.349468
14304 0.69 0.349421
14305 0.69 0.349395
14306 0.69 0.349387
14307 0.69 0.349364
14308 0.69 0.349359
14309 0.69 0.349339
14310 0.69 0.349336
14311 0.69 0.349349
14312 0.69 0.349377
14313 0.69 0.349417
14314 0.69 0.349438
14315 0.69 0.349441
14316 0.69 0.349428
14317 0.69 0.349401
14318 0.69 0.349362
14319 0.69 0.34931
14320 0.69 0.349249
14321 0.69 0.349177
14322 0.69 0.349098
14323 0.69 0.349042
14324 0.69 0.349007
14325 0.69 0.348991
14326 0.69 0.348993
14327 0.69 0.34901
14328 0.69 0.349041
14329 0.69 0.349084
14330 0.69 0.349108
14331 0.69 0.349113
14332 0.69 0.349103
14333 0.69 0.349109
14334 0.69 0.34913
14335 0.69 0.349165
14336 0.69 0.34918
14337 0.69 0.349179
14338 0.69 0.349162
14339 0.69 0.349131
14340 0.69 0.349119
14341 0.69 0.349124
14342 0.69 0.349144
14343 0.69 0.349178
14344 0.69 0.349192
14345 0.69 0.34919
14346 0.69 0.349173
14347 0.69 0.349141
14348 0.69 0.349097
14349 0.69 0.349043
14350 0.69 0.348978
14351 0.69 0.348904
14352 0.69 0.348821
14353 0.69 0.348732
14354 0.69 0.348667
14355 0.69 0.348625
14356 0.69 0.348602
14357 0.69 0.348597
14358 0.69 0.348608
14359 0.69 0.348634
14360 0.69 0.348641
14361 0.69 0.348633
14362 0.69 0.348609
14363 0.69 0.348573
14364 0.69 0.348556
14365 0.69 0.348556
14366 0.69 0.348572
14367 0.69 0.348602
14368 0.69 0.348644
14369 0.69 0.348698
14370 0.69 0.348762
14371 0.69 0.348836
14372 0.69 0.348886
14373 0.69 0.348916
14374 0.69 0.348928
14375 0.69 0.348923
14376 0.69 0.348903
14377 0.69 0.348869
14378 0.69 0.348855
14379 0.69 0.348857
14380 0.69 0.348875
14381 0.69 0.348875
14382 0.69 0.34886
14383 0.69 0.348832
14384 0.69 0.34879
14385 0.69 0.348738
14386 0.69 0.348706
14387 0.69 0.348692
14388 0.69 0.348696
14389 0.69 0.348715
14390 0.69 0.348747
14391 0.69 0.348792
14392 0.69 0.348848
14393 0.69 0.348883
14394 0.69 0.348899
14395 0.69 0.348898
14396 0.69 0.348881
14397 0.69 0.348882
14398 0.69 0.348899
14399 0.69 0.348929
14400 0.69 0.348971
14401 0.69 0.349025
14402 0.69 0.349089
14403 0.69 0.349131
14404 0.69 0.349154
14405 0.69 0.349159
14406 0.69 0.349148
14407 0.69 0.349122
14408 0.69 0.349084
14409 0.69 0.349065
14410 0.69 0.349064
14411 0.69 0.349078
14412 0.69 0.349076
14413 0.69 0.349058
14414 0.69 0.349027
14415 0.69 0.348983
14416 0.69 0.348928
14417 0.69 0.348895
14418 0.69 0.34888
14419 0.69 0.348882
14420 0.69 0.348869
14421 0.69 0.348841
14422 0.69 0.348801
14423 0.69 0.34875
14424 0.69 0.348719
14425 0.69 0.348707
14426 0.69 0.348711
14427 0.69 0.3487
14428 0.69 0.348706
14429 0.69 0.348726
14430 0.69 0.34876
14431 0.69 0.348806
14432 0.69 0.348832
14433 0.69 0.348871
14434 0.69 0.348921
14435 0.69 0.348951
14436 0.69 0.348963
14437 0.69 0.348959
14438 0.69 0.348939
14439 0.69 0.348937
14440 0.69 0.34895
14441 0.69 0.348978
14442 0.69 0.348988
14443 0.69 0.348981
14444 0.69 0.34896
14445 0.69 0.348925
14446 0.69 0.348879
14447 0.69 0.348853
14448 0.69 0.348845
14449 0.69 0.348853
14450 0.69 0.348876
14451 0.69 0.348881
14452 0.69 0.34887
14453 0.69 0.348846
14454 0.69 0.348839
14455 0.69 0.348848
14456 0.69 0.348872
14457 0.69 0.348909
14458 0.69 0.348927
14459 0.69 0.348928
14460 0.69 0.348913
14461 0.69 0.348885
14462 0.69 0.348845
14463 0.69 0.348793
14464 0.69 0.348762
14465 0.69 0.34875
14466 0.69 0.348754
14467 0.69 0.348773
14468 0.69 0.348775
14469 0.69 0.348761
14470 0.69 0.348734
14471 0.69 0.348695
14472 0.69 0.348645
14473 0.69 0.348614
14474 0.69 0.348603
14475 0.69 0.348607
14476 0.69 0.348627
14477 0.69 0.34866
14478 0.69 0.348705
14479 0.69 0.34876
14480 0.69 0.348826
14481 0.69 0.34887
14482 0.69 0.348894
14483 0.69 0.348901
14484 0.69 0.348892
14485 0.69 0.348869
14486 0.69 0.348864
14487 0.69 0.348875
14488 0.69 0.348899
14489 0.69 0.348937
14490 0.69 0.348987
14491 0.69 0.349046
14492 0.69 0.349116
14493 0.69 0.349193
14494 0.69 0.349278
14495 0.69 0.34934
14496 0.69 0.34938
14497 0.69 0.349402
14498 0.69 0.349406
14499 0.69 0.349394
14500 0.69 0.349369
14501 0.69 0.349331
14502 0.69 0.349282
14503 0.69 0.349253
14504 0.69 0.349242
14505 0.69 0.349248
14506 0.69 0.349269
14507 0.69 0.349303
14508 0.69 0.349349
14509 0.69 0.349406
14510 0.69 0.349472
14511 0.69 0.349548
14512 0.69 0.349631
14513 0.69 0.349722
14514 0.69 0.349818
14515 0.69 0.349921
14516 0.69 0.349998
14517 0.69 0.350053
14518 0.69 0.350086
14519 0.69 0.350102
14520 0.69 0.350101
14521 0.69 0.350084
14522 0.69 0.350055
14523 0.69 0.350013
14524 0.69 0.34996
14525 0.69 0.349928
14526 0.69 0.349915
14527 0.69 0.349918
14528 0.69 0.349936
14529 0.69 0.349968
14530 0.69 0.349982
14531 0.69 0.349979
14532 0.69 0.349962
14533 0.69 0.349931
14534 0.69 0.349888
14535 0.69 0.349835
14536 0.69 0.349772
14537 0.69 0.349731
14538 0.69 0.349709
14539 0.69 0.349704
14540 0.69 0.349716
14541 0.69 0.349741
14542 0.69 0.349779
14543 0.69 0.349829
14544 0.69 0.349889
14545 0.69 0.349958
14546 0.69 0.350006
14547 0.69 0.350033
14548 0.69 0.350043
14549 0.69 0.350068
14550 0.69 0.350105
14551 0.69 0.350123
14552 0.69 0.350125
14553 0.69 0.350142
14554 0.69 0.350142
14555 0.69 0.350157
14556 0.69 0.350186
14557 0.69 0.350198
14558 0.69 0.350223
14559 0.69 0.350262
14560 0.69 0.350311
14561 0.69 0.350341
14562 0.69 0.350383
14563 0.69 0.350436
14564 0.69 0.350499
14565 0.69 0.350572
14566 0.69 0.350652
14567 0.69 0.350709
14568 0.69 0.350746
14569 0.69 0.350794
14570 0.69 0.350823
14571 0.69 0.350864
14572 0.69 0.350916
14573 0.69 0.350948
14574 0.69 0.350962
14575 0.69 0.35096
14576 0.69 0.350973
14577 0.69 0.351
14578 0.69 0.35101
14579 0.69 0.351003
14580 0.69 0.350983
14581 0.69 0.35098
14582 0.69 0.350992
14583 0.69 0.350988
14584 0.69 0.35097
14585 0.69 0.350939
14586 0.69 0.350926
14587 0.69 0.35093
14588 0.69 0.350948
14589 0.69 0.35098
14590 0.69 0.350994
14591 0.69 0.350992
14592 0.69 0.350975
14593 0.69 0.350945
14594 0.69 0.350903
14595 0.69 0.350851
14596 0.69 0.350789
14597 0.69 0.350748
14598 0.69 0.350727
14599 0.69 0.350723
14600 0.69 0.350734
14601 0.69 0.35076
14602 0.69 0.350799
14603 0.69 0.350848
14604 0.69 0.350908
14605 0.69 0.350977
14606 0.69 0.351055
14607 0.69 0.35111
14608 0.69 0.351144
14609 0.69 0.351161
14610 0.69 0.351161
14611 0.69 0.351146
14612 0.69 0.351118
14613 0.69 0.351078
14614 0.69 0.351028
14615 0.69 0.350967
14616 0.69 0.350898
14617 0.69 0.350852
14618 0.69 0.350824
14619 0.69 0.350815
14620 0.69 0.350822
14621 0.69 0.350843
14622 0.69 0.350878
14623 0.69 0.350924
14624 0.69 0.35095
14625 0.69 0.35096
14626 0.69 0.350954
14627 0.69 0.350933
14628 0.69 0.3509
14629 0.69 0.350856
14630 0.69 0.350801
14631 0.69 0.350737
14632 0.69 0.350695
14633 0.69 0.350672
14634 0.69 0.350666
14635 0.69 0.350676
14636 0.69 0.350701
14637 0.69 0.350738
14638 0.69 0.350786
14639 0.69 0.350845
14640 0.69 0.350883
14641 0.69 0.350903
14642 0.69 0.350906
14643 0.69 0.350894
14644 0.69 0.350868
14645 0.69 0.350831
14646 0.69 0.350782
14647 0.69 0.350753
14648 0.69 0.350743
14649 0.69 0.350748
14650 0.69 0.350768
14651 0.69 0.350802
14652 0.69 0.350847
14653 0.69 0.350873
14654 0.69 0.350882
14655 0.69 0.350905
14656 0.69 0.35094
14657 0.69 0.350988
14658 0.69 0.351016
14659 0.69 0.351026
14660 0.69 0.351021
14661 0.69 0.351032
14662 0.69 0.351057
14663 0.69 0.351064
14664 0.69 0.351056
14665 0.69 0.351065
14666 0.69 0.351057
14667 0.69 0.351066
14668 0.69 0.351089
14669 0.69 0.351095
14670 0.69 0.351086
14671 0.69 0.351063
14672 0.69 0.351028
14673 0.69 0.351012
14674 0.69 0.351012
14675 0.69 0.351028
14676 0.69 0.351057
14677 0.69 0.351068
14678 0.69 0.351064
14679 0.69 0.351046
14680 0.69 0.351015
14681 0.69 0.350973
14682 0.69 0.350921
14683 0.69 0.35086
14684 0.69 0.35079
14685 0.69 0.350713
14686 0.69 0.350658
14687 0.69 0.350624
14688 0.69 0.350609
14689 0.69 0.35061
14690 0.69 0.350626
14691 0.69 0.350625
14692 0.69 0.350611
14693 0.69 0.350584
14694 0.69 0.350545
14695 0.69 0.350495
14696 0.69 0.350466
14697 0.69 0.350454
14698 0.69 0.350459
14699 0.69 0.350478
14700 0.69 0.350481
14701 0.69 0.350469
14702 0.69 0.350444
14703 0.69 0.350408
14704 0.69 0.35036
14705 0.69 0.350304
14706 0.69 0.350268
14707 0.69 0.35025
14708 0.69 0.350249
14709 0.69 0.350263
14710 0.69 0.350291
14711 0.69 0.350331
14712 0.69 0.350353
14713 0.69 0.350358
14714 0.69 0.350349
14715 0.69 0.350326
14716 0.69 0.350291
14717 0.69 0.350245
14718 0.69 0.350189
14719 0.69 0.350154
14720 0.69 0.350138
14721 0.69 0.350138
14722 0.69 0.350153
14723 0.69 0.350152
14724 0.69 0.350137
14725 0.69 0.35011
14726 0.69 0.35007
14727 0.69 0.35002
14728 0.69 0.349961
14729 0.69 0.349923
14730 0.69 0.349904
14731 0.69 0.349901
14732 0.69 0.349914
14733 0.69 0.34994
14734 0.69 0.34995
14735 0.69 0.349944
14736 0.69 0.349925
14737 0.69 0.349893
14738 0.69 0.349851
14739 0.69 0.349827
14740 0.69 0.349821
14741 0.69 0.34983
14742 0.69 0.349854
14743 0.69 0.34989
14744 0.69 0.349937
14745 0.69 0.349995
14746 0.69 0.350062
14747 0.69 0.350137
14748 0.69 0.35019
14749 0.69 0.350224
14750 0.69 0.35024
14751 0.69 0.350241
14752 0.69 0.350227
14753 0.69 0.350201
14754 0.69 0.350162
14755 0.69 0.350114
14756 0.69 0.350056
14757 0.69 0.34999
14758 0.69 0.349916
14759 0.69 0.349835
14760 0.69 0.349749
14761 0.69 0.349657
14762 0.69 0.34956
14763 0.69 0.349458
14764 0.69 0.349382
14765 0.69 0.349328
14766 0.69 0.349295
14767 0.69 0.34928
14768 0.69 0.349281
14769 0.69 0.349297
14770 0.69 0.349326
14771 0.69 0.349339
14772 0.69 0.349336
14773 0.69 0.349319
14774 0.69 0.349291
14775 0.69 0.349251
14776 0.69 0.349201
14777 0.69 0.349142
14778 0.69 0.349104
14779 0.69 0.349085
14780 0.69 0.349054
14781 0.69 0.349012
14782 0.69 0.34896
14783 0.69 0.348899
14784 0.69 0.348831
14785 0.69 0.348784
14786 0.69 0.348757
14787 0.69 0.348748
14788 0.69 0.348754
14789 0.69 0.348774
14790 0.69 0.348779
14791 0.69 0.348769
14792 0.69 0.348747
14793 0.69 0.348713
14794 0.69 0.348668
14795 0.69 0.348614
14796 0.69 0.34858
14797 0.69 0.348565
14798 0.69 0.348566
14799 0.69 0.348581
14800 0.69 0.348581
14801 0.69 0.348568
14802 0.69 0.348542
14803 0.69 0.348504
14804 0.69 0.348456
14805 0.69 0.3484
14806 0.69 0.348363
14807 0.69 0.348346
14808 0.69 0.348345
14809 0.69 0.348359
14810 0.69 0.348386
14811 0.69 0.348426
14812 0.69 0.348476
14813 0.69 0.348536
14814 0.69 0.348606
14815 0.69 0.348683
14816 0.69 0.348738
14817 0.69 0.348774
14818 0.69 0.348793
14819 0.69 0.348796
14820 0.69 0.348813
14821 0.69 0.348843
14822 0.69 0.348886
14823 0.69 0.348939
14824 0.69 0.348972
14825 0.69 0.348989
14826 0.69 0.34899
14827 0.69 0.348977
14828 0.69 0.348951
14829 0.69 0.348914
14830 0.69 0.348867
14831 0.69 0.348839
14832 0.69 0.348829
14833 0.69 0.348806
14834 0.69 0.348772
14835 0.69 0.348756
14836 0.69 0.348756
14837 0.69 0.348771
14838 0.69 0.348799
14839 0.69 0.348811
14840 0.69 0.348836
14841 0.69 0.348873
14842 0.69 0.348922
14843 0.69 0.348952
14844 0.69 0.348993
14845 0.69 0.349046
14846 0.69 0.349108
14847 0.69 0.349178
14848 0.69 0.349257
14849 0.69 0.349313
14850 0.69 0.34935
14851 0.69 0.34937
14852 0.69 0.349402
14853 0.69 0.349446
14854 0.69 0.349501
14855 0.69 0.349536
14856 0.69 0.349553
14857 0.69 0.349555
14858 0.69 0.349572
14859 0.69 0.349602
14860 0.69 0.349615
14861 0.69 0.349641
14862 0.69 0.34968
14863 0.69 0.34973
14864 0.69 0.34979
14865 0.69 0.349859
14866 0.69 0.349907
14867 0.69 0.349936
14868 0.69 0.349949
14869 0.69 0.349946
14870 0.69 0.349929
14871 0.69 0.34993
14872 0.69 0.349945
14873 0.69 0.349973
14874 0.69 0.349985
14875 0.69 0.349982
14876 0.69 0.349965
14877 0.69 0.349936
14878 0.69 0.349897
14879 0.69 0.349847
14880 0.69 0.349788
14881 0.69 0.349722
14882 0.69 0.349677
14883 0.69 0.349651
14884 0.69 0.349643
14885 0.69 0.349651
14886 0.69 0.349673
14887 0.69 0.349679
14888 0.69 0.349671
14889 0.69 0.34965
14890 0.69 0.349617
14891 0.69 0.349574
14892 0.69 0.349521
14893 0.69 0.349489
14894 0.69 0.349474
14895 0.69 0.349477
14896 0.69 0.349493
14897 0.69 0.349524
14898 0.69 0.349566
14899 0.69 0.349618
14900 0.69 0.349681
14901 0.69 0.349752
14902 0.69 0.349802
14903 0.69 0.349834
14904 0.69 0.349849
14905 0.69 0.349849
14906 0.69 0.349835
14907 0.69 0.349809
14908 0.69 0.349801
14909 0.69 0.349808
14910 0.69 0.349829
14911 0.69 0.349863
14912 0.69 0.349881
14913 0.69 0.349883
14914 0.69 0.349871
14915 0.69 0.349847
14916 0.69 0.349812
14917 0.69 0.349766
14918 0.69 0.349712
14919 0.69 0.349678
14920 0.69 0.349663
14921 0.69 0.349663
14922 0.69 0.349679
14923 0.69 0.349708
14924 0.69 0.34972
14925 0.69 0.349718
14926 0.69 0.349703
14927 0.69 0.349676
14928 0.69 0.349666
14929 0.69 0.349672
14930 0.69 0.349692
14931 0.69 0.349725
14932 0.69 0.349741
14933 0.69 0.349743
14934 0.69 0.349731
14935 0.69 0.349707
14936 0.69 0.349672
14937 0.69 0.349627
14938 0.69 0.349573
14939 0.69 0.349511
14940 0.69 0.349471
14941 0.69 0.349449
14942 0.69 0.349444
14943 0.69 0.349454
14944 0.69 0.349478
14945 0.69 0.349486
14946 0.69 0.349481
14947 0.69 0.349463
14948 0.69 0.349433
14949 0.69 0.349421
14950 0.69 0.349425
14951 0.69 0.349443
14952 0.69 0.349474
14953 0.69 0.349489
14954 0.69 0.349489
14955 0.69 0.349476
14956 0.69 0.349451
14957 0.69 0.349416
14958 0.69 0.349371
14959 0.69 0.349318
14960 0.69 0.349284
14961 0.69 0.349269
14962 0.69 0.349269
14963 0.69 0.349284
14964 0.69 0.349313
14965 0.69 0.349325
14966 0.69 0.349323
14967 0.69 0.349308
14968 0.69 0.34931
14969 0.69 0.349325
14970 0.69 0.349327
14971 0.69 0.349315
14972 0.69 0.349291
14973 0.69 0.349284
14974 0.69 0.349265
14975 0.69 0.349235
14976 0.69 0.349195
14977 0.69 0.349174
14978 0.69 0.349169
14979 0.69 0.349179
14980 0.69 0.349203
14981 0.69 0.349211
14982 0.69 0.349206
14983 0.69 0.349188
14984 0.69 0.34916
14985 0.69 0.349148
14986 0.69 0.349152
14987 0.69 0.349171
14988 0.69 0.349174
14989 0.69 0.349165
14990 0.69 0.349143
14991 0.69 0.349111
14992 0.69 0.34907
14993 0.69 0.34902
14994 0.69 0.348962
14995 0.69 0.348897
14996 0.69 0.348853
14997 0.69 0.348828
14998 0.69 0.34882
14999 0.69 0.348826
15000 0.69 0.34882
