14000 0.870018 0.194491
14001 0.870016 0.194453
14002 0.870014 0.194404
14003 0.870011 0.194374
14004 0.870007 0.194364
14005 0.870004 0.19437
14006 0.869999 0.19439
14007 0.869995 0.194425
14008 0.86999 0.194471
14009 0.869985 0.194528
14010 0.869979 0.194595
14011 0.869974 0.194671
14012 0.869968 0.194724
14013 0.869961 0.194756
14014 0.869955 0.194769
14015 0.869948 0.194797
14016 0.869941 0.194837
14017 0.869934 0.194858
14018 0.869926 0.194861
14019 0.869919 0.194879
14020 0.869911 0.194911
14021 0.869904 0.194924
14022 0.869896 0.194921
14023 0.869887 0.194902
14024 0.869879 0.19487
14025 0.869871 0.194856
14026 0.869863 0.194859
14027 0.869854 0.194847
14028 0.869845 0.19482
14029 0.869837 0.19478
14030 0.869828 0.194729
14031 0.869819 0.194667
14032 0.869809 0.194628
14033 0.8698 0.194607
14034 0.869792 0.194604
14035 0.869782 0.194586
14036 0.869773 0.194554
14037 0.869764 0.19451
14038 0.869754 0.194486
14039 0.869745 0.19448
14040 0.869736 0.19449
14041 0.869727 0.194514
14042 0.869718 0.194552
14043 0.869709 0.19457
14044 0.869699 0.194571
14045 0.86969 0.194588
14046 0.869681 0.194587
14047 0.869671 0.194571
14048 0.869662 0.19454
14049 0.869652 0.194529
14050 0.869643 0.194534
14051 0.869633 0.194523
14052 0.869624 0.194498
14053 0.869614 0.194459
14054 0.869621 0.194425
14055 0.869642 0.194394
14056 0.869677 0.194367
14057 0.869724 0.194343
14058 0.869766 0.194337
14059 0.869802 0.194347
14060 0.869834 0.194372
14061 0.869862 0.194378
14062 0.869885 0.194369
14063 0.869905 0.194345
14064 0.869923 0.194338
14065 0.869937 0.194348
14066 0.86995 0.194373
14067 0.86996 0.194411
14068 0.869968 0.19446
14069 0.869974 0.194489
14070 0.869979 0.1945
14071 0.869982 0.194525
14072 0.869984 0.194532
14073 0.869984 0.194522
14074 0.869984 0.194498
14075 0.869982 0.194493
14076 0.86998 0.194503
14077 0.869978 0.194527
14078 0.869974 0.194534
14079 0.86997 0.194525
14080 0.869965 0.194501
14081 0.86996 0.194463
14082 0.869954 0.194445
14083 0.869948 0.194445
14084 0.869941 0.194429
14085 0.869934 0.194399
14086 0.869927 0.194387
14087 0.86992 0.194392
14088 0.869912 0.194413
14089 0.869905 0.194446
14090 0.869897 0.194492
14091 0.869889 0.194518
14092 0.86988 0.194526
14093 0.869872 0.194517
14094 0.869863 0.194525
14095 0.869854 0.194547
14096 0.869845 0.194583
14097 0.869837 0.194631
14098 0.869828 0.194689
14099 0.869818 0.194727
14100 0.869809 0.194744
14101 0.869799 0.194745
14102 0.86979 0.19473
14103 0.86978 0.1947
14104 0.86977 0.194658
14105 0.86976 0.194605
14106 0.86975 0.194573
14107 0.86974 0.194559
14108 0.869729 0.194531
14109 0.869719 0.194491
14110 0.869709 0.19447
14111 0.869715 0.194451
14112 0.869737 0.194435
14113 0.869771 0.194421
14114 0.869801 0.194392
14115 0.869827 0.194351
14116 0.869849 0.194299
14117 0.869868 0.194236
14118 0.869884 0.194164
14119 0.869897 0.194114
14120 0.869908 0.194085
14121 0.869917 0.194075
14122 0.869924 0.194081
14123 0.869929 0.194102
14124 0.869933 0.194137
14125 0.869935 0.194183
14126 0.869936 0.194241
14127 0.869936 0.194277
14128 0.869935 0.194294
14129 0.869932 0.194294
14130 0.869929 0.194309
14131 0.869925 0.194339
14132 0.869921 0.194381
14133 0.869916 0.194434
14134 0.86991 0.194497
14135 0.869904 0.19457
14136 0.869897 0.19462
14137 0.86989 0.19465
14138 0.869883 0.194661
14139 0.869875 0.194655
14140 0.869866 0.194634
14141 0.869857 0.194631
14142 0.869849 0.194644
14143 0.869839 0.19464
14144 0.86983 0.194621
14145 0.86982 0.194589
14146 0.86981 0.194575
14147 0.8698 0.194547
14148 0.86979 0.194506
14149 0.86978 0.194485
14150 0.869769 0.194481
14151 0.869759 0.194494
14152 0.869748 0.194489
14153 0.869737 0.19447
14154 0.869726 0.194468
14155 0.869715 0.194482
14156 0.869704 0.194478
14157 0.869693 0.19446
14158 0.869681 0.194459
14159 0.86967 0.194474
14160 0.869659 0.194502
14161 0.869647 0.194513
14162 0.869635 0.194506
14163 0.869623 0.194485
14164 0.869611 0.194451
14165 0.869599 0.194435
14166 0.869587 0.194437
14167 0.869575 0.194454
14168 0.86958 0.194469
14169 0.8696 0.194483
14170 0.869633 0.194496
14171 0.869678 0.194508
14172 0.869718 0.194504
14173 0.869752 0.194484
14174 0.869782 0.194451
14175 0.869807 0.194406
14176 0.869829 0.194381
14177 0.869847 0.194374
14178 0.869862 0.194382
14179 0.869875 0.194375
14180 0.869885 0.194353
14181 0.869893 0.194318
14182 0.869899 0.19427
14183 0.869903 0.194213
14184 0.869906 0.194176
14185 0.869907 0.194158
14186 0.869907 0.194158
14187 0.869906 0.194173
14188 0.869904 0.194202
14189 0.869901 0.194243
14190 0.869897 0.194296
14191 0.869892 0.194359
14192 0.869887 0.1944
14193 0.869881 0.194422
14194 0.869875 0.194426
14195 0.869885 0.19443
14196 0.869909 0.194433
14197 0.869946 0.194437
14198 0.869995 0.19444
14199 0.870055 0.194443
14200 0.870107 0.194462
14201 0.870153 0.194493
14202 0.870193 0.194537
14203 0.870229 0.194592
14204 0.870259 0.194657
14205 0.870286 0.1947
14206 0.870309 0.194724
14207 0.870329 0.194729
14208 0.870346 0.194719
14209 0.87036 0.194694
14210 0.870371 0.194655
14211 0.870381 0.194606
14212 0.870388 0.194576
14213 0.870394 0.194566
14214 0.870398 0.194571
14215 0.870401 0.194592
14216 0.870402 0.194595
14217 0.870402 0.194583
14218 0.870402 0.194556
14219 0.8704 0.194547
14220 0.870397 0.194555
14221 0.870394 0.194577
14222 0.87039 0.194582
14223 0.870385 0.19457
14224 0.87038 0.194545
14225 0.870375 0.194537
14226 0.870369 0.194545
14227 0.870362 0.194569
14228 0.870355 0.194605
14229 0.870348 0.194622
14230 0.87034 0.194622
14231 0.870332 0.194638
14232 0.870324 0.194667
14233 0.870316 0.194678
14234 0.870308 0.194673
14235 0.870299 0.194652
14236 0.87029 0.194649
14237 0.870281 0.194631
14238 0.870272 0.19463
14239 0.870263 0.194614
14240 0.870254 0.194584
14241 0.870244 0.194572
14242 0.870234 0.194577
14243 0.870224 0.194597
14244 0.870215 0.1946
14245 0.870205 0.194586
14246 0.870195 0.194559
14247 0.870185 0.194519
14248 0.870174 0.194498
14249 0.870164 0.194495
14250 0.870154 0.194507
14251 0.870143 0.194534
14252 0.870133 0.194543
14253 0.870122 0.194535
14254 0.870112 0.194513
14255 0.870101 0.194477
14256 0.870091 0.19443
14257 0.87008 0.194371
14258 0.870069 0.194334
14259 0.870059 0.194316
14260 0.870048 0.194316
14261 0.870037 0.194331
14262 0.870025 0.19436
14263 0.870014 0.194371
14264 0.870003 0.194365
14265 0.869992 0.194344
14266 0.869982 0.194309
14267 0.86997 0.194294
14268 0.869959 0.194296
14269 0.869948 0.194313
14270 0.869937 0.194343
14271 0.869925 0.194387
14272 0.869914 0.194441
14273 0.869902 0.194474
14274 0.869908 0.194504
14275 0.869928 0.194532
14276 0.869962 0.194557
14277 0.870007 0.19458
14278 0.870064 0.194601
14279 0.870131 0.19462
14280 0.870206 0.194638
14281 0.87029 0.194654
14282 0.870364 0.194684
14283 0.870429 0.194726
14284 0.870487 0.194749
14285 0.870539 0.194754
14286 0.870584 0.194742
14287 0.870623 0.194717
14288 0.870658 0.194679
14289 0.870689 0.194629
14290 0.870715 0.194599
14291 0.870738 0.194588
14292 0.870757 0.194593
14293 0.870773 0.194583
14294 0.870787 0.194558
14295 0.870799 0.194551
14296 0.870808 0.19456
14297 0.870815 0.194584
14298 0.870821 0.19462
14299 0.870825 0.194669
14300 0.870827 0.194697
14301 0.870829 0.194707
14302 0.870829 0.194701
14303 0.870828 0.19471
14304 0.870827 0.194734
14305 0.870824 0.194741
14306 0.870821 0.194762
14307 0.870817 0.194765
14308 0.870812 0.194753
14309 0.870807 0.194757
14310 0.870801 0.194777
14311 0.870795 0.194779
14312 0.870789 0.194765
14313 0.870782 0.194737
14314 0.870775 0.194728
14315 0.870767 0.194734
14316 0.870759 0.194725
14317 0.870751 0.194701
14318 0.870743 0.194664
14319 0.870735 0.194615
14320 0.870726 0.194587
14321 0.870717 0.194577
14322 0.870708 0.194583
14323 0.870698 0.194605
14324 0.870689 0.194608
14325 0.870679 0.194596
14326 0.87067 0.19457
14327 0.87066 0.19453
14328 0.87065 0.194479
14329 0.870641 0.194418
14330 0.870631 0.194347
14331 0.870621 0.194299
14332 0.870611 0.194271
14333 0.870601 0.194261
14334 0.87059 0.194268
14335 0.87058 0.19429
14336 0.870569 0.194325
14337 0.870559 0.194372
14338 0.870548 0.194399
14339 0.870537 0.194407
14340 0.870527 0.1944
14341 0.870516 0.194377
14342 0.870505 0.194342
14343 0.870495 0.194325
14344 0.870484 0.194326
14345 0.870473 0.194342
14346 0.870463 0.194372
14347 0.870452 0.194414
14348 0.870441 0.194437
14349 0.870431 0.194442
14350 0.87042 0.19443
14351 0.870409 0.194405
14352 0.870398 0.194366
14353 0.870388 0.194347
14354 0.870377 0.194346
14355 0.870365 0.19436
14356 0.870354 0.194388
14357 0.870343 0.194397
14358 0.870331 0.194391
14359 0.87032 0.1944
14360 0.870308 0.194424
14361 0.870296 0.194461
14362 0.870284 0.19451
14363 0.870273 0.194538
14364 0.870261 0.194548
14365 0.870249 0.194573
14366 0.870237 0.194611
14367 0.870225 0.19466
14368 0.870212 0.19472
14369 0.8702 0.194758
14370 0.870188 0.194777
14371 0.870176 0.194779
14372 0.870164 0.194765
14373 0.870151 0.194737
14374 0.870139 0.194696
14375 0.870127 0.194644
14376 0.870115 0.194612
14377 0.870103 0.1946
14378 0.87009 0.194603
14379 0.870078 0.194622
14380 0.870065 0.194655
14381 0.870069 0.194685
14382 0.870088 0.194711
14383 0.870105 0.19472
14384 0.870118 0.194713
14385 0.870128 0.194691
14386 0.870154 0.194671
14387 0.870192 0.194654
14388 0.870225 0.194653
14389 0.870253 0.194669
14390 0.870277 0.194698
14391 0.870297 0.194739
14392 0.870315 0.194792
14393 0.870329 0.194824
14394 0.87034 0.194838
14395 0.87035 0.194834
14396 0.870357 0.194816
14397 0.870362 0.194784
14398 0.870366 0.194771
14399 0.870368 0.194774
14400 0.870368 0.194793
14401 0.870368 0.194825
14402 0.870365 0.194869
14403 0.870362 0.194924
14404 0.870358 0.194958
14405 0.870353 0.194974
14406 0.870348 0.194972
14407 0.870342 0.194955
14408 0.870335 0.194925
14409 0.870328 0.194913
14410 0.87032 0.194917
14411 0.870312 0.194937
14412 0.870303 0.194939
14413 0.870294 0.194925
14414 0.870284 0.194898
14415 0.870275 0.194857
14416 0.870265 0.194805
14417 0.870255 0.194774
14418 0.870244 0.194762
14419 0.870233 0.194766
14420 0.870221 0.194785
14421 0.87021 0.194818
14422 0.870198 0.194862
14423 0.870186 0.194918
14424 0.870174 0.194953
14425 0.870161 0.194969
14426 0.870149 0.194968
14427 0.870137 0.194951
14428 0.870125 0.194921
14429 0.870112 0.194909
14430 0.870099 0.194914
14431 0.870086 0.194933
14432 0.870073 0.194966
14433 0.87006 0.195012
14434 0.870046 0.195068
14435 0.870033 0.195103
14436 0.87002 0.195119
14437 0.870006 0.195118
14438 0.869993 0.195102
14439 0.86998 0.195072
14440 0.869967 0.195029
14441 0.869953 0.195007
14442 0.86994 0.195002
14443 0.869926 0.195012
14444 0.869912 0.195038
14445 0.869898 0.195076
14446 0.869884 0.195125
14447 0.86987 0.195185
14448 0.869855 0.195255
14449 0.869841 0.195333
14450 0.869827 0.195388
14451 0.869813 0.195421
14452 0.869799 0.195436
14453 0.869785 0.195434
14454 0.869771 0.195417
14455 0.869757 0.195386
14456 0.869743 0.195343
14457 0.869729 0.195289
14458 0.869715 0.195255
14459 0.869701 0.195241
14460 0.869687 0.195243
14461 0.869673 0.19526
14462 0.869658 0.195291
14463 0.869644 0.195335
14464 0.869629 0.195358
14465 0.869615 0.195364
14466 0.8696 0.195354
14467 0.869585 0.19536
14468 0.869571 0.195381
14469 0.869556 0.195416
14470 0.869541 0.195431
14471 0.869526 0.19543
14472 0.869511 0.195413
14473 0.869496 0.195413
14474 0.869481 0.195429
14475 0.869466 0.195458
14476 0.86945 0.19547
14477 0.869435 0.195464
14478 0.86942 0.195475
14479 0.869404 0.1955
14480 0.869405 0.195523
14481 0.869405 0.195528
14482 0.869403 0.195517
14483 0.869417 0.195508
14484 0.869445 0.195501
14485 0.869486 0.195495
14486 0.869538 0.19549
14487 0.8696 0.195485
14488 0.869672 0.195482
14489 0.869752 0.19548
14490 0.869823 0.195463
14491 0.869884 0.195431
14492 0.869939 0.195419
14493 0.869986 0.195423
14494 0.870027 0.195442
14495 0.870062 0.195474
14496 0.870092 0.195488
14497 0.870118 0.195485
14498 0.870139 0.195467
14499 0.870157 0.195436
14500 0.870172 0.195423
14501 0.870184 0.195426
14502 0.870193 0.195445
14503 0.870199 0.195477
14504 0.870204 0.195521
14505 0.870206 0.195577
14506 0.870207 0.195642
14507 0.870223 0.195701
14508 0.870236 0.195739
14509 0.870246 0.195758
14510 0.870254 0.195759
14511 0.870259 0.195745
14512 0.870263 0.195717
14513 0.870265 0.195707
14514 0.870265 0.195713
14515 0.870264 0.195735
14516 0.870261 0.195769
14517 0.870257 0.195785
14518 0.870252 0.195783
14519 0.870247 0.195767
14520 0.87024 0.195736
14521 0.870232 0.195725
14522 0.870224 0.195729
14523 0.870215 0.195749
14524 0.870205 0.195782
14525 0.870194 0.195796
14526 0.870183 0.195794
14527 0.870172 0.195776
14528 0.87016 0.195745
14529 0.870165 0.195717
14530 0.870185 0.195693
14531 0.870219 0.195672
14532 0.870247 0.195668
14533 0.870271 0.19568
14534 0.870291 0.195676
14535 0.870308 0.195656
14536 0.870321 0.195654
14537 0.870332 0.195668
14538 0.87034 0.195695
14539 0.870346 0.195704
14540 0.870349 0.195697
14541 0.870351 0.195676
14542 0.870351 0.195641
14543 0.87035 0.195625
14544 0.870347 0.195626
14545 0.870343 0.195642
14546 0.870337 0.195672
14547 0.870331 0.195684
14548 0.870341 0.195695
14549 0.870365 0.195706
14550 0.870402 0.195716
14551 0.870451 0.195726
14552 0.870511 0.195736
14553 0.870563 0.19576
14554 0.870608 0.195797
14555 0.870648 0.195846
14556 0.870681 0.195874
14557 0.870711 0.195885
14558 0.870735 0.195879
14559 0.870756 0.195888
14560 0.870774 0.195882
14561 0.870788 0.195891
14562 0.8708 0.195885
14563 0.870809 0.195894
14564 0.870815 0.195917
14565 0.87082 0.195923
14566 0.870823 0.195913
14567 0.870824 0.19592
14568 0.87084 0.195926
14569 0.87087 0.195932
14570 0.870913 0.195939
14571 0.870966 0.195945
14572 0.87103 0.195951
14573 0.871103 0.195957
14574 0.871167 0.195948
14575 0.871223 0.195924
14576 0.871272 0.195917
14577 0.871315 0.195927
14578 0.871352 0.19592
14579 0.871385 0.195899
14580 0.871412 0.195865
14581 0.871436 0.195849
14582 0.871456 0.195819
14583 0.871473 0.195777
14584 0.871486 0.195755
14585 0.871498 0.195719
14586 0.871506 0.195703
14587 0.871512 0.195703
14588 0.871517 0.195719
14589 0.871519 0.195718
14590 0.87152 0.195701
14591 0.87152 0.195671
14592 0.871519 0.195659
14593 0.871516 0.195664
14594 0.871512 0.195652
14595 0.871507 0.195627
14596 0.871501 0.195619
14597 0.871495 0.195628
14598 0.871487 0.195651
14599 0.871479 0.195657
14600 0.871471 0.195646
14601 0.871462 0.195621
14602 0.871453 0.195614
14603 0.871443 0.195623
14604 0.871433 0.195616
14605 0.871423 0.195625
14606 0.871412 0.195649
14607 0.871401 0.195654
14608 0.87139 0.195644
14609 0.871379 0.195619
14610 0.871367 0.195612
14611 0.871356 0.195622
14612 0.871344 0.195645
14613 0.871332 0.195651
14614 0.871319 0.195672
14615 0.871307 0.195706
14616 0.871311 0.195737
14617 0.871314 0.195749
14618 0.871315 0.195776
14619 0.871314 0.195816
14620 0.871312 0.195866
14621 0.871309 0.195927
14622 0.871322 0.195983
14623 0.871349 0.196033
14624 0.871388 0.196079
14625 0.871439 0.196121
14626 0.8715 0.19616
14627 0.871571 0.196195
14628 0.87165 0.196227
14629 0.871736 0.196257
14630 0.871813 0.196268
14631 0.87188 0.196263
14632 0.87194 0.196243
14633 0.871993 0.19621
14634 0.872039 0.196195
14635 0.872079 0.196197
14636 0.872114 0.196214
14637 0.872145 0.196245
14638 0.872171 0.196288
14639 0.872193 0.196342
14640 0.872212 0.196407
14641 0.872228 0.19648
14642 0.872241 0.196561
14643 0.872251 0.196649
14644 0.87226 0.196713
14645 0.872266 0.196755
14646 0.872271 0.196778
14647 0.872274 0.196783
14648 0.872276 0.196773
14649 0.872277 0.196748
14650 0.872276 0.196741
14651 0.872274 0.19675
14652 0.872271 0.196773
14653 0.872267 0.196809
14654 0.872263 0.196857
14655 0.872258 0.196885
14656 0.872252 0.196895
14657 0.872245 0.196919
14658 0.872238 0.196956
14659 0.872231 0.197005
14660 0.872223 0.197033
14661 0.872214 0.197044
14662 0.872206 0.197037
14663 0.872197 0.197047
14664 0.872187 0.197041
14665 0.872178 0.19702
14666 0.872168 0.196985
14667 0.872158 0.19697
14668 0.872148 0.196971
14669 0.872137 0.196988
14670 0.872127 0.196987
14671 0.872116 0.196971
14672 0.872105 0.196942
14673 0.872094 0.196931
14674 0.872083 0.196936
14675 0.872071 0.196956
14676 0.87206 0.196958
14677 0.872048 0.196976
14678 0.872036 0.197007
14679 0.872024 0.19702
14680 0.872012 0.197016
14681 0.872 0.197028
14682 0.871988 0.197054
14683 0.871976 0.197093
14684 0.87198 0.197129
14685 0.871983 0.197145
14686 0.871984 0.197145
14687 0.871984 0.197129
14688 0.871999 0.197116
14689 0.872028 0.197104
14690 0.87207 0.197095
14691 0.872123 0.197087
14692 0.872185 0.19708
14693 0.872241 0.197059
14694 0.87229 0.197055
14695 0.872332 0.197067
14696 0.872369 0.197093
14697 0.872402 0.197132
14698 0.87243 0.197152
14699 0.872454 0.197154
14700 0.872474 0.197171
14701 0.872492 0.197202
14702 0.872506 0.197246
14703 0.872518 0.1973
14704 0.872528 0.197334
14705 0.872536 0.197348
14706 0.872542 0.197346
14707 0.872546 0.19736
14708 0.872549 0.197387
14709 0.87255 0.197397
14710 0.87255 0.19739
14711 0.87255 0.197399
14712 0.872548 0.197423
14713 0.872545 0.197428
14714 0.872542 0.197418
14715 0.872538 0.197425
14716 0.872533 0.197446
14717 0.872528 0.19748
14718 0.872522 0.197495
14719 0.872516 0.197494
14720 0.87251 0.197477
14721 0.872503 0.197478
14722 0.872495 0.197493
14723 0.872487 0.197523
14724 0.872479 0.197565
14725 0.872471 0.197618
14726 0.872462 0.197681
14727 0.872453 0.197723
14728 0.872444 0.197745
14729 0.872435 0.197749
14730 0.872426 0.197768
14731 0.872417 0.197801
14732 0.872407 0.197846
14733 0.872397 0.197871
14734 0.872387 0.197878
14735 0.872377 0.1979
14736 0.872367 0.197935
14737 0.872357 0.197982
14738 0.872346 0.198039
14739 0.872336 0.198076
14740 0.872326 0.198093
14741 0.872315 0.198093
14742 0.872305 0.198109
14743 0.872294 0.198138
14744 0.872283 0.19818
14745 0.872272 0.198233
14746 0.872262 0.198265
14747 0.872251 0.198279
14748 0.87224 0.198307
14749 0.872229 0.198347
14750 0.872218 0.198368
14751 0.872207 0.198371
14752 0.872196 0.19839
14753 0.872185 0.198422
14754 0.872174 0.198466
14755 0.872162 0.19849
14756 0.872151 0.198496
14757 0.87214 0.198487
14758 0.872129 0.198463
14759 0.872118 0.198426
14760 0.872107 0.198408
14761 0.872095 0.198407
14762 0.872083 0.198422
14763 0.872072 0.198451
14764 0.87206 0.198492
14765 0.872047 0.198545
14766 0.872035 0.198576
14767 0.872023 0.19859
14768 0.872011 0.198586
14769 0.871999 0.198568
14770 0.871987 0.198566
14771 0.871975 0.198581
14772 0.871963 0.198609
14773 0.87195 0.198649
14774 0.871938 0.198671
14775 0.871925 0.198674
14776 0.871913 0.198693
14777 0.8719 0.198725
14778 0.871887 0.19877
14779 0.871874 0.198794
14780 0.871861 0.198801
14781 0.871849 0.198792
14782 0.871836 0.198768
14783 0.871823 0.198731
14784 0.871811 0.198713
14785 0.871798 0.198713
14786 0.871784 0.198727
14787 0.871771 0.198725
14788 0.871758 0.198708
14789 0.871745 0.198677
14790 0.871732 0.198634
14791 0.87172 0.198579
14792 0.871707 0.198546
14793 0.871693 0.198531
14794 0.87168 0.198533
14795 0.871666 0.19855
14796 0.871653 0.19855
14797 0.871639 0.198535
14798 0.871626 0.198506
14799 0.871613 0.198464
14800 0.8716 0.198411
14801 0.871586 0.198348
14802 0.87159 0.198292
14803 0.871592 0.198257
14804 0.871592 0.198241
14805 0.871591 0.198241
14806 0.871589 0.198257
14807 0.871585 0.198256
14808 0.871581 0.19824
14809 0.871575 0.19821
14810 0.871569 0.198168
14811 0.871563 0.198114
14812 0.871555 0.19805
14813 0.871547 0.198008
14814 0.871539 0.197986
14815 0.871529 0.197982
14816 0.87152 0.197993
14817 0.87151 0.198019
14818 0.871499 0.198057
14819 0.871488 0.198107
14820 0.871477 0.198168
14821 0.871466 0.198238
14822 0.871471 0.198302
14823 0.871491 0.19836
14824 0.871508 0.198397
14825 0.871522 0.198414
14826 0.871534 0.198414
14827 0.871543 0.198399
14828 0.87155 0.19837
14829 0.871572 0.198345
14830 0.87159 0.198337
14831 0.871605 0.198346
14832 0.871617 0.19837
14833 0.871627 0.198406
14834 0.871634 0.198454
14835 0.871639 0.198513
14836 0.871642 0.198582
14837 0.871643 0.198659
14838 0.871643 0.198744
14839 0.871642 0.198805
14840 0.87164 0.198844
14841 0.871637 0.198864
14842 0.871633 0.198867
14843 0.871628 0.198884
14844 0.871622 0.198916
14845 0.871615 0.198959
14846 0.871607 0.199014
14847 0.871599 0.199079
14848 0.87159 0.199121
14849 0.871581 0.199144
14850 0.871572 0.19915
14851 0.871579 0.199156
14852 0.871601 0.199162
14853 0.871636 0.199168
14854 0.871683 0.199175
14855 0.871741 0.199183
14856 0.871809 0.19919
14857 0.871885 0.199198
14858 0.871969 0.199206
14859 0.872061 0.199215
14860 0.872142 0.199207
14861 0.872214 0.199184
14862 0.872278 0.199148
14863 0.872334 0.199101
14864 0.872384 0.199042
14865 0.872428 0.198974
14866 0.872466 0.198928
14867 0.872499 0.198902
14868 0.872528 0.198895
14869 0.872552 0.198903
14870 0.872573 0.198895
14871 0.872591 0.198873
14872 0.872606 0.198837
14873 0.872618 0.19882
14874 0.872628 0.19879
14875 0.872637 0.198747
14876 0.872643 0.198693
14877 0.872648 0.19866
14878 0.87265 0.198645
14879 0.872652 0.198648
14880 0.872652 0.198665
14881 0.872651 0.198666
14882 0.872649 0.198651
14883 0.872647 0.198621
14884 0.872644 0.198611
14885 0.872639 0.198617
14886 0.872635 0.198606
14887 0.87263 0.198582
14888 0.872624 0.198575
14889 0.872618 0.198584
14890 0.872612 0.198577
14891 0.872605 0.198555
14892 0.872598 0.19852
14893 0.872591 0.198504
14894 0.872583 0.198505
14895 0.872575 0.198521
14896 0.872566 0.198552
14897 0.872558 0.198563
14898 0.872549 0.198558
14899 0.872541 0.198538
14900 0.872532 0.198505
14901 0.872524 0.19849
14902 0.872514 0.198492
14903 0.872505 0.19851
14904 0.872495 0.198541
14905 0.872485 0.198585
14906 0.872475 0.19864
14907 0.872465 0.198673
14908 0.872455 0.198688
14909 0.872446 0.198686
14910 0.872436 0.198669
14911 0.872426 0.198669
14912 0.872416 0.198684
14913 0.872406 0.198713
14914 0.872395 0.198755
14915 0.872384 0.198808
14916 0.872373 0.198872
14917 0.872362 0.198944
14918 0.872351 0.198994
14919 0.87234 0.199023
14920 0.872329 0.199034
14921 0.872319 0.199028
14922 0.872308 0.199038
14923 0.872298 0.199063
14924 0.872286 0.199101
14925 0.872275 0.19915
14926 0.872263 0.19921
14927 0.872252 0.199248
14928 0.872241 0.199267
14929 0.87223 0.199269
14930 0.872219 0.199255
14931 0.872208 0.199258
14932 0.872197 0.199276
14933 0.872186 0.199307
14934 0.872174 0.199352
14935 0.872163 0.199376
14936 0.872151 0.199382
14937 0.872141 0.199372
14938 0.87213 0.199347
14939 0.872119 0.199341
14940 0.872107 0.19935
14941 0.872096 0.199374
14942 0.872084 0.199381
14943 0.872073 0.199371
14944 0.872062 0.199346
14945 0.872051 0.199309
14946 0.872041 0.199259
14947 0.872029 0.19923
14948 0.872018 0.19922
14949 0.872006 0.199226
14950 0.871994 0.199246
14951 0.871981 0.199281
14952 0.871968 0.199327
14953 0.871956 0.199353
14954 0.871944 0.199361
14955 0.871932 0.199353
14956 0.87192 0.19933
14957 0.871909 0.199294
14958 0.871898 0.199246
14959 0.871886 0.199218
14960 0.871874 0.199208
14961 0.871862 0.199215
14962 0.871849 0.199237
14963 0.871836 0.199271
14964 0.871823 0.199318
14965 0.87181 0.199376
14966 0.871796 0.199443
14967 0.871783 0.199519
14968 0.871769 0.199603
14969 0.871755 0.199694
14970 0.871741 0.19976
14971 0.871728 0.199804
14972 0.871715 0.199829
14973 0.871703 0.199835
14974 0.87169 0.199826
14975 0.871678 0.199832
14976 0.871665 0.199854
14977 0.871652 0.199889
14978 0.871638 0.199935
14979 0.871624 0.199993
14980 0.87161 0.20006
14981 0.871596 0.200136
14982 0.871582 0.200219
14983 0.871567 0.20031
14984 0.871553 0.200376
14985 0.87154 0.20042
14986 0.871526 0.200444
14987 0.871513 0.200451
14988 0.8715 0.200441
14989 0.871488 0.200417
14990 0.871475 0.20041
14991 0.871461 0.20042
14992 0.871448 0.200444
14993 0.871434 0.200481
14994 0.87142 0.20053
14995 0.871406 0.200589
14996 0.871392 0.200658
14997 0.871378 0.200705
14998 0.871364 0.200731
14999 0.871351 0.200739
15000 0.871338 0.200731
