14000 0.745613 0.383184
14001 0.745653 0.383141
14002 0.745703 0.383094
14003 0.745761 0.383043
14004 0.745798 0.382999
14005 0.745815 0.38296
14006 0.745815 0.382925
14007 0.7458 0.382894
14008 0.74577 0.382868
14009 0.745728 0.382844
14010 0.745674 0.382823
14011 0.74561 0.382806
14012 0.745537 0.38279
14013 0.745472 0.382792
14014 0.745426 0.382786
14015 0.745398 0.382772
14016 0.745387 0.382752
14017 0.74539 0.382726
14018 0.745407 0.382694
14019 0.745435 0.382658
14020 0.745474 0.382617
14021 0.745523 0.382573
14022 0.74558 0.382525
14023 0.745645 0.382474
14024 0.745688 0.382429
14025 0.745711 0.382389
14026 0.745716 0.382353
14027 0.745704 0.382322
14028 0.745679 0.382294
14029 0.745669 0.382261
14030 0.745674 0.382224
14031 0.745663 0.382191
14032 0.745637 0.382162
14033 0.745599 0.382136
14034 0.745548 0.382114
14035 0.745503 0.382109
14036 0.745463 0.382121
14037 0.745419 0.382117
14038 0.745372 0.382101
14039 0.74533 0.382102
14040 0.745292 0.382118
14041 0.745259 0.382148
14042 0.745242 0.382167
14043 0.74524 0.382177
14044 0.745252 0.382178
14045 0.745255 0.382165
14046 0.74525 0.38214
14047 0.745238 0.382104
14048 0.745227 0.382087
14049 0.745218 0.382087
14050 0.745209 0.382103
14051 0.745202 0.382133
14052 0.745195 0.382176
14053 0.74519 0.38223
14054 0.745177 0.382265
14055 0.745179 0.382289
14056 0.745194 0.382302
14057 0.745222 0.382307
14058 0.74526 0.382303
14059 0.745308 0.382292
14060 0.745364 0.382274
14061 0.7454 0.382259
14062 0.745416 0.382245
14063 0.745415 0.382234
14064 0.745428 0.382215
14065 0.745453 0.382191
14066 0.74546 0.38217
14067 0.74545 0.382151
14068 0.745455 0.382127
14069 0.745473 0.382097
14070 0.745503 0.382062
14071 0.745543 0.382023
14072 0.745593 0.38198
14073 0.745652 0.381934
14074 0.745718 0.381885
14075 0.745791 0.381832
14076 0.745871 0.381778
14077 0.745926 0.381729
14078 0.745977 0.3817
14079 0.746023 0.38169
14080 0.746049 0.381682
14081 0.746086 0.381667
14082 0.746132 0.381645
14083 0.746188 0.381618
14084 0.746252 0.381586
14085 0.746293 0.381558
14086 0.746315 0.381532
14087 0.746319 0.38151
14088 0.746307 0.38149
14089 0.746281 0.381472
14090 0.746271 0.381449
14091 0.746262 0.381443
14092 0.746255 0.381454
14093 0.746262 0.381455
14094 0.746282 0.381449
14095 0.746313 0.381436
14096 0.746355 0.381416
14097 0.746407 0.381391
14098 0.746437 0.381368
14099 0.746449 0.381348
14100 0.746473 0.381323
14101 0.74648 0.3813
14102 0.74647 0.381279
14103 0.746445 0.381261
14104 0.746436 0.381237
14105 0.746413 0.381216
14106 0.746406 0.381189
14107 0.7464 0.381181
14108 0.746394 0.381189
14109 0.746403 0.381188
14110 0.746425 0.38118
14111 0.746458 0.381165
14112 0.746502 0.381144
14113 0.746525 0.381125
14114 0.746531 0.381108
14115 0.74652 0.381093
14116 0.746495 0.38108
14117 0.746472 0.381084
14118 0.746453 0.381104
14119 0.746436 0.381137
14120 0.746405 0.381167
14121 0.746362 0.381194
14122 0.746307 0.381219
14123 0.746271 0.381234
14124 0.746253 0.38124
14125 0.74625 0.381237
14126 0.74626 0.381226
14127 0.746284 0.381209
14128 0.746318 0.381186
14129 0.746363 0.381158
14130 0.746387 0.381132
14131 0.746394 0.38111
14132 0.746413 0.381081
14133 0.746444 0.381048
14134 0.746486 0.381011
14135 0.746537 0.380969
14136 0.746583 0.380948
14137 0.746609 0.380928
14138 0.746633 0.380926
14139 0.746655 0.38094
14140 0.746676 0.380968
14141 0.746678 0.380994
14142 0.746665 0.381017
14143 0.746638 0.381037
14144 0.746614 0.381072
14145 0.746593 0.381118
14146 0.746587 0.381152
14147 0.746596 0.381175
14148 0.746588 0.381196
14149 0.746566 0.381216
14150 0.74653 0.381233
14151 0.746481 0.381249
14152 0.746423 0.381264
14153 0.746354 0.381277
14154 0.746276 0.38129
14155 0.74622 0.381294
14156 0.746183 0.381289
14157 0.746164 0.381278
14158 0.74616 0.38126
14159 0.74617 0.381235
14160 0.746193 0.381206
14161 0.746227 0.381172
14162 0.746242 0.381142
14163 0.74624 0.381115
14164 0.746222 0.381091
14165 0.746191 0.381069
14166 0.746163 0.381066
14167 0.746138 0.381078
14168 0.746108 0.381076
14169 0.746074 0.38106
14170 0.746035 0.381032
14171 0.745992 0.380993
14172 0.745968 0.380951
14173 0.745959 0.380905
14174 0.745951 0.380879
14175 0.745945 0.380872
14176 0.745939 0.38088
14177 0.745935 0.380904
14178 0.745932 0.38094
14179 0.745942 0.380966
14180 0.745952 0.381004
14181 0.745974 0.381031
14182 0.746008 0.381047
14183 0.746051 0.381054
14184 0.746075 0.38106
14185 0.746081 0.381066
14186 0.746071 0.381071
14187 0.746046 0.381076
14188 0.746007 0.381081
14189 0.745958 0.381086
14190 0.745897 0.38109
14191 0.745843 0.381109
14192 0.745795 0.381142
14193 0.745765 0.381164
14194 0.745751 0.381176
14195 0.745753 0.381179
14196 0.745768 0.381173
14197 0.745794 0.381161
14198 0.745832 0.381141
14199 0.74588 0.381116
14200 0.745923 0.381109
14201 0.745946 0.381103
14202 0.745951 0.381098
14203 0.74594 0.381093
14204 0.745915 0.381089
14205 0.745876 0.381085
14206 0.745855 0.381074
14207 0.745849 0.381057
14208 0.745858 0.381033
14209 0.745879 0.381004
14210 0.745912 0.38097
14211 0.745955 0.380932
14212 0.746008 0.380889
14213 0.746068 0.380844
14214 0.746137 0.380794
14215 0.746211 0.380742
14216 0.746292 0.380688
14217 0.74635 0.380639
14218 0.746402 0.38061
14219 0.746449 0.3806
14220 0.746492 0.380606
14221 0.746531 0.380628
14222 0.746567 0.380663
14223 0.746599 0.38071
14224 0.746621 0.380739
14225 0.746633 0.380751
14226 0.746636 0.380748
14227 0.746639 0.380761
14228 0.746643 0.380789
14229 0.746646 0.380829
14230 0.74665 0.380881
14231 0.746654 0.380944
14232 0.74665 0.380986
14233 0.746638 0.381011
14234 0.746628 0.381049
14235 0.74662 0.381099
14236 0.746605 0.38113
14237 0.746592 0.381173
14238 0.74658 0.381228
14239 0.746571 0.381293
14240 0.746576 0.381344
14241 0.746594 0.381382
14242 0.746623 0.381408
14243 0.746664 0.381424
14244 0.746714 0.381431
14245 0.746772 0.38143
14246 0.74681 0.381429
14247 0.746827 0.381428
14248 0.746828 0.381428
14249 0.746812 0.381428
14250 0.746783 0.381429
14251 0.74677 0.381421
14252 0.746772 0.381408
14253 0.746788 0.381387
14254 0.746816 0.381362
14255 0.746854 0.381331
14256 0.746902 0.381296
14257 0.74693 0.381265
14258 0.74694 0.381237
14259 0.746933 0.381212
14260 0.74694 0.381183
14261 0.74696 0.381148
14262 0.746992 0.38111
14263 0.747034 0.381068
14264 0.747073 0.381045
14265 0.747092 0.381025
14266 0.747093 0.381008
14267 0.747079 0.380992
14268 0.747051 0.380979
14269 0.74701 0.380967
14270 0.746957 0.380956
14271 0.746923 0.380939
14272 0.746906 0.380915
14273 0.746905 0.380886
14274 0.746917 0.380853
14275 0.746941 0.380815
14276 0.746976 0.380772
14277 0.746993 0.380734
14278 0.746992 0.3807
14279 0.747004 0.380662
14280 0.747029 0.380619
14281 0.747065 0.380573
14282 0.74711 0.380524
14283 0.747165 0.380471
14284 0.747227 0.380415
14285 0.747297 0.380357
14286 0.747374 0.380297
14287 0.747456 0.380235
14288 0.747543 0.380171
14289 0.747606 0.380114
14290 0.747647 0.380062
14291 0.747668 0.380015
14292 0.7477 0.379965
14293 0.747743 0.379912
14294 0.747795 0.379856
14295 0.747855 0.379798
14296 0.747923 0.379737
14297 0.747997 0.379674
14298 0.748077 0.37961
14299 0.748162 0.379543
14300 0.748252 0.379475
14301 0.748347 0.379406
14302 0.748425 0.37933
14303 0.748496 0.379277
14304 0.748561 0.379245
14305 0.74862 0.379232
14306 0.748674 0.379236
14307 0.748724 0.379255
14308 0.74877 0.379287
14309 0.748796 0.379316
14310 0.748833 0.379335
14311 0.74885 0.379351
14312 0.74885 0.379366
14313 0.748834 0.379379
14314 0.748833 0.379382
14315 0.748846 0.379377
14316 0.748859 0.379388
14317 0.748883 0.37939
14318 0.74889 0.379392
14319 0.74888 0.379393
14320 0.748884 0.379386
14321 0.74889 0.379395
14322 0.748908 0.379396
14323 0.748937 0.379388
14324 0.748977 0.379373
14325 0.748998 0.379359
14326 0.74903 0.379339
14327 0.749072 0.379313
14328 0.749123 0.379281
14329 0.749183 0.379244
14330 0.74925 0.379203
14331 0.749295 0.379166
14332 0.749348 0.379124
14333 0.74941 0.379079
14334 0.749479 0.37903
14335 0.749555 0.378977
14336 0.749636 0.378922
14337 0.749722 0.378864
14338 0.749814 0.378804
14339 0.749909 0.378742
14340 0.750009 0.378677
14341 0.750099 0.378635
14342 0.750183 0.378612
14343 0.750271 0.378584
14344 0.750363 0.37855
14345 0.750431 0.378519
14346 0.750476 0.378491
14347 0.75053 0.378457
14348 0.750592 0.378419
14349 0.75065 0.3784
14350 0.750703 0.378398
14351 0.750752 0.378412
14352 0.75081 0.378417
14353 0.750875 0.378413
14354 0.750948 0.378401
14355 0.750997 0.37839
14356 0.751026 0.378379
14357 0.751036 0.378369
14358 0.751029 0.37836
14359 0.751037 0.378343
14360 0.751057 0.37832
14361 0.751088 0.378291
14362 0.75113 0.378257
14363 0.751181 0.378218
14364 0.751211 0.378182
14365 0.75124 0.378166
14366 0.751268 0.378167
14367 0.751295 0.378183
14368 0.751303 0.378197
14369 0.751295 0.37821
14370 0.751272 0.378221
14371 0.751235 0.37823
14372 0.751187 0.378238
14373 0.751127 0.378244
14374 0.751058 0.37825
14375 0.75101 0.378247
14376 0.750967 0.378259
14377 0.750931 0.378286
14378 0.750899 0.378326
14379 0.750885 0.378354
14380 0.750884 0.378371
14381 0.750898 0.378378
14382 0.750923 0.378376
14383 0.750959 0.378365
14384 0.751005 0.378348
14385 0.751059 0.378324
14386 0.751093 0.378303
14387 0.751107 0.378283
14388 0.751104 0.378264
14389 0.751086 0.378247
14390 0.751054 0.378232
14391 0.751038 0.378209
14392 0.751038 0.378181
14393 0.75105 0.378147
14394 0.751063 0.378132
14395 0.751077 0.378134
14396 0.751091 0.378152
14397 0.751105 0.378183
14398 0.751131 0.378203
14399 0.751167 0.378212
14400 0.751185 0.37822
14401 0.751184 0.378227
14402 0.751198 0.378225
14403 0.751223 0.378215
14404 0.751259 0.378198
14405 0.751304 0.378173
14406 0.751347 0.378167
14407 0.751369 0.378161
14408 0.751374 0.378156
14409 0.751363 0.378151
14410 0.751337 0.378146
14411 0.751315 0.378157
14412 0.751297 0.378182
14413 0.751266 0.378205
14414 0.75125 0.378217
14415 0.75125 0.37822
14416 0.751263 0.378214
14417 0.751288 0.3782
14418 0.751324 0.37818
14419 0.751369 0.378153
14420 0.751424 0.378121
14421 0.751486 0.378084
14422 0.751555 0.378042
14423 0.751631 0.377995
14424 0.751713 0.377946
14425 0.751799 0.377892
14426 0.751862 0.377844
14427 0.751902 0.377801
14428 0.751923 0.377761
14429 0.751926 0.377726
14430 0.751913 0.377693
14431 0.751903 0.37768
14432 0.751895 0.377683
14433 0.751891 0.377702
14434 0.7519 0.37771
14435 0.751909 0.377733
14436 0.751912 0.37774
14437 0.751907 0.377732
14438 0.751896 0.37771
14439 0.751899 0.377682
14440 0.751916 0.377649
14441 0.751932 0.377634
14442 0.751949 0.377637
14443 0.751977 0.377631
14444 0.752015 0.377617
14445 0.752052 0.37762
14446 0.752098 0.377614
14447 0.752152 0.3776
14448 0.752186 0.377587
14449 0.7522 0.377576
14450 0.752198 0.377565
14451 0.752208 0.377547
14452 0.752231 0.377522
14453 0.752265 0.377491
14454 0.752308 0.377455
14455 0.752361 0.377414
14456 0.752421 0.377368
14457 0.75246 0.377326
14458 0.752479 0.377289
14459 0.752509 0.377246
14460 0.752549 0.377199
14461 0.752598 0.377148
14462 0.752627 0.377102
14463 0.752637 0.377061
14464 0.75266 0.377014
14465 0.752693 0.376964
14466 0.752735 0.37691
14467 0.752787 0.376853
14468 0.752846 0.376792
14469 0.752913 0.376729
14470 0.752957 0.376672
14471 0.752981 0.37662
14472 0.753005 0.376589
14473 0.753028 0.376577
14474 0.753052 0.376581
14475 0.753075 0.3766
14476 0.75308 0.376617
14477 0.753069 0.376632
14478 0.753043 0.376645
14479 0.753005 0.376656
14480 0.752983 0.376657
14481 0.752976 0.376649
14482 0.752983 0.376633
14483 0.753002 0.37661
14484 0.753033 0.376581
14485 0.753073 0.376545
14486 0.753122 0.376505
14487 0.753151 0.376468
14488 0.753161 0.376434
14489 0.753183 0.376394
14490 0.753215 0.37635
14491 0.753258 0.376301
14492 0.753309 0.376248
14493 0.753357 0.376216
14494 0.753413 0.376178
14495 0.753477 0.376136
14496 0.753547 0.376088
14497 0.753594 0.376044
14498 0.753621 0.376004
14499 0.753647 0.375984
14500 0.753673 0.375981
14501 0.753699 0.375994
14502 0.753724 0.376021
14503 0.753749 0.376061
14504 0.753773 0.376113
14505 0.753798 0.376175
14506 0.753833 0.376222
14507 0.753866 0.376279
14508 0.753899 0.376347
14509 0.753912 0.376407
14510 0.753909 0.37646
14511 0.75389 0.376507
14512 0.753875 0.376565
14513 0.753864 0.376633
14514 0.753838 0.376694
14515 0.753828 0.376739
14516 0.753832 0.376771
14517 0.753848 0.376791
14518 0.753876 0.3768
14519 0.753914 0.376799
14520 0.753961 0.376789
14521 0.754016 0.376771
14522 0.754079 0.376746
14523 0.754148 0.376715
14524 0.754223 0.376678
14525 0.754275 0.376644
14526 0.754307 0.376613
14527 0.754319 0.376584
14528 0.754332 0.376573
14529 0.754329 0.376564
14530 0.75431 0.376554
14531 0.754277 0.376545
14532 0.754232 0.376536
14533 0.754204 0.376519
14534 0.754164 0.376503
14535 0.754112 0.376488
14536 0.754049 0.376474
14537 0.753977 0.376461
14538 0.753896 0.376448
14539 0.753808 0.376436
14540 0.753713 0.376425
14541 0.753641 0.376406
14542 0.753588 0.376379
14543 0.753553 0.376346
14544 0.753535 0.376308
14545 0.753531 0.376264
14546 0.753541 0.376215
14547 0.753562 0.376162
14548 0.753594 0.376105
14549 0.753636 0.376044
14550 0.753675 0.376006
14551 0.753713 0.375986
14552 0.753749 0.375984
14553 0.753783 0.375998
14554 0.753817 0.376026
14555 0.753859 0.376042
14556 0.7539 0.376072
14557 0.753938 0.376115
14558 0.753975 0.376169
14559 0.754021 0.376208
14560 0.754075 0.376234
14561 0.754137 0.376248
14562 0.754176 0.376261
14563 0.754196 0.376271
14564 0.754198 0.37628
14565 0.754185 0.376287
14566 0.754185 0.376284
14567 0.754198 0.376272
14568 0.754223 0.376252
14569 0.754258 0.376225
14570 0.754302 0.376191
14571 0.754354 0.376152
14572 0.754414 0.376107
14573 0.75448 0.376057
14574 0.754524 0.376011
14575 0.754548 0.375969
14576 0.754572 0.375947
14577 0.754578 0.375927
14578 0.754567 0.375907
14579 0.754542 0.375889
14580 0.754504 0.375873
14581 0.754454 0.375857
14582 0.754421 0.375833
14583 0.754376 0.375811
14584 0.75432 0.37579
14585 0.754253 0.375771
14586 0.754178 0.375753
14587 0.754123 0.375727
14588 0.754057 0.375703
14589 0.753983 0.375681
14590 0.7539 0.37566
14591 0.753809 0.37564
14592 0.753713 0.375622
14593 0.753638 0.375596
14594 0.753583 0.375563
14595 0.753546 0.375524
14596 0.753497 0.375487
14597 0.753437 0.375454
14598 0.753396 0.375415
14599 0.753371 0.375369
14600 0.753361 0.375319
14601 0.753365 0.375264
14602 0.75338 0.375205
14603 0.753406 0.375142
14604 0.753442 0.375075
14605 0.753487 0.375006
14606 0.753539 0.374933
14607 0.753599 0.374858
14608 0.753664 0.374781
14609 0.753725 0.374727
14610 0.753782 0.374694
14611 0.753836 0.37468
14612 0.753868 0.374666
14613 0.753881 0.374653
14614 0.753877 0.37464
14615 0.753859 0.374627
14616 0.753826 0.374614
14617 0.753809 0.374593
14618 0.753805 0.374564
14619 0.753815 0.374528
14620 0.753807 0.374494
14621 0.753785 0.374463
14622 0.75375 0.374434
14623 0.75373 0.374397
14624 0.753724 0.374355
14625 0.753731 0.374307
14626 0.753722 0.374262
14627 0.753698 0.374221
14628 0.753688 0.374174
14629 0.753664 0.374131
14630 0.753627 0.37409
14631 0.753605 0.374044
14632 0.753598 0.373992
14633 0.753576 0.373944
14634 0.75354 0.3739
14635 0.753493 0.373859
14636 0.753462 0.373811
14637 0.753418 0.373767
14638 0.753392 0.373718
14639 0.753379 0.373663
14640 0.753381 0.373604
14641 0.753394 0.373541
14642 0.753418 0.373474
14643 0.753424 0.373412
14644 0.753413 0.373355
14645 0.753388 0.373302
14646 0.75335 0.373252
14647 0.753301 0.373206
14648 0.753268 0.373154
14649 0.75325 0.373097
14650 0.753219 0.373044
14651 0.753202 0.372986
14652 0.7532 0.372924
14653 0.753209 0.372858
14654 0.753229 0.372788
14655 0.75326 0.372715
14656 0.753299 0.372638
14657 0.753346 0.372559
14658 0.7534 0.372478
14659 0.753461 0.372394
14660 0.753528 0.372309
14661 0.753599 0.372221
14662 0.753665 0.372158
14663 0.753709 0.372099
14664 0.75376 0.372036
14665 0.753791 0.371977
14666 0.75383 0.371914
14667 0.753867 0.371872
14668 0.753912 0.371825
14669 0.753954 0.371797
14670 0.754003 0.371762
14671 0.75406 0.37172
14672 0.754122 0.371671
14673 0.754162 0.371626
14674 0.754183 0.371583
14675 0.754186 0.371542
14676 0.754174 0.371503
14677 0.754147 0.371466
14678 0.754107 0.371431
14679 0.754055 0.371396
14680 0.753993 0.371364
14681 0.753922 0.371332
14682 0.753869 0.371293
14683 0.753833 0.371247
14684 0.753813 0.371195
14685 0.753806 0.371138
14686 0.753811 0.371076
14687 0.7538 0.371017
14688 0.753774 0.370963
14689 0.753763 0.370903
14690 0.753764 0.370838
14691 0.753777 0.370769
14692 0.7538 0.370696
14693 0.753832 0.370619
14694 0.753872 0.37054
14695 0.75392 0.370458
14696 0.753974 0.370373
14697 0.754034 0.370285
14698 0.7541 0.370196
14699 0.75417 0.370104
14700 0.754235 0.370038
14701 0.754295 0.369993
14702 0.754351 0.369969
14703 0.754413 0.369936
14704 0.75448 0.369896
14705 0.754551 0.369849
14706 0.754617 0.369822
14707 0.754661 0.369795
14708 0.754685 0.369768
14709 0.754692 0.369741
14710 0.754682 0.369714
14711 0.754658 0.369687
14712 0.75462 0.369659
14713 0.754589 0.36965
14714 0.754571 0.369632
14715 0.754558 0.36963
14716 0.754557 0.369618
14717 0.754557 0.369623
14718 0.754543 0.369624
14719 0.754514 0.369623
14720 0.754473 0.369618
14721 0.75442 0.369612
14722 0.754357 0.369603
14723 0.754285 0.369592
14724 0.754232 0.369572
14725 0.754195 0.369542
14726 0.754174 0.369505
14727 0.754166 0.369461
14728 0.75417 0.36941
14729 0.754185 0.369354
14730 0.75421 0.369292
14731 0.754244 0.369225
14732 0.754286 0.369155
14733 0.754335 0.36908
14734 0.75439 0.369002
14735 0.754451 0.368921
14736 0.754517 0.368837
14737 0.754562 0.368759
14738 0.754586 0.368685
14739 0.754593 0.368615
14740 0.754583 0.368549
14741 0.754586 0.368479
14742 0.754599 0.368405
14743 0.754596 0.368335
14744 0.754578 0.368268
14745 0.754546 0.368206
14746 0.754528 0.368138
14747 0.754523 0.368066
14748 0.75453 0.36799
14749 0.754538 0.367937
14750 0.754547 0.367905
14751 0.754565 0.367865
14752 0.754593 0.367818
14753 0.75463 0.367765
14754 0.754673 0.367706
14755 0.754724 0.367641
14756 0.75478 0.367572
14757 0.754815 0.367506
14758 0.754858 0.367436
14759 0.754908 0.367361
14760 0.754937 0.367291
14761 0.754948 0.367224
14762 0.754969 0.367153
14763 0.754999 0.367078
14764 0.755037 0.366999
14765 0.755082 0.366916
14766 0.755134 0.366831
14767 0.755191 0.366742
14768 0.755254 0.366652
14769 0.755321 0.366559
14770 0.755393 0.366464
14771 0.755468 0.366367
14772 0.755547 0.366269
14773 0.755629 0.366169
14774 0.755713 0.366068
14775 0.7558 0.365965
14776 0.755889 0.365862
14777 0.75598 0.365757
14778 0.756064 0.365678
14779 0.756124 0.365604
14780 0.756163 0.365533
14781 0.756183 0.365465
14782 0.756185 0.365401
14783 0.756172 0.365338
14784 0.756171 0.365271
14785 0.756181 0.365199
14786 0.756175 0.36513
14787 0.756155 0.365065
14788 0.756147 0.364994
14789 0.75615 0.364919
14790 0.756155 0.364867
14791 0.756162 0.364836
14792 0.756152 0.364804
14793 0.756155 0.364763
14794 0.756159 0.364742
14795 0.756164 0.364739
14796 0.75618 0.364725
14797 0.756179 0.364708
14798 0.756162 0.364688
14799 0.756133 0.364667
14800 0.756091 0.364643
14801 0.756064 0.36461
14802 0.756051 0.364569
14803 0.756023 0.364528
14804 0.756001 0.364507
14805 0.755982 0.364504
14806 0.75595 0.364496
14807 0.755906 0.364485
14808 0.755852 0.364471
14809 0.755788 0.364454
14810 0.755732 0.364454
14811 0.755683 0.36447
14812 0.755624 0.36448
14813 0.755556 0.364485
14814 0.75548 0.364485
14815 0.755396 0.364481
14816 0.755331 0.364466
14817 0.755274 0.364468
14818 0.755225 0.364485
14819 0.755165 0.364497
14820 0.755096 0.364503
14821 0.755045 0.364497
14822 0.755009 0.36448
14823 0.754987 0.364453
14824 0.754953 0.364425
14825 0.754907 0.364395
14826 0.75485 0.364364
14827 0.754784 0.364333
14828 0.754709 0.3643
14829 0.754626 0.364267
14830 0.754554 0.364253
14831 0.75449 0.364255
14832 0.754442 0.364246
14833 0.75441 0.364226
14834 0.754383 0.364224
14835 0.75436 0.364237
14836 0.754323 0.364245
14837 0.754276 0.364249
14838 0.754234 0.364267
14839 0.754198 0.3643
14840 0.754167 0.364345
14841 0.75414 0.364401
14842 0.754117 0.364467
14843 0.754107 0.364514
14844 0.754109 0.364546
14845 0.75412 0.364562
14846 0.754141 0.364565
14847 0.754171 0.364556
14848 0.754207 0.364536
14849 0.754225 0.364515
14850 0.754226 0.364491
14851 0.754238 0.364458
14852 0.754233 0.364424
14853 0.754213 0.36439
14854 0.75418 0.364355
14855 0.754135 0.364319
14856 0.754106 0.364275
14857 0.754089 0.364224
14858 0.754085 0.364166
14859 0.754091 0.364102
14860 0.754107 0.364033
14861 0.754123 0.363987
14862 0.754138 0.36396
14863 0.754162 0.363925
14864 0.754194 0.363881
14865 0.754234 0.36383
14866 0.754279 0.363772
14867 0.75433 0.363708
14868 0.754387 0.363638
14869 0.754448 0.363564
14870 0.754513 0.363485
14871 0.754582 0.363402
14872 0.754654 0.363315
14873 0.754729 0.363225
14874 0.754807 0.363132
14875 0.754887 0.363037
14876 0.754969 0.362939
14877 0.755045 0.362866
14878 0.755122 0.362789
14879 0.755203 0.362708
14880 0.755285 0.362622
14881 0.755369 0.362534
14882 0.75543 0.362449
14883 0.75547 0.362368
14884 0.755517 0.362283
14885 0.755543 0.362201
14886 0.755577 0.362116
14887 0.755618 0.362027
14888 0.75564 0.361943
14889 0.755661 0.361882
14890 0.755665 0.361822
14891 0.755654 0.361763
14892 0.755645 0.361726
14893 0.755638 0.361708
14894 0.755634 0.361708
14895 0.755631 0.361723
14896 0.75563 0.361753
14897 0.755614 0.361775
14898 0.755584 0.361789
14899 0.755568 0.36179
14900 0.755563 0.361779
14901 0.755569 0.361756
14902 0.755584 0.361724
14903 0.755608 0.361682
14904 0.755639 0.361633
14905 0.755677 0.361576
14906 0.755721 0.361513
14907 0.75577 0.361444
14908 0.755825 0.361369
14909 0.755883 0.36129
14910 0.755946 0.361206
14911 0.756012 0.361118
14912 0.756082 0.361027
14913 0.756146 0.36096
14914 0.756205 0.360916
14915 0.75626 0.360892
14916 0.75631 0.360886
14917 0.756358 0.360897
14918 0.756402 0.360921
14919 0.756443 0.36096
14920 0.756482 0.36101
14921 0.756519 0.36107
14922 0.756537 0.36112
14923 0.756563 0.361152
14924 0.756596 0.361169
14925 0.756636 0.361171
14926 0.756681 0.361161
14927 0.756732 0.36114
14928 0.756788 0.361109
14929 0.756847 0.361068
14930 0.756911 0.361019
14931 0.756978 0.360963
14932 0.757048 0.3609
14933 0.757097 0.360838
14934 0.757125 0.360778
14935 0.757153 0.360739
14936 0.757179 0.360719
14937 0.757213 0.360689
14938 0.757253 0.36065
14939 0.757298 0.360602
14940 0.757349 0.360547
14941 0.757405 0.360485
14942 0.757465 0.360417
14943 0.757528 0.360343
14944 0.757595 0.360264
14945 0.75764 0.360188
14946 0.757666 0.360114
14947 0.757675 0.360042
14948 0.757667 0.359972
14949 0.757646 0.359903
14950 0.757613 0.359836
14951 0.757567 0.359771
14952 0.757512 0.359706
14953 0.757464 0.359664
14954 0.757423 0.359641
14955 0.757387 0.359636
14956 0.757358 0.359648
14957 0.757332 0.359674
14958 0.757312 0.359712
14959 0.757295 0.359763
14960 0.757281 0.359824
14961 0.757279 0.359867
14962 0.757286 0.359892
14963 0.757302 0.359903
14964 0.757325 0.3599
14965 0.757356 0.359884
14966 0.757394 0.359858
14967 0.757437 0.359821
14968 0.757485 0.359776
14969 0.757537 0.359722
14970 0.757587 0.35969
14971 0.757633 0.359676
14972 0.757677 0.35968
14973 0.757701 0.359677
14974 0.757709 0.359669
14975 0.757701 0.359656
14976 0.757679 0.359639
14977 0.757669 0.359611
14978 0.757669 0.359573
14979 0.757678 0.359526
14980 0.757689 0.3595
14981 0.7577 0.359492
14982 0.757719 0.359472
14983 0.757746 0.359441
14984 0.75778 0.3594
14985 0.757819 0.359351
14986 0.757864 0.359295
14987 0.757914 0.359231
14988 0.757967 0.359161
14989 0.758018 0.359113
14990 0.758065 0.359086
14991 0.758117 0.359049
14992 0.758166 0.359031
14993 0.758212 0.35903
14994 0.758239 0.359024
14995 0.758249 0.359012
14996 0.758243 0.358996
14997 0.758223 0.358975
14998 0.758191 0.35895
14999 0.758147 0.358922
15000 0.758093 0.35889
