14000 0.776399 0.43786
14001 0.77641 0.437836
14002 0.776432 0.437806
14003 0.776437 0.43778
14004 0.776426 0.437758
14005 0.776401 0.437738
14006 0.776362 0.437722
14007 0.776312 0.437708
14008 0.776251 0.437696
14009 0.77618 0.437686
14010 0.776131 0.437669
14011 0.776099 0.437646
14012 0.776084 0.437617
14013 0.776084 0.437584
14014 0.776098 0.437545
14015 0.776123 0.437503
14016 0.77613 0.437465
14017 0.776121 0.437432
14018 0.776127 0.437394
14019 0.776145 0.437352
14020 0.776174 0.437306
14021 0.776186 0.437266
14022 0.776209 0.437221
14023 0.776214 0.437182
14024 0.776233 0.437138
14025 0.776234 0.4371
14026 0.776219 0.437066
14027 0.776219 0.437027
14028 0.776232 0.436984
14029 0.776258 0.436938
14030 0.776265 0.436897
14031 0.776256 0.43686
14032 0.776261 0.43682
14033 0.776251 0.436784
14034 0.776254 0.436743
14035 0.776271 0.436699
14036 0.77627 0.43666
14037 0.776254 0.436625
14038 0.776253 0.436586
14039 0.776266 0.436543
14040 0.77629 0.436496
14041 0.776326 0.436445
14042 0.776342 0.436401
14043 0.77637 0.436352
14044 0.776379 0.43631
14045 0.776373 0.436272
14046 0.77638 0.436229
14047 0.776394 0.436205
14048 0.776391 0.436184
14049 0.776402 0.436156
14050 0.776419 0.436145
14051 0.776443 0.436149
14052 0.776472 0.436165
14053 0.776506 0.436194
14054 0.776544 0.436233
14055 0.776587 0.436282
14056 0.776609 0.436327
14057 0.776614 0.436367
14058 0.776603 0.436404
14059 0.776577 0.436438
14060 0.776567 0.436461
14061 0.776572 0.436474
14062 0.77659 0.436477
14063 0.776613 0.436494
14064 0.776642 0.436522
14065 0.776653 0.436549
14066 0.776676 0.436564
14067 0.77671 0.436571
14068 0.776754 0.436569
14069 0.776808 0.436559
14070 0.77684 0.436551
14071 0.776854 0.436544
14072 0.77685 0.436539
14073 0.776861 0.436526
14074 0.776884 0.436507
14075 0.776918 0.436482
14076 0.776962 0.436452
14077 0.777015 0.436417
14078 0.777077 0.436377
14079 0.777117 0.436342
14080 0.777137 0.436311
14081 0.777139 0.436284
14082 0.777155 0.436252
14083 0.777183 0.436215
14084 0.777221 0.436174
14085 0.777269 0.436129
14086 0.777297 0.436089
14087 0.777329 0.436067
14088 0.777343 0.436047
14089 0.77734 0.43603
14090 0.777345 0.436028
14091 0.777357 0.43604
14092 0.777376 0.436064
14093 0.777377 0.436086
14094 0.777391 0.436098
14095 0.777418 0.436102
14096 0.777455 0.436097
14097 0.777503 0.436085
14098 0.777553 0.436088
14099 0.777582 0.436091
14100 0.777593 0.436095
14101 0.777588 0.436098
14102 0.777597 0.436094
14103 0.777618 0.436082
14104 0.777651 0.436064
14105 0.777693 0.43604
14106 0.777745 0.436011
14107 0.777777 0.435986
14108 0.77779 0.435963
14109 0.777786 0.435943
14110 0.777767 0.435926
14111 0.777734 0.435911
14112 0.777689 0.435898
14113 0.777633 0.435886
14114 0.777567 0.435877
14115 0.777521 0.43586
14116 0.777493 0.435838
14117 0.777482 0.43581
14118 0.777485 0.435777
14119 0.777473 0.435749
14120 0.777446 0.435723
14121 0.777406 0.4357
14122 0.777355 0.435681
14123 0.777322 0.435655
14124 0.777306 0.435625
14125 0.7773 0.435611
14126 0.777302 0.435612
14127 0.777311 0.435626
14128 0.777327 0.435653
14129 0.77735 0.43569
14130 0.777383 0.435716
14131 0.777427 0.435732
14132 0.777451 0.435746
14133 0.777457 0.435759
14134 0.777446 0.435772
14135 0.777422 0.435783
14136 0.777413 0.435786
14137 0.777419 0.435781
14138 0.777431 0.435789
14139 0.77745 0.435811
14140 0.777468 0.435815
14141 0.777483 0.435802
14142 0.777505 0.435805
14143 0.777525 0.435792
14144 0.777543 0.435765
14145 0.777567 0.435753
14146 0.777596 0.435757
14147 0.777607 0.435761
14148 0.777601 0.435764
14149 0.77758 0.435768
14150 0.777546 0.435771
14151 0.777499 0.435775
14152 0.777442 0.435779
14153 0.777375 0.435783
14154 0.777298 0.435787
14155 0.777214 0.435791
14156 0.777123 0.435795
14157 0.777054 0.435791
14158 0.777006 0.435779
14159 0.776976 0.435761
14160 0.77695 0.43573
14161 0.776933 0.435715
14162 0.776926 0.435715
14163 0.77692 0.4357
14164 0.776914 0.43567
14165 0.776909 0.435628
14166 0.776904 0.435574
14167 0.776908 0.43554
14168 0.776919 0.435522
14169 0.776936 0.43552
14170 0.776952 0.435502
14171 0.776967 0.435471
14172 0.776964 0.435443
14173 0.776946 0.435418
14174 0.776914 0.435396
14175 0.77687 0.435376
14176 0.776815 0.435358
14177 0.776773 0.435356
14178 0.776743 0.435368
14179 0.776723 0.435391
14180 0.776713 0.435427
14181 0.776712 0.435472
14182 0.776719 0.435526
14183 0.776732 0.435588
14184 0.776745 0.435629
14185 0.776756 0.43565
14186 0.776766 0.435653
14187 0.776775 0.43564
14188 0.776784 0.435613
14189 0.776776 0.435589
14190 0.776753 0.435568
14191 0.776747 0.435541
14192 0.776754 0.435508
14193 0.776774 0.435472
14194 0.776805 0.435431
14195 0.776842 0.435407
14196 0.776882 0.4354
14197 0.776926 0.435407
14198 0.776973 0.435427
14199 0.777024 0.435458
14200 0.777054 0.435486
14201 0.777065 0.435512
14202 0.777059 0.435535
14203 0.777039 0.435557
14204 0.777005 0.435576
14205 0.776958 0.435594
14206 0.776901 0.43561
14207 0.776863 0.435617
14208 0.776843 0.435616
14209 0.776838 0.435607
14210 0.776847 0.435591
14211 0.776868 0.435569
14212 0.776902 0.435541
14213 0.776945 0.435508
14214 0.776997 0.435471
14215 0.777058 0.43543
14216 0.777097 0.435393
14217 0.777117 0.43536
14218 0.777148 0.435322
14219 0.77719 0.435281
14220 0.77724 0.435236
14221 0.777271 0.435195
14222 0.777282 0.435158
14223 0.777277 0.435125
14224 0.77728 0.435109
14225 0.77729 0.435108
14226 0.777307 0.435121
14227 0.77733 0.435146
14228 0.777335 0.435169
14229 0.777324 0.43519
14230 0.777299 0.435208
14231 0.77726 0.435225
14232 0.777233 0.435253
14233 0.777216 0.435293
14234 0.777209 0.435342
14235 0.77721 0.4354
14236 0.777218 0.435465
14237 0.777234 0.435538
14238 0.777255 0.435617
14239 0.777282 0.435702
14240 0.777314 0.435792
14241 0.777327 0.435873
14242 0.777324 0.435946
14243 0.777305 0.436012
14244 0.777272 0.436072
14245 0.777227 0.436126
14246 0.777171 0.436175
14247 0.777134 0.436212
14248 0.777114 0.436237
14249 0.77711 0.436252
14250 0.77712 0.436258
14251 0.777143 0.436256
14252 0.777148 0.436255
14253 0.777137 0.436254
14254 0.777111 0.436253
14255 0.777072 0.436253
14256 0.777022 0.436254
14257 0.77699 0.436247
14258 0.776975 0.436233
14259 0.776976 0.436213
14260 0.776989 0.436187
14261 0.777015 0.436156
14262 0.777053 0.436121
14263 0.77707 0.436089
14264 0.777071 0.436062
14265 0.777085 0.436029
14266 0.777111 0.435992
14267 0.777148 0.435951
14268 0.777195 0.435906
14269 0.777251 0.435858
14270 0.777285 0.435815
14271 0.777301 0.435777
14272 0.777328 0.435735
14273 0.777367 0.435689
14274 0.777415 0.43564
14275 0.777471 0.435588
14276 0.777536 0.435534
14277 0.777579 0.435485
14278 0.777601 0.435441
14279 0.777606 0.435402
14280 0.777595 0.435366
14281 0.777569 0.435335
14282 0.777559 0.435299
14283 0.777564 0.435259
14284 0.777581 0.435214
14285 0.777582 0.435175
14286 0.777567 0.435139
14287 0.777537 0.435107
14288 0.777495 0.435079
14289 0.777471 0.435045
14290 0.777462 0.435007
14291 0.777468 0.434965
14292 0.777486 0.434919
14293 0.777517 0.434869
14294 0.777557 0.434816
14295 0.777607 0.434761
14296 0.777665 0.434703
14297 0.777702 0.434651
14298 0.777719 0.434604
14299 0.77772 0.434562
14300 0.777704 0.434523
14301 0.777703 0.434481
14302 0.77771 0.434456
14303 0.77773 0.434426
14304 0.777761 0.434391
14305 0.777796 0.434373
14306 0.777834 0.434371
14307 0.777877 0.434382
14308 0.777922 0.434407
14309 0.77797 0.434442
14310 0.778021 0.434488
14311 0.77808 0.434522
14312 0.778146 0.434543
14313 0.778219 0.434555
14314 0.778298 0.434557
14315 0.778383 0.434551
14316 0.778472 0.434537
14317 0.778566 0.434517
14318 0.778635 0.434498
14319 0.778681 0.434481
14320 0.778707 0.434466
14321 0.778715 0.434452
14322 0.778707 0.43444
14323 0.778683 0.434428
14324 0.778646 0.434418
14325 0.778598 0.434408
14326 0.778538 0.434399
14327 0.778492 0.434405
14328 0.778458 0.434424
14329 0.778435 0.434455
14330 0.778427 0.434474
14331 0.778434 0.434484
14332 0.778453 0.434485
14333 0.778484 0.434477
14334 0.778525 0.434462
14335 0.778575 0.434441
14336 0.778634 0.434414
14337 0.7787 0.434381
14338 0.778773 0.434344
14339 0.778852 0.434302
14340 0.778936 0.434256
14341 0.778997 0.434214
14342 0.779035 0.434177
14343 0.779055 0.434142
14344 0.779056 0.434111
14345 0.779042 0.434082
14346 0.779037 0.43407
14347 0.779039 0.434074
14348 0.779048 0.43409
14349 0.779069 0.434097
14350 0.779096 0.434117
14351 0.779127 0.434149
14352 0.779162 0.434192
14353 0.779177 0.43423
14354 0.779176 0.434264
14355 0.779159 0.434294
14356 0.779128 0.434321
14357 0.779085 0.434345
14358 0.77903 0.434366
14359 0.778966 0.434384
14360 0.778892 0.434401
14361 0.778838 0.434407
14362 0.778804 0.434406
14363 0.778786 0.434396
14364 0.778784 0.434379
14365 0.778795 0.434356
14366 0.778789 0.434334
14367 0.778791 0.434329
14368 0.7788 0.434339
14369 0.778814 0.434361
14370 0.778812 0.434381
14371 0.778794 0.434399
14372 0.778762 0.434414
14373 0.778747 0.43442
14374 0.778747 0.434417
14375 0.77876 0.434406
14376 0.778785 0.434388
14377 0.778821 0.434364
14378 0.778866 0.434335
14379 0.778892 0.434307
14380 0.778899 0.434283
14381 0.77889 0.43426
14382 0.778889 0.434254
14383 0.778895 0.434262
14384 0.778907 0.434284
14385 0.778925 0.434317
14386 0.778949 0.434361
14387 0.778976 0.434415
14388 0.778986 0.434462
14389 0.778979 0.434505
14390 0.778986 0.434536
14391 0.779005 0.434555
14392 0.779036 0.434564
14393 0.779048 0.434572
14394 0.779044 0.43458
14395 0.779024 0.434586
14396 0.778991 0.434591
14397 0.778945 0.434596
14398 0.778917 0.434592
14399 0.778906 0.43458
14400 0.778908 0.434561
14401 0.778924 0.434536
14402 0.778952 0.434506
14403 0.778961 0.434478
14404 0.778953 0.434452
14405 0.778931 0.434429
14406 0.778895 0.434409
14407 0.778847 0.43439
14408 0.778789 0.434373
14409 0.77872 0.434357
14410 0.778643 0.434343
14411 0.778557 0.43433
14412 0.778465 0.434318
14413 0.778389 0.434321
14414 0.778327 0.434339
14415 0.778278 0.434368
14416 0.778241 0.434409
14417 0.778221 0.434437
14418 0.778216 0.434454
14419 0.778225 0.434462
14420 0.778246 0.43446
14421 0.778279 0.434451
14422 0.778322 0.434434
14423 0.778374 0.43441
14424 0.778434 0.434381
14425 0.778472 0.434354
14426 0.778491 0.43433
14427 0.778492 0.434308
14428 0.778477 0.434288
14429 0.778448 0.434271
14430 0.778407 0.434254
14431 0.778383 0.434231
14432 0.778374 0.434202
14433 0.778379 0.434168
14434 0.778398 0.434128
14435 0.778427 0.434084
14436 0.778461 0.434059
14437 0.778497 0.434051
14438 0.778537 0.434057
14439 0.778579 0.434077
14440 0.778602 0.434094
14441 0.778606 0.43411
14442 0.778595 0.434124
14443 0.778569 0.434136
14444 0.778552 0.434161
14445 0.778544 0.434198
14446 0.77855 0.434223
14447 0.778568 0.434236
14448 0.778569 0.434249
14449 0.778554 0.434259
14450 0.778525 0.434269
14451 0.778483 0.434277
14452 0.77843 0.434284
14453 0.778395 0.434282
14454 0.778377 0.434272
14455 0.778374 0.434255
14456 0.778384 0.43423
14457 0.778407 0.4342
14458 0.77844 0.434164
14459 0.778454 0.434132
14460 0.778452 0.434102
14461 0.778462 0.434067
14462 0.778485 0.434027
14463 0.778519 0.433982
14464 0.778562 0.433933
14465 0.778614 0.433881
14466 0.778674 0.433825
14467 0.778712 0.433774
14468 0.77876 0.43372
14469 0.778787 0.433671
14470 0.778796 0.433626
14471 0.778788 0.433585
14472 0.778765 0.433549
14473 0.778758 0.433507
14474 0.778758 0.433483
14475 0.778764 0.433476
14476 0.778776 0.433484
14477 0.778793 0.433506
14478 0.778815 0.433539
14479 0.778842 0.433584
14480 0.778872 0.433638
14481 0.778883 0.433686
14482 0.778878 0.433729
14483 0.778858 0.433768
14484 0.778824 0.433802
14485 0.778806 0.433824
14486 0.778803 0.433835
14487 0.778814 0.433836
14488 0.778836 0.433829
14489 0.778869 0.433814
14490 0.778912 0.433791
14491 0.778964 0.433762
14492 0.779023 0.433728
14493 0.779061 0.433696
14494 0.779079 0.433667
14495 0.77908 0.43364
14496 0.779066 0.433616
14497 0.779037 0.433593
14498 0.778996 0.433572
14499 0.778971 0.433544
14500 0.778962 0.433511
14501 0.778967 0.433472
14502 0.778984 0.433428
14503 0.779012 0.43338
14504 0.779044 0.43335
14505 0.779079 0.433338
14506 0.779116 0.433342
14507 0.779156 0.433359
14508 0.779177 0.433374
14509 0.77918 0.433387
14510 0.779167 0.433398
14511 0.779139 0.433407
14512 0.779121 0.43343
14513 0.779111 0.433465
14514 0.779108 0.43351
14515 0.779112 0.433566
14516 0.7791 0.433615
14517 0.779073 0.433659
14518 0.779034 0.433698
14519 0.779004 0.433747
14520 0.778984 0.433805
14521 0.778972 0.433873
14522 0.778968 0.433947
14523 0.778971 0.434029
14524 0.778957 0.434102
14525 0.778929 0.434167
14526 0.778889 0.434225
14527 0.778837 0.434277
14528 0.778774 0.434323
14529 0.778731 0.434356
14530 0.778704 0.434376
14531 0.778694 0.434386
14532 0.778697 0.434386
14533 0.778713 0.434377
14534 0.778711 0.434369
14535 0.778694 0.434361
14536 0.778664 0.434353
14537 0.77862 0.434346
14538 0.778566 0.434339
14539 0.778501 0.434332
14540 0.778427 0.434325
14541 0.778374 0.43431
14542 0.778338 0.434288
14543 0.778319 0.434259
14544 0.778315 0.434224
14545 0.778324 0.434184
14546 0.778316 0.434147
14547 0.778294 0.434114
14548 0.778258 0.434083
14549 0.77821 0.434055
14550 0.778152 0.43403
14551 0.778112 0.433998
14552 0.778061 0.433968
14553 0.778021 0.433956
14554 0.77799 0.43396
14555 0.777969 0.433977
14556 0.777956 0.434007
14557 0.77795 0.434049
14558 0.777951 0.4341
14559 0.777958 0.434161
14560 0.77797 0.43423
14561 0.777986 0.434307
14562 0.778014 0.434367
14563 0.778051 0.434412
14564 0.77807 0.434452
14565 0.77807 0.434488
14566 0.778056 0.434519
14567 0.778027 0.434548
14568 0.777985 0.434573
14569 0.777932 0.434595
14570 0.777868 0.434614
14571 0.777824 0.434623
14572 0.777797 0.434622
14573 0.777785 0.434612
14574 0.777787 0.434594
14575 0.777802 0.434568
14576 0.7778 0.434545
14577 0.777782 0.434523
14578 0.77775 0.434504
14579 0.777706 0.434485
14580 0.777679 0.43446
14581 0.777667 0.434428
14582 0.77767 0.43439
14583 0.777684 0.434346
14584 0.777682 0.434307
14585 0.777664 0.434271
14586 0.777632 0.434237
14587 0.777588 0.434207
14588 0.777533 0.434179
14589 0.777496 0.434145
14590 0.777475 0.434105
14591 0.777469 0.43406
14592 0.777476 0.43401
14593 0.777494 0.433956
14594 0.777524 0.433897
14595 0.777563 0.433836
14596 0.777582 0.43378
14597 0.777584 0.433729
14598 0.77757 0.433682
14599 0.777542 0.43364
14600 0.777502 0.433602
14601 0.77745 0.433566
14602 0.777415 0.433525
14603 0.777396 0.433479
14604 0.777392 0.433428
14605 0.7774 0.433372
14606 0.777392 0.433322
14607 0.777369 0.433276
14608 0.777333 0.433234
14609 0.777307 0.433211
14610 0.777289 0.433204
14611 0.777278 0.433212
14612 0.777275 0.433234
14613 0.777277 0.433268
14614 0.777285 0.433313
14615 0.777304 0.433344
14616 0.777334 0.433362
14617 0.777373 0.43337
14618 0.77742 0.433367
14619 0.777475 0.433355
14620 0.777537 0.433335
14621 0.777604 0.433307
14622 0.77765 0.433282
14623 0.777675 0.433258
14624 0.777683 0.433236
14625 0.777674 0.433216
14626 0.777651 0.433197
14627 0.777615 0.43318
14628 0.777567 0.433163
14629 0.777509 0.433148
14630 0.777468 0.433124
14631 0.777444 0.433094
14632 0.777435 0.433058
14633 0.777432 0.433039
14634 0.777435 0.433036
14635 0.777443 0.433048
14636 0.777463 0.43305
14637 0.777493 0.433042
14638 0.777505 0.433034
14639 0.7775 0.433026
14640 0.777481 0.433018
14641 0.777448 0.43301
14642 0.777431 0.432994
14643 0.777427 0.43297
14644 0.777409 0.432948
14645 0.777377 0.432928
14646 0.777333 0.432908
14647 0.777306 0.432882
14648 0.777293 0.432848
14649 0.777267 0.432818
14650 0.777255 0.432781
14651 0.777229 0.432747
14652 0.777191 0.432715
14653 0.777141 0.432686
14654 0.777108 0.432651
14655 0.777091 0.43261
14656 0.777087 0.432563
14657 0.777096 0.432512
14658 0.777088 0.432465
14659 0.777094 0.432413
14660 0.77711 0.432357
14661 0.777137 0.432297
14662 0.777146 0.432242
14663 0.777139 0.432192
14664 0.777118 0.432146
14665 0.777083 0.432103
14666 0.777037 0.432064
14667 0.777007 0.432018
14668 0.776992 0.431968
14669 0.77699 0.431914
14670 0.777001 0.431855
14671 0.776995 0.431801
14672 0.776974 0.431751
14673 0.776961 0.43172
14674 0.776955 0.431707
14675 0.776954 0.431709
14676 0.776966 0.431701
14677 0.776988 0.431685
14678 0.777013 0.431684
14679 0.77702 0.431682
14680 0.777012 0.43168
14681 0.776989 0.431676
14682 0.77696 0.431685
14683 0.776924 0.431705
14684 0.776883 0.431735
14685 0.776837 0.431775
14686 0.776787 0.431823
14687 0.776753 0.431856
14688 0.776735 0.431876
14689 0.77673 0.431885
14690 0.776737 0.431883
14691 0.776756 0.431872
14692 0.776784 0.431852
14693 0.776821 0.431824
14694 0.776867 0.43179
14695 0.77692 0.431749
14696 0.776958 0.431725
14697 0.776983 0.431715
14698 0.776997 0.431718
14699 0.777 0.431734
14700 0.776994 0.43176
14701 0.776979 0.431795
14702 0.776977 0.431818
14703 0.776987 0.431828
14704 0.777008 0.431827
14705 0.777039 0.431817
14706 0.777078 0.431799
14707 0.777125 0.431772
14708 0.77718 0.431738
14709 0.777241 0.431698
14710 0.777286 0.431675
14711 0.777318 0.431665
14712 0.777337 0.431669
14713 0.777345 0.431685
14714 0.777343 0.431711
14715 0.777332 0.431747
14716 0.777313 0.431792
14717 0.777287 0.431844
14718 0.777254 0.431904
14719 0.777236 0.431948
14720 0.777232 0.431978
14721 0.777241 0.431995
14722 0.77726 0.432001
14723 0.777269 0.432019
14724 0.777267 0.432047
14725 0.777257 0.432085
14726 0.777238 0.432132
14727 0.777233 0.432164
14728 0.777241 0.432183
14729 0.77726 0.432191
14730 0.777268 0.432211
14731 0.777266 0.432241
14732 0.777255 0.43228
14733 0.777258 0.432306
14734 0.777272 0.432319
14735 0.777296 0.432322
14736 0.777331 0.432315
14737 0.777373 0.432299
14738 0.777424 0.432276
14739 0.77746 0.432267
14740 0.777484 0.432271
14741 0.777496 0.432287
14742 0.777498 0.432314
14743 0.777491 0.43235
14744 0.777496 0.432374
14745 0.777513 0.432385
14746 0.77754 0.432386
14747 0.777577 0.432378
14748 0.777601 0.432382
14749 0.777613 0.432399
14750 0.777615 0.432426
14751 0.777629 0.432441
14752 0.777654 0.432445
14753 0.777688 0.43244
14754 0.777731 0.432425
14755 0.777782 0.432403
14756 0.77784 0.432373
14757 0.777904 0.432337
14758 0.777974 0.432295
14759 0.778027 0.43227
14760 0.77806 0.432246
14761 0.778075 0.432223
14762 0.778073 0.432202
14763 0.778055 0.432181
14764 0.778024 0.432162
14765 0.777981 0.432143
14766 0.777927 0.432125
14767 0.77789 0.432099
14768 0.777869 0.432066
14769 0.777862 0.432027
14770 0.777868 0.431983
14771 0.777886 0.431933
14772 0.777914 0.431879
14773 0.777951 0.43182
14774 0.777969 0.431767
14775 0.77797 0.431717
14776 0.777956 0.43167
14777 0.777927 0.431627
14778 0.777887 0.431587
14779 0.777862 0.431542
14780 0.777852 0.431491
14781 0.777855 0.431436
14782 0.777848 0.431399
14783 0.777833 0.431377
14784 0.77781 0.43137
14785 0.77778 0.431376
14786 0.777743 0.431393
14787 0.777701 0.431421
14788 0.777654 0.431458
14789 0.777624 0.431482
14790 0.777608 0.431495
14791 0.777585 0.431518
14792 0.777555 0.431551
14793 0.777518 0.431592
14794 0.777498 0.431621
14795 0.777491 0.431636
14796 0.777497 0.431641
14797 0.777493 0.431658
14798 0.777481 0.431685
14799 0.77746 0.431721
14800 0.777432 0.431766
14801 0.777419 0.431797
14802 0.777398 0.431838
14803 0.777369 0.431886
14804 0.777356 0.43192
14805 0.777335 0.431963
14806 0.777306 0.432014
14807 0.777272 0.432072
14808 0.777231 0.432137
14809 0.777207 0.432186
14810 0.777197 0.43222
14811 0.7772 0.432242
14812 0.777216 0.432252
14813 0.77722 0.432274
14814 0.777215 0.432305
14815 0.777201 0.432346
14816 0.77718 0.432395
14817 0.777146 0.432438
14818 0.777099 0.432475
14819 0.777042 0.432507
14820 0.776976 0.432535
14821 0.776901 0.432559
14822 0.776818 0.432579
14823 0.776728 0.432596
14824 0.776632 0.432611
14825 0.77653 0.432622
14826 0.776423 0.432632
14827 0.776312 0.432639
14828 0.776224 0.432636
14829 0.776157 0.432625
14830 0.776081 0.432613
14831 0.775998 0.432601
14832 0.775907 0.43259
14833 0.77581 0.432578
14834 0.775708 0.432567
14835 0.775601 0.432556
14836 0.775489 0.432545
14837 0.7754 0.432525
14838 0.775333 0.432498
14839 0.775284 0.432464
14840 0.775252 0.432425
14841 0.775235 0.432379
14842 0.775205 0.432338
14843 0.775162 0.432299
14844 0.775109 0.432263
14845 0.775073 0.432221
14846 0.775052 0.432173
14847 0.775046 0.432122
14848 0.775052 0.432065
14849 0.775043 0.432014
14850 0.775019 0.431966
14851 0.774982 0.431922
14852 0.774961 0.431872
14853 0.774954 0.431818
14854 0.774959 0.43176
14855 0.774976 0.431699
14856 0.775003 0.431634
14857 0.775013 0.431574
14858 0.775012 0.431532
14859 0.775002 0.431507
14860 0.774983 0.431496
14861 0.774958 0.431498
14862 0.774925 0.431512
14863 0.774886 0.431537
14864 0.774842 0.431572
14865 0.774793 0.431615
14866 0.77474 0.431666
14867 0.774682 0.431723
14868 0.774643 0.431766
14869 0.774619 0.431794
14870 0.774609 0.431811
14871 0.774612 0.431815
14872 0.774627 0.43181
14873 0.774652 0.431796
14874 0.774687 0.431774
14875 0.77473 0.431744
14876 0.774759 0.431729
14877 0.7748 0.431721
14878 0.774827 0.431726
14879 0.774842 0.431742
14880 0.774846 0.431768
14881 0.774864 0.431798
14882 0.774895 0.431829
14883 0.774937 0.431863
14884 0.774989 0.431898
14885 0.77505 0.431935
14886 0.77512 0.431974
14887 0.775197 0.432015
14888 0.775281 0.432056
14889 0.77537 0.432099
14890 0.775465 0.432143
14891 0.775565 0.432188
14892 0.775669 0.432234
14893 0.775754 0.432288
14894 0.775821 0.432348
14895 0.775872 0.432415
14896 0.775908 0.432487
14897 0.775955 0.432557
14898 0.77601 0.432611
14899 0.776071 0.432651
14900 0.776139 0.432677
14901 0.776212 0.432692
14902 0.776289 0.432696
14903 0.776344 0.432698
14904 0.776378 0.432699
14905 0.776394 0.432699
14906 0.776422 0.432704
14907 0.776462 0.432714
14908 0.776511 0.432728
14909 0.776571 0.432747
14910 0.776638 0.432769
14911 0.776713 0.432795
14912 0.776795 0.432823
14913 0.776853 0.432848
14914 0.776891 0.432869
14915 0.776909 0.432886
14916 0.77691 0.432901
14917 0.776896 0.432913
14918 0.776868 0.432923
14919 0.776857 0.432937
14920 0.776861 0.432956
14921 0.776879 0.432978
14922 0.77691 0.433004
14923 0.776952 0.433033
14924 0.777003 0.433064
14925 0.777064 0.433098
14926 0.777133 0.433135
14927 0.77721 0.433173
14928 0.777263 0.433207
14929 0.777296 0.433236
14930 0.77731 0.433261
14931 0.777337 0.43329
14932 0.777376 0.433321
14933 0.777425 0.433355
14934 0.777483 0.433391
14935 0.77755 0.433429
14936 0.777595 0.433463
14937 0.77762 0.433492
14938 0.777627 0.433517
14939 0.777618 0.433538
14940 0.777624 0.433563
14941 0.777644 0.433592
14942 0.777676 0.433623
14943 0.777719 0.433658
14944 0.777772 0.433695
14945 0.777834 0.433734
14946 0.777874 0.433768
14947 0.777895 0.433798
14948 0.777898 0.433824
14949 0.777886 0.433846
14950 0.777889 0.433872
14951 0.777906 0.433901
14952 0.777936 0.433934
14953 0.777947 0.433962
14954 0.777942 0.433986
14955 0.777921 0.434007
14956 0.777888 0.434025
14957 0.777842 0.43404
14958 0.777815 0.43406
14959 0.777805 0.434083
14960 0.77781 0.434111
14961 0.777799 0.434134
14962 0.777774 0.434155
14963 0.777766 0.434179
14964 0.777772 0.434207
14965 0.777793 0.434239
14966 0.777825 0.434273
14967 0.777869 0.43431
14968 0.777922 0.43435
14969 0.777984 0.434392
14970 0.778025 0.434429
14971 0.778046 0.434461
14972 0.778049 0.434488
14973 0.778037 0.434512
14974 0.77801 0.434533
14975 0.778 0.434558
14976 0.778006 0.434586
14977 0.778025 0.434618
14978 0.778056 0.434653
14979 0.778099 0.434691
14980 0.778151 0.434731
14981 0.778183 0.434767
14982 0.778196 0.434797
14983 0.778192 0.434824
14984 0.778203 0.434854
14985 0.778227 0.434888
14986 0.778263 0.434924
14987 0.77831 0.434964
14988 0.778366 0.435005
14989 0.77843 0.435049
14990 0.778473 0.435088
14991 0.778496 0.435122
14992 0.778501 0.435151
14993 0.77849 0.435176
14994 0.778464 0.435198
14995 0.778425 0.435216
14996 0.778374 0.435232
14997 0.778313 0.435245
14998 0.778242 0.435255
14999 0.778163 0.435264
15000 0.778076 0.435271
