14000 0.808102 0.379939
14001 0.808101 0.380004
14002 0.8081 0.380079
14003 0.8081 0.380161
14004 0.808091 0.380222
14005 0.808077 0.380263
14006 0.808055 0.380286
14007 0.808029 0.380293
14008 0.807997 0.380286
14009 0.807984 0.380279
14010 0.807988 0.380272
14011 0.808007 0.380266
14012 0.808016 0.380246
14013 0.808017 0.380214
14014 0.808011 0.380173
14015 0.807997 0.380121
14016 0.807977 0.380062
14017 0.807959 0.380024
14018 0.807943 0.380005
14019 0.80793 0.380004
14020 0.807917 0.380018
14021 0.807899 0.380017
14022 0.807897 0.380016
14023 0.807912 0.380015
14024 0.807941 0.380013
14025 0.807982 0.38001
14026 0.808035 0.380007
14027 0.808075 0.379991
14028 0.808104 0.379963
14029 0.808121 0.379924
14030 0.80813 0.379875
14031 0.80813 0.379818
14032 0.808122 0.379753
14033 0.808115 0.379709
14034 0.808109 0.379686
14035 0.808104 0.379681
14036 0.8081 0.379692
14037 0.808089 0.379688
14038 0.808071 0.379671
14039 0.808047 0.379642
14040 0.808026 0.379632
14041 0.808007 0.379638
14042 0.80799 0.379659
14043 0.807976 0.379694
14044 0.807963 0.379741
14045 0.807951 0.379799
14046 0.807933 0.379838
14047 0.807909 0.379859
14048 0.80788 0.379864
14049 0.807845 0.379855
14050 0.807807 0.379834
14051 0.807772 0.37983
14052 0.807741 0.379843
14053 0.807714 0.379869
14054 0.807689 0.379909
14055 0.807668 0.37996
14056 0.807648 0.380022
14057 0.807646 0.380077
14058 0.80766 0.380126
14059 0.807688 0.38017
14060 0.807729 0.380209
14061 0.807781 0.380243
14062 0.807821 0.38026
14063 0.807848 0.380262
14064 0.807865 0.380251
14065 0.807873 0.380227
14066 0.807895 0.380205
14067 0.807907 0.380171
14068 0.80791 0.380128
14069 0.807929 0.380088
14070 0.807961 0.380052
14071 0.80799 0.380035
14072 0.808017 0.380036
14073 0.808041 0.380052
14074 0.808078 0.380065
14075 0.808127 0.380078
14076 0.808187 0.380088
14077 0.808257 0.380097
14078 0.808335 0.380105
14079 0.808421 0.380111
14080 0.808499 0.380133
14081 0.80857 0.380168
14082 0.808634 0.380215
14083 0.808692 0.380273
14084 0.808736 0.380311
14085 0.808768 0.380333
14086 0.808789 0.380338
14087 0.8088 0.38033
14088 0.808802 0.380309
14089 0.808796 0.380276
14090 0.808783 0.380233
14091 0.808763 0.380181
14092 0.808746 0.38015
14093 0.80873 0.380137
14094 0.808717 0.380142
14095 0.808706 0.380162
14096 0.808711 0.380179
14097 0.808732 0.380194
14098 0.808766 0.380208
14099 0.808812 0.380219
14100 0.80887 0.38023
14101 0.808913 0.380226
14102 0.808945 0.380209
14103 0.808965 0.38018
14104 0.808975 0.38014
14105 0.808985 0.38012
14106 0.808994 0.380118
14107 0.809003 0.380132
14108 0.809003 0.38013
14109 0.808996 0.380116
14110 0.808981 0.380089
14111 0.808959 0.380051
14112 0.808932 0.380004
14113 0.8089 0.379948
14114 0.808863 0.379884
14115 0.808822 0.379813
14116 0.808786 0.379765
14117 0.808754 0.379737
14118 0.808725 0.379727
14119 0.8087 0.379734
14120 0.808678 0.379756
14121 0.808658 0.379792
14122 0.808641 0.37984
14123 0.808626 0.379898
14124 0.808628 0.37995
14125 0.808646 0.379997
14126 0.808678 0.380039
14127 0.808722 0.380076
14128 0.808777 0.380109
14129 0.808842 0.380139
14130 0.808901 0.380181
14131 0.808955 0.380235
14132 0.809004 0.380299
14133 0.809049 0.380372
14134 0.80909 0.380454
14135 0.809118 0.380513
14136 0.809137 0.380554
14137 0.809145 0.380576
14138 0.809145 0.380583
14139 0.809137 0.380576
14140 0.809122 0.380556
14141 0.809101 0.380524
14142 0.809082 0.380512
14143 0.809058 0.380487
14144 0.809027 0.380451
14145 0.808993 0.380405
14146 0.808953 0.38035
14147 0.80891 0.380287
14148 0.808863 0.380217
14149 0.808813 0.38014
14150 0.808761 0.380057
14151 0.808729 0.379983
14152 0.8087 0.379931
14153 0.808675 0.379901
14154 0.808653 0.379889
14155 0.808633 0.379893
14156 0.808608 0.379884
14157 0.808586 0.379892
14158 0.808566 0.379914
14159 0.808563 0.379933
14160 0.808577 0.379951
14161 0.808605 0.379966
14162 0.808645 0.37998
14163 0.808682 0.380007
14164 0.808708 0.380019
14165 0.808723 0.380016
14166 0.808737 0.380028
14167 0.80875 0.380055
14168 0.808754 0.380066
14169 0.80875 0.380062
14170 0.808739 0.380045
14171 0.808729 0.380045
14172 0.808721 0.380061
14173 0.808713 0.380091
14174 0.808707 0.380133
14175 0.808702 0.380187
14176 0.808698 0.380251
14177 0.808687 0.380295
14178 0.808669 0.380321
14179 0.808653 0.38036
14180 0.808631 0.380381
14181 0.808604 0.380387
14182 0.808572 0.380379
14183 0.808535 0.380358
14184 0.808502 0.380354
14185 0.808488 0.380351
14186 0.808492 0.380348
14187 0.808495 0.380361
14188 0.808498 0.380388
14189 0.808501 0.380428
14190 0.808505 0.380479
14191 0.808508 0.380541
14192 0.808512 0.380613
14193 0.808507 0.380664
14194 0.808495 0.380696
14195 0.808477 0.380711
14196 0.808452 0.380712
14197 0.808423 0.380698
14198 0.808388 0.380673
14199 0.808349 0.380636
14200 0.808306 0.38059
14201 0.808267 0.380564
14202 0.808249 0.38054
14203 0.808247 0.380519
14204 0.808262 0.380499
14205 0.80829 0.380482
14206 0.808332 0.380466
14207 0.808385 0.380451
14208 0.808424 0.380424
14209 0.808461 0.380416
14210 0.808493 0.380424
14211 0.808524 0.380447
14212 0.808543 0.380454
14213 0.808576 0.38046
14214 0.808621 0.380466
14215 0.808678 0.380471
14216 0.808744 0.380475
14217 0.80882 0.380479
14218 0.808903 0.380483
14219 0.808994 0.380486
14220 0.809091 0.380488
14221 0.809179 0.380506
14222 0.809259 0.380538
14223 0.809323 0.380553
14224 0.809373 0.380553
14225 0.80941 0.380539
14226 0.809436 0.380513
14227 0.809452 0.380476
14228 0.809459 0.380429
14229 0.809465 0.380403
14230 0.809472 0.380394
14231 0.809478 0.380402
14232 0.809484 0.380425
14233 0.80949 0.380461
14234 0.809488 0.38048
14235 0.809478 0.380484
14236 0.809462 0.380473
14237 0.80944 0.38045
14238 0.809412 0.380415
14239 0.809388 0.3804
14240 0.809358 0.380372
14241 0.809324 0.380334
14242 0.809286 0.380285
14243 0.809244 0.380228
14244 0.809198 0.380163
14245 0.809173 0.380105
14246 0.809166 0.380051
14247 0.809175 0.380003
14248 0.809199 0.379959
14249 0.809236 0.379919
14250 0.809285 0.379883
14251 0.809345 0.37985
14252 0.809391 0.379807
14253 0.809425 0.379754
14254 0.809456 0.379723
14255 0.809484 0.37971
14256 0.80951 0.379714
14257 0.809526 0.379703
14258 0.809533 0.379681
14259 0.80954 0.379676
14260 0.809546 0.379687
14261 0.809553 0.379712
14262 0.809551 0.379722
14263 0.80955 0.379746
14264 0.809549 0.379783
14265 0.809549 0.379832
14266 0.809542 0.379863
14267 0.809536 0.379906
14268 0.809531 0.37996
14269 0.809527 0.380025
14270 0.809523 0.380099
14271 0.809513 0.380151
14272 0.809496 0.380185
14273 0.809481 0.380231
14274 0.80946 0.380259
14275 0.809434 0.38027
14276 0.809403 0.380267
14277 0.809367 0.38025
14278 0.80935 0.380235
14279 0.809351 0.380221
14280 0.809367 0.380209
14281 0.809397 0.380197
14282 0.80944 0.380187
14283 0.809494 0.380178
14284 0.809558 0.380169
14285 0.809632 0.380162
14286 0.809714 0.380155
14287 0.80978 0.380135
14288 0.809832 0.380103
14289 0.809871 0.380061
14290 0.809922 0.380023
14291 0.809984 0.379989
14292 0.810055 0.379958
14293 0.810134 0.37993
14294 0.810221 0.379906
14295 0.810315 0.379883
14296 0.810416 0.379863
14297 0.810522 0.379845
14298 0.81061 0.379815
14299 0.810681 0.379774
14300 0.810738 0.379724
14301 0.810783 0.379665
14302 0.810838 0.379612
14303 0.810903 0.379564
14304 0.810963 0.379536
14305 0.811018 0.379527
14306 0.811068 0.379535
14307 0.811114 0.379557
14308 0.811157 0.379593
14309 0.811196 0.379641
14310 0.811233 0.3797
14311 0.811266 0.379768
14312 0.811298 0.379845
14313 0.811327 0.37993
14314 0.811355 0.380023
14315 0.811372 0.380092
14316 0.81138 0.38014
14317 0.811381 0.38017
14318 0.811373 0.380183
14319 0.811359 0.380181
14320 0.811339 0.380166
14321 0.811314 0.380138
14322 0.811306 0.380113
14323 0.811301 0.380107
14324 0.811297 0.380116
14325 0.811294 0.380141
14326 0.811293 0.380178
14327 0.811293 0.380227
14328 0.811308 0.380272
14329 0.811338 0.380312
14330 0.81138 0.380349
14331 0.811434 0.380382
14332 0.811498 0.380413
14333 0.811571 0.38044
14334 0.811653 0.380466
14335 0.811742 0.380489
14336 0.811838 0.38051
14337 0.81194 0.380529
14338 0.812048 0.380547
14339 0.81216 0.380564
14340 0.812277 0.380579
14341 0.812398 0.380594
14342 0.812491 0.380606
14343 0.812559 0.380617
14344 0.812605 0.380626
14345 0.812662 0.380635
14346 0.812729 0.380644
14347 0.812804 0.380652
14348 0.812888 0.38066
14349 0.812948 0.380667
14350 0.812995 0.380659
14351 0.813029 0.380638
14352 0.813053 0.380605
14353 0.813067 0.380562
14354 0.813073 0.380509
14355 0.813094 0.380462
14356 0.813106 0.380405
14357 0.813132 0.380355
14358 0.813148 0.380296
14359 0.813178 0.380243
14360 0.813221 0.380196
14361 0.813276 0.380154
14362 0.81334 0.380117
14363 0.813383 0.380083
14364 0.813405 0.380052
14365 0.813441 0.380025
14366 0.813458 0.38
14367 0.813457 0.379976
14368 0.813441 0.379955
14369 0.813442 0.379936
14370 0.813427 0.379919
14371 0.81343 0.379903
14372 0.813448 0.37989
14373 0.813457 0.379864
14374 0.813458 0.379826
14375 0.813452 0.379779
14376 0.813439 0.379722
14377 0.81343 0.379686
14378 0.813423 0.37967
14379 0.813418 0.37967
14380 0.813416 0.379687
14381 0.813398 0.3797
14382 0.813366 0.379712
14383 0.813322 0.379722
14384 0.813266 0.379731
14385 0.813232 0.379738
14386 0.813217 0.379746
14387 0.813219 0.379753
14388 0.813236 0.379759
14389 0.813268 0.379766
14390 0.813312 0.379772
14391 0.813367 0.379778
14392 0.813401 0.379782
14393 0.813424 0.379773
14394 0.813439 0.37975
14395 0.813444 0.379715
14396 0.813442 0.37967
14397 0.813425 0.379629
14398 0.813393 0.379591
14399 0.813381 0.379557
14400 0.813385 0.379527
14401 0.813405 0.3795
14402 0.813438 0.379476
14403 0.813453 0.379453
14404 0.81345 0.379432
14405 0.813463 0.379414
14406 0.813491 0.379397
14407 0.813509 0.379368
14408 0.813518 0.379328
14409 0.813519 0.379278
14410 0.813513 0.379219
14411 0.813524 0.379166
14412 0.813549 0.379118
14413 0.813587 0.379076
14414 0.813637 0.379038
14415 0.813675 0.378989
14416 0.813703 0.378932
14417 0.81372 0.378866
14418 0.813738 0.378822
14419 0.813756 0.378798
14420 0.813773 0.378793
14421 0.813791 0.378803
14422 0.8138 0.378798
14423 0.813801 0.37878
14424 0.813818 0.378763
14425 0.813849 0.378749
14426 0.813892 0.378736
14427 0.813947 0.378724
14428 0.814012 0.378714
14429 0.814086 0.378706
14430 0.814146 0.378684
14431 0.814194 0.37865
14432 0.814221 0.378618
14433 0.81423 0.378588
14434 0.814222 0.37856
14435 0.814231 0.378535
14436 0.814254 0.378513
14437 0.814291 0.378493
14438 0.814326 0.37849
14439 0.814341 0.378487
14440 0.81434 0.378483
14441 0.81434 0.378494
14442 0.814325 0.378504
14443 0.814296 0.37851
14444 0.814254 0.378515
14445 0.814232 0.37852
14446 0.814228 0.378524
14447 0.81424 0.378528
14448 0.814266 0.378532
14449 0.814306 0.378536
14450 0.814357 0.37854
14451 0.814388 0.378542
14452 0.814399 0.378542
14453 0.814394 0.378541
14454 0.814406 0.378541
14455 0.814431 0.37854
14456 0.81447 0.37854
14457 0.814521 0.378541
14458 0.814582 0.378541
14459 0.814653 0.378542
14460 0.814701 0.378541
14461 0.814761 0.378541
14462 0.814798 0.37854
14463 0.814848 0.378539
14464 0.814908 0.378538
14465 0.814978 0.378538
14466 0.815025 0.378536
14467 0.815052 0.378534
14468 0.81506 0.37853
14469 0.815084 0.378527
14470 0.81512 0.378525
14471 0.815169 0.378523
14472 0.815229 0.378522
14473 0.815267 0.37852
14474 0.815285 0.378517
14475 0.815286 0.378512
14476 0.815272 0.378507
14477 0.815243 0.378501
14478 0.815233 0.378495
14479 0.815239 0.378491
14480 0.815247 0.378503
14481 0.815256 0.378529
14482 0.815266 0.378568
14483 0.815277 0.378619
14484 0.815289 0.37868
14485 0.815303 0.378751
14486 0.815316 0.37883
14487 0.815344 0.378902
14488 0.815385 0.378967
14489 0.815407 0.379024
14490 0.81541 0.379075
14491 0.815429 0.379121
14492 0.815461 0.379163
14493 0.815475 0.3792
14494 0.815472 0.379232
14495 0.815484 0.379261
14496 0.815511 0.379288
14497 0.815552 0.379314
14498 0.815603 0.379337
14499 0.815666 0.379359
14500 0.815737 0.37938
14501 0.815786 0.379398
14502 0.815815 0.379412
14503 0.815825 0.379424
14504 0.815827 0.37942
14505 0.815823 0.379403
14506 0.815812 0.379372
14507 0.815796 0.379331
14508 0.815797 0.379294
14509 0.815814 0.379262
14510 0.815845 0.379234
14511 0.815858 0.379207
14512 0.815853 0.379182
14513 0.815833 0.379157
14514 0.815831 0.379136
14515 0.815845 0.379117
14516 0.815873 0.379101
14517 0.815913 0.379087
14518 0.815935 0.379073
14519 0.815969 0.379061
14520 0.816016 0.37905
14521 0.816075 0.379042
14522 0.816142 0.379034
14523 0.816219 0.379028
14524 0.816304 0.379024
14525 0.816365 0.379018
14526 0.816404 0.379011
14527 0.816423 0.379003
14528 0.816425 0.378995
14529 0.816443 0.378988
14530 0.816443 0.37898
14531 0.816427 0.378971
14532 0.816398 0.378962
14533 0.816355 0.378952
14534 0.816302 0.378942
14535 0.816238 0.378931
14536 0.816165 0.37892
14537 0.816083 0.378908
14538 0.815994 0.378896
14539 0.815899 0.378884
14540 0.815797 0.378871
14541 0.815721 0.378861
14542 0.815669 0.378852
14543 0.815637 0.378844
14544 0.815624 0.378838
14545 0.815628 0.378833
14546 0.815648 0.37883
14547 0.815681 0.378827
14548 0.815726 0.378825
14549 0.815783 0.378825
14550 0.81585 0.378825
14551 0.815925 0.378825
14552 0.815978 0.378824
14553 0.816009 0.378822
14554 0.816022 0.378818
14555 0.816049 0.378816
14556 0.816089 0.378814
14557 0.816141 0.378813
14558 0.816204 0.378813
14559 0.816244 0.378811
14560 0.816265 0.378808
14561 0.816268 0.378804
14562 0.816255 0.378798
14563 0.816228 0.378792
14564 0.816188 0.378784
14565 0.816167 0.378778
14566 0.816165 0.378773
14567 0.816178 0.378769
14568 0.816206 0.378767
14569 0.816246 0.378765
14570 0.816298 0.378764
14571 0.816361 0.378763
14572 0.816402 0.378762
14573 0.816423 0.378758
14574 0.816458 0.378756
14575 0.816505 0.378754
14576 0.816531 0.378751
14577 0.81654 0.378747
14578 0.816532 0.378741
14579 0.816509 0.378734
14580 0.816472 0.378726
14581 0.816424 0.378718
14582 0.816365 0.378708
14583 0.816296 0.378698
14584 0.81625 0.378689
14585 0.816224 0.378682
14586 0.816185 0.378674
14587 0.816134 0.378666
14588 0.816073 0.378656
14589 0.816002 0.378646
14590 0.815932 0.378622
14591 0.815864 0.378586
14592 0.815796 0.37854
14593 0.81575 0.378498
14594 0.815693 0.37846
14595 0.815627 0.378423
14596 0.815569 0.378406
14597 0.815518 0.378406
14598 0.815475 0.378422
14599 0.815437 0.378451
14600 0.815405 0.378494
14601 0.815378 0.378547
14602 0.815369 0.378596
14603 0.815377 0.378642
14604 0.815399 0.378683
14605 0.815435 0.378721
14606 0.815484 0.378757
14607 0.815543 0.37879
14608 0.815611 0.37882
14609 0.815689 0.378849
14610 0.815775 0.378876
14611 0.815836 0.378898
14612 0.815876 0.378917
14613 0.815895 0.378932
14614 0.815898 0.378945
14615 0.815884 0.378954
14616 0.815866 0.378949
14617 0.815843 0.378929
14618 0.815816 0.378897
14619 0.815793 0.378884
14620 0.815775 0.378888
14621 0.815774 0.378892
14622 0.815776 0.378912
14623 0.815761 0.378928
14624 0.815732 0.378941
14625 0.815691 0.378951
14626 0.815655 0.378976
14627 0.815625 0.379014
14628 0.8156 0.379063
14629 0.815579 0.379124
14630 0.815563 0.379194
14631 0.815532 0.379255
14632 0.815488 0.379309
14633 0.815434 0.379356
14634 0.8154 0.379399
14635 0.815355 0.379437
14636 0.815315 0.379487
14637 0.815281 0.379547
14638 0.815253 0.379617
14639 0.815229 0.379695
14640 0.815209 0.379781
14641 0.815184 0.379845
14642 0.815155 0.379888
14643 0.815123 0.379912
14644 0.815087 0.37992
14645 0.815048 0.379912
14646 0.815006 0.379891
14647 0.814961 0.379858
14648 0.814915 0.379814
14649 0.814866 0.379761
14650 0.814824 0.379728
14651 0.814787 0.379714
14652 0.81477 0.379703
14653 0.81477 0.379695
14654 0.814786 0.37969
14655 0.814815 0.379687
14656 0.814858 0.379686
14657 0.814912 0.379687
14658 0.814976 0.37969
14659 0.815049 0.379694
14660 0.815131 0.3797
14661 0.81522 0.379707
14662 0.815284 0.379712
14663 0.815326 0.379715
14664 0.815349 0.379716
14665 0.815385 0.37972
14666 0.815432 0.379725
14667 0.815491 0.379731
14668 0.815559 0.379739
14669 0.815614 0.379732
14670 0.815648 0.379724
14671 0.815663 0.379716
14672 0.815661 0.379707
14673 0.815643 0.379697
14674 0.815611 0.379688
14675 0.815585 0.379695
14676 0.815562 0.379717
14677 0.815543 0.379752
14678 0.815528 0.379799
14679 0.815516 0.379858
14680 0.815506 0.379926
14681 0.8155 0.380003
14682 0.815478 0.380071
14683 0.815443 0.380131
14684 0.815395 0.380183
14685 0.815337 0.380229
14686 0.815269 0.38027
14687 0.815223 0.380308
14688 0.815197 0.380345
14689 0.815159 0.380377
14690 0.815139 0.380408
14691 0.815137 0.380439
14692 0.815151 0.380469
14693 0.815179 0.380499
14694 0.81522 0.380528
14695 0.815272 0.380556
14696 0.815334 0.380585
14697 0.815374 0.380609
14698 0.815426 0.380633
14699 0.815488 0.380658
14700 0.81556 0.380683
14701 0.815617 0.380691
14702 0.815671 0.380714
14703 0.815721 0.380751
14704 0.815767 0.380799
14705 0.815803 0.380828
14706 0.815828 0.38084
14707 0.815844 0.380836
14708 0.815852 0.380819
14709 0.815844 0.380802
14710 0.815821 0.380785
14711 0.815784 0.380769
14712 0.815753 0.38077
14713 0.815726 0.380786
14714 0.815704 0.380817
14715 0.815669 0.380843
14716 0.815631 0.380852
14717 0.815589 0.380846
14718 0.815568 0.380844
14719 0.815533 0.38084
14720 0.815485 0.380835
14721 0.815445 0.380847
14722 0.815409 0.380873
14723 0.815362 0.380895
14724 0.815304 0.380914
14725 0.815267 0.380933
14726 0.815249 0.380954
14727 0.815248 0.380975
14728 0.815263 0.380997
14729 0.815261 0.381016
14730 0.815243 0.381032
14731 0.815243 0.381049
14732 0.815258 0.381067
14733 0.815287 0.381087
14734 0.815306 0.38109
14735 0.815317 0.381079
14736 0.815319 0.381055
14737 0.815315 0.381019
14738 0.815305 0.380972
14739 0.815297 0.380945
14740 0.815291 0.380937
14741 0.81528 0.380916
14742 0.815262 0.380882
14743 0.815262 0.380855
14744 0.815255 0.380817
14745 0.815265 0.380785
14746 0.815274 0.380773
14747 0.815285 0.380777
14748 0.815295 0.380796
14749 0.815306 0.380829
14750 0.81531 0.380845
14751 0.815306 0.380845
14752 0.815296 0.38083
14753 0.815303 0.380821
14754 0.815324 0.380815
14755 0.815358 0.380814
14756 0.815382 0.380798
14757 0.81542 0.380788
14758 0.815446 0.380764
14759 0.815464 0.380728
14760 0.815473 0.380682
14761 0.815475 0.380626
14762 0.81547 0.380561
14763 0.815481 0.380506
14764 0.815506 0.38046
14765 0.815544 0.380422
14766 0.815593 0.380392
14767 0.815653 0.380368
14768 0.815723 0.380349
14769 0.815787 0.380349
14770 0.815846 0.380364
14771 0.815901 0.380393
14772 0.815952 0.380434
14773 0.816014 0.380476
14774 0.816084 0.380517
14775 0.816163 0.380557
14776 0.816218 0.380592
14777 0.816252 0.380622
14778 0.816267 0.380648
14779 0.816265 0.380669
14780 0.816278 0.380693
14781 0.816306 0.380718
14782 0.816345 0.380744
14783 0.816366 0.380766
14784 0.816368 0.380785
14785 0.816354 0.3808
14786 0.816327 0.380813
14787 0.816304 0.38084
14788 0.816285 0.38088
14789 0.81627 0.380931
14790 0.816258 0.380993
14791 0.816249 0.381064
14792 0.816235 0.381114
14793 0.816216 0.381144
14794 0.816193 0.381157
14795 0.816166 0.381154
14796 0.816135 0.381137
14797 0.816109 0.381138
14798 0.816079 0.381124
14799 0.816055 0.381126
14800 0.816034 0.381145
14801 0.816 0.38116
14802 0.815954 0.381172
14803 0.815914 0.381199
14804 0.81588 0.381238
14805 0.815834 0.381272
14806 0.815777 0.381302
14807 0.815719 0.381314
14808 0.815661 0.381311
14809 0.815602 0.381293
14810 0.815542 0.381264
14811 0.815482 0.381222
14812 0.815443 0.381189
14813 0.815402 0.381146
14814 0.815358 0.381092
14815 0.81532 0.381059
14816 0.815288 0.381045
14817 0.815252 0.381018
14818 0.815214 0.38098
14819 0.815173 0.380931
14820 0.815129 0.380872
14821 0.815084 0.380805
14822 0.815037 0.380731
14823 0.814988 0.380649
14824 0.814937 0.380562
14825 0.814885 0.380468
14826 0.81484 0.3804
14827 0.814801 0.380354
14828 0.81476 0.380299
14829 0.814716 0.380234
14830 0.81467 0.380162
14831 0.814623 0.380082
14832 0.814574 0.379996
14833 0.814532 0.379934
14834 0.814495 0.379894
14835 0.814463 0.379874
14836 0.814436 0.379871
14837 0.814413 0.379885
14838 0.814394 0.379912
14839 0.814378 0.379953
14840 0.814365 0.380005
14841 0.814354 0.380067
14842 0.814339 0.380109
14843 0.814318 0.380132
14844 0.814294 0.380139
14845 0.814273 0.38016
14846 0.814256 0.380195
14847 0.814242 0.380242
14848 0.81423 0.3803
14849 0.814213 0.380338
14850 0.814199 0.380388
14851 0.814188 0.380449
14852 0.814172 0.380489
14853 0.81415 0.38051
14854 0.814125 0.380515
14855 0.814104 0.380535
14856 0.814085 0.380569
14857 0.81407 0.380615
14858 0.81405 0.380642
14859 0.814033 0.380683
14860 0.814019 0.380734
14861 0.814008 0.380797
14862 0.813999 0.380868
14863 0.813984 0.380918
14864 0.813972 0.380979
14865 0.813962 0.38105
14866 0.813955 0.381129
14867 0.813949 0.381215
14868 0.813959 0.381298
14869 0.813983 0.381377
14870 0.81402 0.381452
14871 0.814068 0.381524
14872 0.814105 0.381575
14873 0.814153 0.381626
14874 0.814211 0.381676
14875 0.814257 0.381707
14876 0.814292 0.38172
14877 0.814325 0.381748
14878 0.814355 0.381788
14879 0.814398 0.38183
14880 0.814451 0.381872
14881 0.814492 0.381895
14882 0.814523 0.381902
14883 0.814545 0.381894
14884 0.814548 0.381885
14885 0.814536 0.381876
14886 0.814518 0.381854
14887 0.814496 0.38182
14888 0.814469 0.381774
14889 0.814439 0.381719
14890 0.814405 0.381655
14891 0.814369 0.381584
14892 0.814329 0.381505
14893 0.814308 0.381438
14894 0.814305 0.381384
14895 0.814316 0.38134
14896 0.814342 0.381305
14897 0.814379 0.381279
14898 0.814428 0.381261
14899 0.814487 0.381249
14900 0.814534 0.381224
14901 0.814569 0.381187
14902 0.814595 0.38114
14903 0.814619 0.381113
14904 0.814642 0.381104
14905 0.814664 0.381112
14906 0.814685 0.381135
14907 0.814698 0.381141
14908 0.814724 0.381151
14909 0.814763 0.381166
14910 0.814812 0.381184
14911 0.814841 0.381199
14912 0.814852 0.381211
14913 0.814876 0.381228
14914 0.814912 0.381247
14915 0.814939 0.381251
14916 0.814956 0.38124
14917 0.814965 0.381215
14918 0.814967 0.381179
14919 0.814984 0.381151
14920 0.815013 0.381132
14921 0.815055 0.381119
14922 0.815107 0.381113
14923 0.81517 0.381112
14924 0.81524 0.381117
14925 0.815319 0.381126
14926 0.815405 0.38114
14927 0.815483 0.381167
14928 0.815548 0.381178
14929 0.815599 0.381173
14930 0.815639 0.381154
14931 0.815669 0.381123
14932 0.81571 0.3811
14933 0.815763 0.381084
14934 0.815824 0.381076
14935 0.815895 0.381073
14936 0.815943 0.381069
14937 0.81597 0.381064
14938 0.815979 0.381058
14939 0.815989 0.381068
14940 0.815982 0.381076
14941 0.815991 0.381089
14942 0.815983 0.381099
14943 0.815991 0.381113
14944 0.816013 0.38113
14945 0.816017 0.381145
14946 0.816005 0.381157
14947 0.815978 0.381166
14948 0.815939 0.381173
14949 0.815918 0.381185
14950 0.815884 0.381194
14951 0.815854 0.381218
14952 0.81583 0.381255
14953 0.81581 0.381304
14954 0.815785 0.381334
14955 0.815757 0.381346
14956 0.815725 0.381343
14957 0.81569 0.381325
14958 0.815642 0.381308
14959 0.815602 0.381309
14960 0.815567 0.381325
14961 0.81555 0.381344
14962 0.81555 0.381367
14963 0.815564 0.381394
14964 0.815579 0.381433
14965 0.815594 0.381484
14966 0.815609 0.381545
14967 0.815625 0.381616
14968 0.815623 0.381678
14969 0.815606 0.381733
14970 0.815584 0.381768
14971 0.81558 0.381805
14972 0.81559 0.381844
14973 0.815593 0.381864
14974 0.815589 0.381868
14975 0.815579 0.381858
14976 0.815585 0.381854
14977 0.815605 0.381856
14978 0.815638 0.381863
14979 0.815669 0.381885
14980 0.815699 0.381921
14981 0.815728 0.381969
14982 0.815756 0.382027
14983 0.815783 0.382096
14984 0.815809 0.382173
14985 0.815834 0.382258
14986 0.815851 0.38232
14987 0.815859 0.382361
14988 0.815851 0.382397
14989 0.815828 0.382428
14990 0.815792 0.382455
14991 0.815744 0.382478
14992 0.815685 0.382497
14993 0.815625 0.382499
14994 0.815566 0.382487
14995 0.815514 0.382492
14996 0.815481 0.382502
14997 0.815467 0.382518
14998 0.815448 0.382517
14999 0.815424 0.382502
15000 0.815397 0.382474
