14000 0.806711 0.317606
14001 0.806702 0.317669
14002 0.806694 0.317711
14003 0.806686 0.317733
14004 0.806679 0.317737
14005 0.806687 0.31774
14006 0.806711 0.317742
14007 0.806748 0.317743
14008 0.806781 0.317728
14009 0.80681 0.317699
14010 0.806836 0.317658
14011 0.806859 0.317605
14012 0.806879 0.317573
14013 0.806896 0.31756
14014 0.80691 0.317563
14015 0.806922 0.317551
14016 0.806933 0.317524
14017 0.806941 0.317516
14018 0.806948 0.317524
14019 0.806953 0.317547
14020 0.806957 0.317551
14021 0.806961 0.31754
14022 0.806964 0.317514
14023 0.806966 0.317476
14024 0.806968 0.317425
14025 0.80697 0.317364
14026 0.80697 0.317325
14027 0.806969 0.317305
14028 0.806968 0.317303
14029 0.806965 0.317316
14030 0.806963 0.317313
14031 0.80696 0.317294
14032 0.806957 0.317261
14033 0.806954 0.317248
14034 0.80695 0.317251
14035 0.806945 0.31727
14036 0.80694 0.317271
14037 0.806935 0.317287
14038 0.80693 0.317287
14039 0.806924 0.317301
14040 0.806918 0.317331
14041 0.806912 0.317372
14042 0.806905 0.317426
14043 0.806897 0.317489
14044 0.80689 0.317531
14045 0.806883 0.317584
14046 0.806876 0.317616
14047 0.806869 0.317629
14048 0.806863 0.317625
14049 0.806858 0.317606
14050 0.806852 0.317573
14051 0.806846 0.317559
14052 0.806841 0.317531
14053 0.806835 0.317521
14054 0.806828 0.317528
14055 0.806822 0.317518
14056 0.806815 0.317525
14057 0.806824 0.317531
14058 0.806848 0.317536
14059 0.806869 0.317555
14060 0.806886 0.317589
14061 0.806901 0.317634
14062 0.806913 0.317691
14063 0.806923 0.317726
14064 0.806932 0.317742
14065 0.806941 0.317741
14066 0.806948 0.317724
14067 0.806954 0.317694
14068 0.806959 0.317651
14069 0.806962 0.317627
14070 0.806964 0.317622
14071 0.806965 0.317633
14072 0.806965 0.317658
14073 0.806963 0.317697
14074 0.80696 0.317747
14075 0.806957 0.317776
14076 0.806955 0.317787
14077 0.806952 0.317782
14078 0.806949 0.317761
14079 0.806945 0.317757
14080 0.806941 0.31777
14081 0.806936 0.317797
14082 0.80693 0.317806
14083 0.806924 0.317829
14084 0.806918 0.317866
14085 0.806911 0.317914
14086 0.806904 0.317943
14087 0.806898 0.317952
14088 0.806891 0.317945
14089 0.806885 0.317923
14090 0.806879 0.317888
14091 0.806872 0.317872
14092 0.806865 0.317873
14093 0.806858 0.317858
14094 0.806851 0.317829
14095 0.806845 0.317788
14096 0.806837 0.317766
14097 0.80683 0.317762
14098 0.806823 0.317742
14099 0.806832 0.317725
14100 0.806855 0.317709
14101 0.806892 0.317694
14102 0.806941 0.31768
14103 0.806969 0.317668
14104 0.806979 0.317656
14105 0.806973 0.317645
14106 0.806951 0.317635
14107 0.806916 0.317625
14108 0.806883 0.317632
14109 0.806869 0.317638
14110 0.806856 0.317628
14111 0.806844 0.317603
14112 0.806832 0.317565
14113 0.806821 0.317547
14114 0.806809 0.317545
14115 0.806797 0.31756
14116 0.806786 0.317558
14117 0.806776 0.31754
14118 0.806766 0.317508
14119 0.806756 0.317495
14120 0.806745 0.317499
14121 0.806735 0.317487
14122 0.806725 0.317491
14123 0.806715 0.317511
14124 0.806721 0.317529
14125 0.806742 0.317544
14126 0.80676 0.317573
14127 0.806775 0.317615
14128 0.806786 0.317669
14129 0.806796 0.317732
14130 0.806804 0.317774
14131 0.80681 0.317827
14132 0.806814 0.31789
14133 0.806817 0.317932
14134 0.806835 0.317969
14135 0.806868 0.318002
14136 0.806912 0.318032
14137 0.806951 0.318074
14138 0.806984 0.318128
14139 0.807014 0.318161
14140 0.80704 0.318174
14141 0.807063 0.318171
14142 0.807084 0.318153
14143 0.807102 0.318121
14144 0.807117 0.318076
14145 0.80713 0.31802
14146 0.807142 0.317954
14147 0.807151 0.317911
14148 0.807159 0.317856
14149 0.807165 0.317822
14150 0.80717 0.317776
14151 0.807174 0.317719
14152 0.807177 0.317651
14153 0.807179 0.317575
14154 0.80718 0.317522
14155 0.80718 0.317491
14156 0.807178 0.317477
14157 0.807175 0.317481
14158 0.807171 0.3175
14159 0.807166 0.317533
14160 0.807161 0.317577
14161 0.807155 0.317602
14162 0.80715 0.317609
14163 0.807144 0.31763
14164 0.807137 0.317665
14165 0.807131 0.317681
14166 0.807124 0.31768
14167 0.807118 0.317663
14168 0.807112 0.317632
14169 0.807107 0.317589
14170 0.8071 0.317566
14171 0.807093 0.31756
14172 0.807085 0.317571
14173 0.807077 0.317596
14174 0.807068 0.317634
14175 0.807058 0.317684
14176 0.807048 0.317744
14177 0.807038 0.317814
14178 0.807027 0.317893
14179 0.807017 0.317948
14180 0.807008 0.317982
14181 0.806999 0.317997
14182 0.806991 0.317995
14183 0.806983 0.317977
14184 0.806975 0.317946
14185 0.806967 0.317933
14186 0.806959 0.317937
14187 0.80695 0.317956
14188 0.806941 0.317989
14189 0.806931 0.318034
14190 0.806921 0.318091
14191 0.806911 0.318157
14192 0.806902 0.318201
14193 0.806892 0.318256
14194 0.806883 0.31829
14195 0.806873 0.318336
14196 0.806865 0.318362
14197 0.806856 0.31837
14198 0.806848 0.318361
14199 0.806841 0.318338
14200 0.806834 0.318301
14201 0.806827 0.318252
14202 0.80682 0.318193
14203 0.806814 0.318123
14204 0.806808 0.318045
14205 0.806802 0.317991
14206 0.806795 0.317957
14207 0.806787 0.317943
14208 0.806779 0.317945
14209 0.806771 0.317963
14210 0.806763 0.317964
14211 0.806771 0.317964
14212 0.806794 0.317964
14213 0.80683 0.317964
14214 0.806879 0.317964
14215 0.806938 0.317964
14216 0.807007 0.317963
14217 0.807084 0.317963
14218 0.807154 0.317947
14219 0.807215 0.317949
14220 0.807269 0.317965
14221 0.807317 0.317996
14222 0.807358 0.318039
14223 0.807396 0.318062
14224 0.807428 0.318067
14225 0.807457 0.318088
14226 0.807482 0.318122
14227 0.807503 0.318136
14228 0.807523 0.318134
14229 0.807539 0.318117
14230 0.807553 0.318116
14231 0.807565 0.318132
14232 0.807575 0.31813
14233 0.807583 0.318113
14234 0.80759 0.318113
14235 0.807596 0.318097
14236 0.8076 0.318067
14237 0.807603 0.318056
14238 0.807606 0.318031
14239 0.807607 0.317992
14240 0.807608 0.317942
14241 0.807609 0.317881
14242 0.807609 0.31781
14243 0.807608 0.317731
14244 0.807608 0.317645
14245 0.807606 0.317582
14246 0.807604 0.317541
14247 0.807601 0.317489
14248 0.807598 0.317427
14249 0.807595 0.317355
14250 0.807592 0.317306
14251 0.807588 0.317277
14252 0.807583 0.317267
14253 0.807578 0.317273
14254 0.807572 0.317263
14255 0.807567 0.31727
14256 0.80756 0.317291
14257 0.807554 0.317295
14258 0.807549 0.317283
14259 0.807543 0.317256
14260 0.807536 0.317248
14261 0.80753 0.317256
14262 0.807523 0.317279
14263 0.807515 0.317315
14264 0.807508 0.317364
14265 0.8075 0.317423
14266 0.807491 0.317491
14267 0.807483 0.317569
14268 0.807474 0.317654
14269 0.807465 0.317747
14270 0.807457 0.317814
14271 0.807448 0.317859
14272 0.807441 0.317884
14273 0.807433 0.317891
14274 0.807426 0.317882
14275 0.807419 0.317858
14276 0.807412 0.31782
14277 0.807404 0.317802
14278 0.807397 0.317802
14279 0.807389 0.317817
14280 0.80738 0.317846
14281 0.807371 0.317888
14282 0.807363 0.31791
14283 0.807355 0.317914
14284 0.807347 0.317902
14285 0.80734 0.317876
14286 0.807332 0.317837
14287 0.807325 0.317786
14288 0.807318 0.317724
14289 0.807311 0.317653
14290 0.807303 0.317605
14291 0.807295 0.317577
14292 0.807287 0.317536
14293 0.80728 0.317484
14294 0.807272 0.317421
14295 0.807264 0.317381
14296 0.807255 0.317359
14297 0.807246 0.317356
14298 0.807237 0.317369
14299 0.807227 0.317395
14300 0.807218 0.317404
14301 0.807209 0.317396
14302 0.807199 0.317373
14303 0.80719 0.317368
14304 0.80718 0.317379
14305 0.807169 0.317405
14306 0.807159 0.317444
14307 0.807148 0.317494
14308 0.807138 0.317524
14309 0.807127 0.317536
14310 0.807116 0.317561
14311 0.807105 0.3176
14312 0.807094 0.317619
14313 0.807083 0.317652
14314 0.807072 0.317697
14315 0.807077 0.317738
14316 0.807098 0.317775
14317 0.807132 0.317808
14318 0.807178 0.317839
14319 0.807219 0.31785
14320 0.807254 0.317845
14321 0.807285 0.317856
14322 0.807311 0.317882
14323 0.807334 0.31792
14324 0.807353 0.31797
14325 0.807369 0.318031
14326 0.807382 0.318102
14327 0.807393 0.318149
14328 0.807401 0.318208
14329 0.807408 0.318245
14330 0.807413 0.318263
14331 0.807416 0.318263
14332 0.807418 0.318279
14333 0.807419 0.318309
14334 0.807418 0.31832
14335 0.807417 0.318315
14336 0.807414 0.318295
14337 0.807411 0.318292
14338 0.807406 0.318305
14339 0.807401 0.318301
14340 0.807395 0.318282
14341 0.807389 0.318249
14342 0.807382 0.318235
14343 0.807374 0.318238
14344 0.807366 0.318257
14345 0.807357 0.318258
14346 0.807348 0.318243
14347 0.807339 0.318245
14348 0.807329 0.318263
14349 0.807319 0.318294
14350 0.807309 0.318307
14351 0.807298 0.318303
14352 0.807287 0.318284
14353 0.807275 0.318251
14354 0.807263 0.318206
14355 0.807251 0.31815
14356 0.807239 0.318115
14357 0.807227 0.318099
14358 0.807215 0.3181
14359 0.807202 0.318086
14360 0.807189 0.318057
14361 0.807176 0.318016
14362 0.807163 0.317995
14363 0.80715 0.317991
14364 0.807137 0.318003
14365 0.807123 0.317999
14366 0.80711 0.317979
14367 0.807096 0.317946
14368 0.807082 0.3179
14369 0.807067 0.317875
14370 0.807053 0.317867
14371 0.807039 0.317876
14372 0.807025 0.3179
14373 0.807011 0.317906
14374 0.806997 0.317896
14375 0.806982 0.317871
14376 0.806967 0.317833
14377 0.806969 0.317799
14378 0.806987 0.317769
14379 0.807019 0.317742
14380 0.807063 0.317718
14381 0.807101 0.317682
14382 0.807134 0.317633
14383 0.807162 0.317605
14384 0.807186 0.317595
14385 0.807206 0.317601
14386 0.807223 0.317592
14387 0.807236 0.317599
14388 0.807247 0.317621
14389 0.807256 0.317656
14390 0.807262 0.317703
14391 0.807266 0.31773
14392 0.807268 0.317739
14393 0.807268 0.317731
14394 0.807267 0.317709
14395 0.807265 0.317673
14396 0.807261 0.317625
14397 0.807255 0.317566
14398 0.807249 0.317498
14399 0.807242 0.317452
14400 0.807235 0.317427
14401 0.807227 0.317419
14402 0.807218 0.317428
14403 0.807209 0.31742
14404 0.807199 0.317398
14405 0.807188 0.317362
14406 0.807177 0.317314
14407 0.807166 0.317287
14408 0.807154 0.317247
14409 0.807142 0.317195
14410 0.807129 0.317133
14411 0.807116 0.317061
14412 0.80712 0.316997
14413 0.807139 0.31694
14414 0.807172 0.316888
14415 0.8072 0.316857
14416 0.807224 0.316845
14417 0.807245 0.31685
14418 0.807262 0.316869
14419 0.807275 0.316903
14420 0.807286 0.316917
14421 0.807294 0.316915
14422 0.8073 0.316897
14423 0.807303 0.316865
14424 0.807304 0.316821
14425 0.807304 0.316766
14426 0.807302 0.316732
14427 0.807299 0.316717
14428 0.807295 0.316719
14429 0.80729 0.316736
14430 0.807284 0.316736
14431 0.807276 0.316721
14432 0.807268 0.316691
14433 0.807259 0.316649
14434 0.807249 0.316596
14435 0.807238 0.316563
14436 0.807227 0.31655
14437 0.807216 0.316553
14438 0.807204 0.316571
14439 0.807192 0.316604
14440 0.80718 0.316648
14441 0.807167 0.316673
14442 0.807154 0.316679
14443 0.80714 0.31667
14444 0.807126 0.316677
14445 0.807112 0.316698
14446 0.807098 0.316734
14447 0.807084 0.31675
14448 0.807069 0.316749
14449 0.807054 0.316763
14450 0.807039 0.316761
14451 0.807024 0.316775
14452 0.807008 0.316771
14453 0.806992 0.316753
14454 0.806976 0.31672
14455 0.80696 0.316676
14456 0.806944 0.316651
14457 0.806927 0.316613
14458 0.806911 0.316595
14459 0.806895 0.316594
14460 0.806896 0.316593
14461 0.806912 0.316593
14462 0.806943 0.316593
14463 0.806986 0.316594
14464 0.807023 0.31661
14465 0.807055 0.316639
14466 0.807082 0.316682
14467 0.807105 0.316736
14468 0.807124 0.316769
14469 0.807138 0.316783
14470 0.80715 0.31678
14471 0.807158 0.316762
14472 0.807163 0.31673
14473 0.807166 0.316686
14474 0.807167 0.316662
14475 0.807166 0.316655
14476 0.807164 0.316665
14477 0.80716 0.31669
14478 0.807155 0.316728
14479 0.807149 0.316777
14480 0.807142 0.316838
14481 0.807135 0.316907
14482 0.807126 0.316986
14483 0.807116 0.317041
14484 0.807105 0.317075
14485 0.807093 0.31709
14486 0.807081 0.317119
14487 0.807068 0.317161
14488 0.807055 0.317214
14489 0.807059 0.317262
14490 0.807078 0.317307
14491 0.80711 0.317347
14492 0.807156 0.317384
14493 0.807212 0.317418
14494 0.807278 0.31745
14495 0.807336 0.317463
14496 0.807386 0.31749
14497 0.80743 0.317529
14498 0.807467 0.317581
14499 0.807499 0.317612
14500 0.807526 0.317624
14501 0.807548 0.317619
14502 0.807566 0.317631
14503 0.807581 0.317657
14504 0.807593 0.317696
14505 0.807601 0.317715
14506 0.807607 0.317717
14507 0.80761 0.317704
14508 0.807611 0.317676
14509 0.807609 0.317635
14510 0.807606 0.317583
14511 0.807601 0.317552
14512 0.807595 0.317539
14513 0.807589 0.317543
14514 0.80758 0.317532
14515 0.807571 0.317506
14516 0.807561 0.317467
14517 0.807549 0.317416
14518 0.807537 0.317386
14519 0.807524 0.317343
14520 0.807511 0.317321
14521 0.807497 0.317316
14522 0.807483 0.317327
14523 0.807469 0.317353
14524 0.807472 0.317376
14525 0.80749 0.317398
14526 0.807522 0.317418
14527 0.807549 0.317421
14528 0.80757 0.317408
14529 0.807588 0.317381
14530 0.807601 0.317341
14531 0.807611 0.317289
14532 0.807617 0.317227
14533 0.807622 0.317187
14534 0.807624 0.317167
14535 0.807624 0.317164
14536 0.807623 0.317177
14537 0.807619 0.317173
14538 0.807614 0.317154
14539 0.807608 0.317121
14540 0.807599 0.317076
14541 0.80759 0.31702
14542 0.80758 0.316986
14543 0.807569 0.31697
14544 0.807575 0.316956
14545 0.807596 0.316945
14546 0.807631 0.316935
14547 0.807678 0.316926
14548 0.807735 0.31692
14549 0.807785 0.316898
14550 0.807828 0.316863
14551 0.807865 0.316847
14552 0.807897 0.316848
14553 0.807923 0.316865
14554 0.807946 0.316895
14555 0.807965 0.316938
14556 0.80798 0.316992
14557 0.807992 0.317057
14558 0.808001 0.317099
14559 0.808007 0.317122
14560 0.80801 0.317127
14561 0.808011 0.317116
14562 0.80801 0.317121
14563 0.808008 0.317142
14564 0.808004 0.317145
14565 0.807998 0.317132
14566 0.807991 0.317136
14567 0.807983 0.317124
14568 0.807974 0.317098
14569 0.807963 0.31709
14570 0.807953 0.317098
14571 0.807941 0.31709
14572 0.807946 0.317084
14573 0.807966 0.317078
14574 0.808 0.317074
14575 0.808046 0.317071
14576 0.808086 0.317053
14577 0.808119 0.317021
14578 0.808147 0.316977
14579 0.80817 0.316921
14580 0.808189 0.316856
14581 0.808221 0.316798
14582 0.808266 0.316746
14583 0.808305 0.316715
14584 0.808338 0.316703
14585 0.808384 0.316692
14586 0.808423 0.316698
14587 0.808457 0.316719
14588 0.808486 0.316723
14589 0.80851 0.31671
14590 0.80853 0.316684
14591 0.808546 0.316644
14592 0.808559 0.316624
14593 0.808569 0.316622
14594 0.808577 0.316635
14595 0.808582 0.316663
14596 0.808585 0.316703
14597 0.808586 0.316724
14598 0.808586 0.316728
14599 0.808584 0.316746
14600 0.80858 0.316778
14601 0.808575 0.316823
14602 0.80857 0.316879
14603 0.808563 0.316914
14604 0.808555 0.316929
14605 0.808546 0.316928
14606 0.808537 0.316942
14607 0.808527 0.31697
14608 0.808517 0.317011
14609 0.808506 0.317064
14610 0.808494 0.317096
14611 0.808482 0.317109
14612 0.808469 0.317105
14613 0.808455 0.317086
14614 0.808442 0.317085
14615 0.808428 0.317099
14616 0.808414 0.317128
14617 0.8084 0.317169
14618 0.808386 0.31719
14619 0.808371 0.317194
14620 0.808356 0.317182
14621 0.80834 0.317187
14622 0.808325 0.317207
14623 0.808309 0.31724
14624 0.808294 0.317286
14625 0.808279 0.317342
14626 0.808263 0.317378
14627 0.808247 0.317394
14628 0.808231 0.317425
14629 0.808232 0.317453
14630 0.808249 0.31748
14631 0.808279 0.317506
14632 0.808305 0.317544
14633 0.808327 0.317595
14634 0.808345 0.317656
14635 0.80836 0.317726
14636 0.808389 0.317791
14637 0.80843 0.317851
14638 0.808483 0.317906
14639 0.808546 0.317958
14640 0.808619 0.318005
14641 0.808683 0.318064
14642 0.808739 0.318132
14643 0.808788 0.318178
14644 0.80883 0.318203
14645 0.808866 0.318211
14646 0.808897 0.318202
14647 0.808924 0.318178
14648 0.808946 0.318141
14649 0.808965 0.318092
14650 0.80898 0.318032
14651 0.808993 0.317963
14652 0.809002 0.317885
14653 0.809009 0.317799
14654 0.809014 0.317737
14655 0.809017 0.317697
14656 0.809036 0.317663
14657 0.809068 0.317634
14658 0.809112 0.317609
14659 0.809151 0.317603
14660 0.809184 0.317613
14661 0.809212 0.317637
14662 0.809236 0.317675
14663 0.809257 0.317724
14664 0.809273 0.317785
14665 0.809287 0.317823
14666 0.809298 0.317842
14667 0.809306 0.317844
14668 0.809311 0.317829
14669 0.809315 0.317832
14670 0.809317 0.31785
14671 0.809317 0.317882
14672 0.809316 0.317927
14673 0.809313 0.317983
14674 0.80931 0.318048
14675 0.809305 0.318092
14676 0.809299 0.318116
14677 0.809292 0.318121
14678 0.809284 0.31811
14679 0.809275 0.318116
14680 0.809266 0.318138
14681 0.809257 0.318172
14682 0.809247 0.318219
14683 0.809236 0.318277
14684 0.809225 0.318313
14685 0.809213 0.31833
14686 0.809202 0.31833
14687 0.809189 0.318345
14688 0.809177 0.318375
14689 0.809165 0.318417
14690 0.809152 0.318439
14691 0.809139 0.318444
14692 0.809126 0.318432
14693 0.809112 0.318437
14694 0.809099 0.318458
14695 0.809086 0.318492
14696 0.809072 0.318538
14697 0.809059 0.318595
14698 0.809045 0.318662
14699 0.809031 0.318738
14700 0.809018 0.318822
14701 0.809004 0.318913
14702 0.80899 0.319011
14703 0.808976 0.319083
14704 0.808962 0.319133
14705 0.808947 0.319162
14706 0.808932 0.319172
14707 0.808917 0.319166
14708 0.808902 0.319145
14709 0.808903 0.319128
14710 0.808903 0.319098
14711 0.808918 0.319074
14712 0.80893 0.319036
14713 0.80894 0.319018
14714 0.808947 0.319017
14715 0.808951 0.319032
14716 0.808955 0.319061
14717 0.808956 0.319103
14718 0.808956 0.319125
14719 0.808953 0.31913
14720 0.80895 0.319118
14721 0.808945 0.319092
14722 0.808939 0.319052
14723 0.808949 0.31902
14724 0.808974 0.318994
14725 0.809011 0.318973
14726 0.80906 0.318957
14727 0.80912 0.318945
14728 0.809172 0.318951
14729 0.809218 0.318971
14730 0.809258 0.319005
14731 0.809292 0.319051
14732 0.809322 0.319108
14733 0.809348 0.319176
14734 0.809369 0.319252
14735 0.809387 0.319304
14736 0.809402 0.319336
14737 0.809414 0.319349
14738 0.809423 0.319345
14739 0.809429 0.319326
14740 0.809434 0.319293
14741 0.809436 0.319248
14742 0.809437 0.319191
14743 0.809436 0.319125
14744 0.809434 0.319081
14745 0.809431 0.319057
14746 0.809428 0.319051
14747 0.809423 0.319061
14748 0.809417 0.319055
14749 0.80941 0.319033
14750 0.809403 0.318999
14751 0.809395 0.318983
14752 0.809386 0.318984
14753 0.809377 0.31897
14754 0.809367 0.318942
14755 0.809357 0.3189
14756 0.809346 0.318848
14757 0.809335 0.318816
14758 0.809324 0.318803
14759 0.809313 0.318807
14760 0.809302 0.318826
14761 0.80929 0.318828
14762 0.809277 0.318814
14763 0.809265 0.318785
14764 0.809252 0.318744
14765 0.809239 0.318723
14766 0.809226 0.318719
14767 0.809213 0.318732
14768 0.8092 0.318758
14769 0.809187 0.318767
14770 0.809173 0.31879
14771 0.809159 0.318796
14772 0.809146 0.318816
14773 0.809132 0.318819
14774 0.809117 0.318806
14775 0.809103 0.31881
14776 0.809088 0.318829
14777 0.809074 0.318831
14778 0.809059 0.318848
14779 0.809044 0.318879
14780 0.80903 0.318922
14781 0.809015 0.318946
14782 0.809 0.318983
14783 0.808985 0.319031
14784 0.808971 0.319091
14785 0.808956 0.31916
14786 0.808941 0.319207
14787 0.808926 0.319264
14788 0.808911 0.319332
14789 0.808895 0.319377
14790 0.80888 0.319433
14791 0.808865 0.3195
14792 0.808849 0.319544
14793 0.808833 0.319568
14794 0.808817 0.319605
14795 0.808801 0.319623
14796 0.808785 0.319624
14797 0.808768 0.319608
14798 0.808752 0.319579
14799 0.808735 0.319568
14800 0.808719 0.319575
14801 0.808702 0.319596
14802 0.808686 0.319599
14803 0.808669 0.319586
14804 0.808652 0.319559
14805 0.808635 0.31952
14806 0.808635 0.319488
14807 0.808649 0.319464
14808 0.808678 0.319446
14809 0.808719 0.319435
14810 0.808754 0.319409
14811 0.808783 0.31937
14812 0.808808 0.319319
14813 0.80883 0.319289
14814 0.808847 0.319278
14815 0.808861 0.319283
14816 0.808873 0.319272
14817 0.808881 0.319247
14818 0.808887 0.319209
14819 0.808891 0.319159
14820 0.808893 0.319098
14821 0.808893 0.319027
14822 0.808892 0.318948
14823 0.808889 0.318862
14824 0.808885 0.318768
14825 0.80888 0.318668
14826 0.808874 0.318594
14827 0.808867 0.318543
14828 0.808859 0.318481
14829 0.808851 0.31841
14830 0.808842 0.31833
14831 0.808833 0.318242
14832 0.808839 0.318168
14833 0.808844 0.318116
14834 0.808847 0.318086
14835 0.808865 0.318062
14836 0.808896 0.318045
14837 0.808939 0.318033
14838 0.808993 0.318027
14839 0.809057 0.318025
14840 0.809114 0.318039
14841 0.809163 0.318067
14842 0.809206 0.318108
14843 0.809244 0.318161
14844 0.809277 0.318224
14845 0.809305 0.318296
14846 0.809329 0.318377
14847 0.80935 0.318465
14848 0.809367 0.318561
14849 0.809381 0.318631
14850 0.809393 0.318678
14851 0.809402 0.318705
14852 0.809409 0.318714
14853 0.809415 0.318706
14854 0.809418 0.318683
14855 0.80942 0.318678
14856 0.809421 0.318689
14857 0.80942 0.318715
14858 0.809418 0.318754
14859 0.809415 0.318804
14860 0.809411 0.318866
14861 0.809407 0.318937
14862 0.809401 0.318985
14863 0.809395 0.319043
14864 0.809388 0.319112
14865 0.809381 0.319158
14866 0.809374 0.319184
14867 0.809382 0.319212
14868 0.809404 0.319241
14869 0.80944 0.319272
14870 0.80947 0.319315
14871 0.809496 0.31937
14872 0.809519 0.319435
14873 0.809537 0.319509
14874 0.809553 0.319591
14875 0.809566 0.31968
14876 0.809577 0.319745
14877 0.809585 0.319788
14878 0.809591 0.319811
14879 0.809595 0.319816
14880 0.809598 0.319805
14881 0.809599 0.319779
14882 0.809599 0.319741
14883 0.809598 0.319722
14884 0.809596 0.31972
14885 0.809593 0.319734
14886 0.809589 0.319762
14887 0.809584 0.319772
14888 0.809578 0.319766
14889 0.809572 0.319744
14890 0.809565 0.319709
14891 0.809558 0.319661
14892 0.80955 0.319603
14893 0.809542 0.319535
14894 0.809533 0.319458
14895 0.809524 0.319373
14896 0.809515 0.319312
14897 0.809506 0.319274
14898 0.809496 0.319254
14899 0.809487 0.319252
14900 0.809477 0.319266
14901 0.809467 0.319295
14902 0.809457 0.319305
14903 0.809446 0.319298
14904 0.809436 0.319276
14905 0.809425 0.319241
14906 0.809414 0.319225
14907 0.809403 0.319226
14908 0.809392 0.319243
14909 0.80938 0.319242
14910 0.809369 0.319226
14911 0.809357 0.319227
14912 0.809346 0.319244
14913 0.809334 0.319243
14914 0.809323 0.319258
14915 0.809311 0.319256
14916 0.809299 0.319239
14917 0.809287 0.319239
14918 0.809275 0.319254
14919 0.809263 0.319284
14920 0.809252 0.319326
14921 0.80924 0.31938
14922 0.809228 0.319413
14923 0.809216 0.319427
14924 0.809204 0.319455
14925 0.809192 0.319465
14926 0.80918 0.319489
14927 0.809167 0.319495
14928 0.809154 0.319485
14929 0.809141 0.319461
14930 0.809127 0.319423
14931 0.809113 0.319374
14932 0.8091 0.319345
14933 0.809087 0.319334
14934 0.809074 0.319341
14935 0.80906 0.319331
14936 0.809047 0.319337
14937 0.809034 0.319359
14938 0.809021 0.319363
14939 0.809007 0.319351
14940 0.808993 0.319356
14941 0.80898 0.319376
14942 0.808967 0.31941
14943 0.808954 0.319424
14944 0.80894 0.319453
14945 0.808926 0.319463
14946 0.808912 0.319457
14947 0.808898 0.319467
14948 0.808885 0.319492
14949 0.808871 0.31953
14950 0.808858 0.31958
14951 0.808844 0.319609
14952 0.80883 0.319619
14953 0.808816 0.319645
14954 0.808802 0.319652
14955 0.808788 0.319643
14956 0.808773 0.319619
14957 0.808758 0.319582
14958 0.808743 0.319564
14959 0.808728 0.319564
14960 0.808714 0.319579
14961 0.8087 0.319609
14962 0.808686 0.319651
14963 0.808672 0.319704
14964 0.808658 0.319768
14965 0.808645 0.319842
14966 0.808631 0.319892
14967 0.808617 0.319953
14968 0.808603 0.319992
14969 0.808589 0.320043
14970 0.808574 0.320073
14971 0.80856 0.320085
14972 0.808545 0.32008
14973 0.808529 0.320059
14974 0.808514 0.320057
14975 0.808499 0.32007
14976 0.808485 0.320098
14977 0.80847 0.320138
14978 0.808456 0.320191
14979 0.808442 0.320253
14980 0.808428 0.320325
14981 0.808414 0.320406
14982 0.8084 0.320494
14983 0.808386 0.320557
14984 0.808371 0.320599
14985 0.808356 0.320621
14986 0.80834 0.320625
14987 0.808325 0.320644
14988 0.80831 0.320677
14989 0.808295 0.320723
14990 0.80828 0.320779
14991 0.808266 0.320846
14992 0.808251 0.320921
14993 0.808236 0.320974
14994 0.808221 0.321005
14995 0.808205 0.321018
14996 0.808189 0.321014
14997 0.808173 0.320994
14998 0.808156 0.320961
14999 0.80814 0.320916
15000 0.808123 0.320859
