14000 0.806551 0.19311
14001 0.80654 0.193076
14002 0.806529 0.193031
14003 0.806518 0.193005
14004 0.806525 0.192981
14005 0.806529 0.192944
14006 0.806548 0.192911
14007 0.806581 0.192879
14008 0.806626 0.192851
14009 0.806666 0.192809
14010 0.806701 0.192787
14011 0.806731 0.192783
14012 0.806757 0.192795
14013 0.80678 0.192822
14014 0.8068 0.19283
14015 0.806816 0.192822
14016 0.80683 0.192799
14017 0.806841 0.192794
14018 0.806851 0.192805
14019 0.806858 0.192799
14020 0.806863 0.192778
14021 0.806867 0.192744
14022 0.80687 0.192698
14023 0.806871 0.192641
14024 0.806871 0.192573
14025 0.80687 0.192529
14026 0.806868 0.192504
14027 0.806866 0.192497
14028 0.806863 0.192507
14029 0.806859 0.192531
14030 0.806855 0.192569
14031 0.806867 0.192602
14032 0.806893 0.192631
14033 0.806915 0.192641
14034 0.806935 0.192667
14035 0.806951 0.192705
14036 0.806965 0.192755
14037 0.806977 0.192816
14038 0.806986 0.192855
14039 0.806994 0.192905
14040 0.807 0.192967
14041 0.807004 0.193037
14042 0.807007 0.193085
14043 0.807009 0.193144
14044 0.807009 0.193213
14045 0.807009 0.193259
14046 0.807007 0.193285
14047 0.807005 0.193292
14048 0.807002 0.193284
14049 0.806998 0.19326
14050 0.806993 0.193224
14051 0.806988 0.193175
14052 0.806982 0.193147
14053 0.806976 0.193106
14054 0.806969 0.193054
14055 0.806962 0.192991
14056 0.806954 0.192919
14057 0.806946 0.192839
14058 0.806938 0.192782
14059 0.80693 0.192746
14060 0.806921 0.19273
14061 0.806913 0.192731
14062 0.806904 0.192747
14063 0.806895 0.192778
14064 0.806887 0.192821
14065 0.806878 0.192875
14066 0.806869 0.192939
14067 0.80686 0.193013
14068 0.80685 0.193094
14069 0.806841 0.193183
14070 0.806832 0.193248
14071 0.806822 0.193291
14072 0.806812 0.193313
14073 0.806802 0.193349
14074 0.806791 0.193366
14075 0.806798 0.193381
14076 0.806819 0.193394
14077 0.806854 0.193406
14078 0.806884 0.193401
14079 0.80691 0.19338
14080 0.806933 0.193347
14081 0.806952 0.193332
14082 0.806968 0.193334
14083 0.806981 0.193352
14084 0.806992 0.193352
14085 0.807001 0.193337
14086 0.807007 0.193338
14087 0.807012 0.193356
14088 0.807016 0.193355
14089 0.807018 0.193371
14090 0.807019 0.1934
14091 0.807018 0.193411
14092 0.807017 0.193406
14093 0.807014 0.193385
14094 0.807011 0.193351
14095 0.807006 0.193305
14096 0.807001 0.193247
14097 0.806996 0.19318
14098 0.806989 0.193104
14099 0.806983 0.193021
14100 0.806975 0.192961
14101 0.806968 0.192922
14102 0.80696 0.192903
14103 0.806952 0.192902
14104 0.80696 0.1929
14105 0.806983 0.192899
14106 0.80702 0.192897
14107 0.807051 0.192911
14108 0.807079 0.192939
14109 0.807103 0.19298
14110 0.807123 0.193032
14111 0.80714 0.193095
14112 0.807154 0.193167
14113 0.807166 0.193248
14114 0.807176 0.193305
14115 0.807184 0.19334
14116 0.807189 0.193357
14117 0.807193 0.193356
14118 0.807195 0.19334
14119 0.807196 0.193309
14120 0.807196 0.193266
14121 0.807194 0.193212
14122 0.807192 0.193148
14123 0.807189 0.193074
14124 0.807184 0.193024
14125 0.80718 0.192994
14126 0.807174 0.192982
14127 0.807168 0.192988
14128 0.807162 0.193008
14129 0.807155 0.193042
14130 0.807148 0.193088
14131 0.80714 0.193145
14132 0.807132 0.193181
14133 0.807124 0.193198
14134 0.807115 0.193228
14135 0.807106 0.193271
14136 0.807097 0.193325
14137 0.807088 0.19339
14138 0.807078 0.193463
14139 0.807069 0.193514
14140 0.807059 0.193544
14141 0.807048 0.193587
14142 0.807038 0.19364
14143 0.807028 0.193704
14144 0.807017 0.193747
14145 0.807006 0.193769
14146 0.806995 0.193773
14147 0.806983 0.193762
14148 0.806972 0.193736
14149 0.80696 0.193697
14150 0.806948 0.193646
14151 0.806936 0.193585
14152 0.806924 0.193545
14153 0.806912 0.193525
14154 0.8069 0.193492
14155 0.806887 0.193446
14156 0.806875 0.193389
14157 0.806862 0.193322
14158 0.80685 0.193278
14159 0.806837 0.193253
14160 0.806824 0.193247
14161 0.806812 0.193257
14162 0.806799 0.193281
14163 0.806787 0.193319
14164 0.806774 0.193337
14165 0.806761 0.193338
14166 0.806748 0.193323
14167 0.806735 0.193326
14168 0.806721 0.193312
14169 0.806708 0.193284
14170 0.806695 0.193244
14171 0.806681 0.193223
14172 0.806668 0.19322
14173 0.806654 0.193232
14174 0.806641 0.19326
14175 0.806627 0.193299
14176 0.806614 0.193351
14177 0.806601 0.193413
14178 0.806604 0.193468
14179 0.806606 0.193503
14180 0.806606 0.193518
14181 0.806605 0.193517
14182 0.806602 0.1935
14183 0.806598 0.1935
14184 0.806593 0.193516
14185 0.806588 0.193546
14186 0.806581 0.193557
14187 0.806574 0.193552
14188 0.806583 0.193547
14189 0.806607 0.193542
14190 0.806627 0.193553
14191 0.806644 0.193579
14192 0.806658 0.193618
14193 0.806669 0.193669
14194 0.806678 0.193699
14195 0.806701 0.193725
14196 0.806738 0.193749
14197 0.806786 0.193771
14198 0.806829 0.193806
14199 0.806882 0.193837
14200 0.80693 0.19385
14201 0.806971 0.193846
14202 0.807007 0.193827
14203 0.807038 0.193794
14204 0.807065 0.193748
14205 0.807088 0.193692
14206 0.807108 0.193625
14207 0.807124 0.19355
14208 0.807138 0.193467
14209 0.807149 0.193376
14210 0.807158 0.19331
14211 0.807165 0.193266
14212 0.80717 0.193242
14213 0.807173 0.193236
14214 0.807175 0.193247
14215 0.807175 0.19324
14216 0.807175 0.193219
14217 0.807173 0.193184
14218 0.80717 0.193168
14219 0.807166 0.19317
14220 0.807161 0.193187
14221 0.807156 0.193218
14222 0.80715 0.193261
14223 0.807143 0.193315
14224 0.807136 0.19338
14225 0.807128 0.193454
14226 0.80712 0.193504
14227 0.807111 0.193566
14228 0.807102 0.193636
14229 0.807093 0.193684
14230 0.807084 0.193712
14231 0.807074 0.193721
14232 0.807065 0.193714
14233 0.807055 0.193692
14234 0.807045 0.193656
14235 0.807035 0.193609
14236 0.807025 0.193551
14237 0.807014 0.193482
14238 0.807004 0.193437
14239 0.806993 0.193411
14240 0.806982 0.193372
14241 0.806971 0.193322
14242 0.80696 0.193261
14243 0.806949 0.193191
14244 0.806938 0.193112
14245 0.806927 0.193025
14246 0.806916 0.192931
14247 0.806905 0.192832
14248 0.806893 0.192757
14249 0.806882 0.192706
14250 0.80687 0.192675
14251 0.806858 0.192664
14252 0.806846 0.192637
14253 0.806833 0.192629
14254 0.806821 0.192637
14255 0.806825 0.192645
14256 0.806828 0.192667
14257 0.806829 0.192702
14258 0.806828 0.192749
14259 0.806826 0.192808
14260 0.806823 0.192876
14261 0.806819 0.192953
14262 0.806814 0.193006
14263 0.806808 0.193039
14264 0.806801 0.193052
14265 0.806794 0.19308
14266 0.806786 0.193121
14267 0.806777 0.193142
14268 0.806785 0.193161
14269 0.806808 0.193178
14270 0.806844 0.193193
14271 0.806893 0.193206
14272 0.806952 0.193218
14273 0.80702 0.193228
14274 0.807081 0.193253
14275 0.807134 0.193291
14276 0.80718 0.193341
14277 0.807221 0.193402
14278 0.807256 0.193441
14279 0.807287 0.19346
14280 0.807314 0.193462
14281 0.807336 0.193448
14282 0.807356 0.19342
14283 0.807372 0.19341
14284 0.807385 0.193417
14285 0.807396 0.193407
14286 0.807404 0.193383
14287 0.807411 0.193346
14288 0.807415 0.193297
14289 0.807419 0.193237
14290 0.80742 0.193167
14291 0.807421 0.193089
14292 0.80742 0.193035
14293 0.807418 0.19297
14294 0.807415 0.192927
14295 0.807411 0.192904
14296 0.807406 0.192899
14297 0.8074 0.19291
14298 0.807393 0.192936
14299 0.807386 0.192975
14300 0.807378 0.193025
14301 0.80737 0.193086
14302 0.807361 0.193156
14303 0.807352 0.193235
14304 0.807343 0.193291
14305 0.807333 0.193325
14306 0.807323 0.193341
14307 0.807313 0.193339
14308 0.807302 0.193321
14309 0.807291 0.19329
14310 0.807281 0.193247
14311 0.80727 0.193223
14312 0.807258 0.193186
14313 0.807247 0.193169
14314 0.807235 0.193168
14315 0.807223 0.193184
14316 0.807211 0.193213
14317 0.807199 0.193255
14318 0.807186 0.193308
14319 0.807173 0.193372
14320 0.80716 0.193445
14321 0.807147 0.193526
14322 0.807134 0.193615
14323 0.807121 0.19371
14324 0.807108 0.19378
14325 0.807094 0.193859
14326 0.807081 0.193914
14327 0.807068 0.193948
14328 0.807054 0.193995
14329 0.807041 0.194052
14330 0.807027 0.194088
14331 0.807014 0.194105
14332 0.807 0.194104
14333 0.806987 0.194088
14334 0.806974 0.194058
14335 0.80696 0.194015
14336 0.806947 0.193961
14337 0.806934 0.193897
14338 0.80692 0.193824
14339 0.806907 0.193742
14340 0.806894 0.193685
14341 0.80688 0.193648
14342 0.806866 0.193631
14343 0.806853 0.193631
14344 0.806856 0.193631
14345 0.806875 0.193632
14346 0.806907 0.193632
14347 0.806952 0.193633
14348 0.806991 0.193619
14349 0.807024 0.19359
14350 0.807053 0.193549
14351 0.807095 0.193512
14352 0.807131 0.193494
14353 0.807162 0.193494
14354 0.807189 0.193509
14355 0.807211 0.193538
14356 0.80723 0.193549
14357 0.807246 0.193543
14358 0.807258 0.193553
14359 0.807268 0.193578
14360 0.807276 0.193615
14361 0.807281 0.193634
14362 0.807285 0.193635
14363 0.807287 0.19362
14364 0.807287 0.193623
14365 0.807285 0.19364
14366 0.807283 0.193672
14367 0.807279 0.193716
14368 0.807274 0.19374
14369 0.807269 0.193746
14370 0.807262 0.193736
14371 0.807255 0.193711
14372 0.807247 0.193673
14373 0.807239 0.193623
14374 0.80723 0.193594
14375 0.80722 0.193583
14376 0.80721 0.193589
14377 0.8072 0.193579
14378 0.807189 0.193555
14379 0.807178 0.193517
14380 0.807167 0.193467
14381 0.807155 0.193438
14382 0.807143 0.193427
14383 0.807131 0.193402
14384 0.807119 0.193364
14385 0.807106 0.193314
14386 0.807093 0.193284
14387 0.80708 0.193274
14388 0.807067 0.193279
14389 0.807053 0.1933
14390 0.80704 0.193334
14391 0.807026 0.19338
14392 0.807012 0.193406
14393 0.806998 0.193414
14394 0.806984 0.193437
14395 0.80697 0.193442
14396 0.806956 0.193462
14397 0.806941 0.193464
14398 0.806927 0.193451
14399 0.806913 0.193423
14400 0.806898 0.193382
14401 0.806884 0.19333
14402 0.80687 0.193268
14403 0.806855 0.193227
14404 0.806841 0.193206
14405 0.806826 0.193172
14406 0.806811 0.193125
14407 0.806797 0.193068
14408 0.806782 0.193
14409 0.806767 0.192924
14410 0.806752 0.192871
14411 0.806737 0.192839
14412 0.806722 0.192826
14413 0.806707 0.192829
14414 0.806691 0.192848
14415 0.806676 0.19288
14416 0.80666 0.192894
14417 0.806644 0.192922
14418 0.806629 0.192931
14419 0.806613 0.192924
14420 0.806597 0.192902
14421 0.806581 0.192898
14422 0.806565 0.19291
14423 0.806549 0.192905
14424 0.806533 0.192885
14425 0.806518 0.192851
14426 0.806502 0.192806
14427 0.806486 0.192749
14428 0.80647 0.192682
14429 0.806453 0.192637
14430 0.806437 0.192613
14431 0.80642 0.192606
14432 0.806404 0.192616
14433 0.806387 0.19264
14434 0.80637 0.192647
14435 0.806353 0.192637
14436 0.806336 0.192612
14437 0.806319 0.192606
14438 0.806302 0.192615
14439 0.806285 0.19264
14440 0.806267 0.192677
14441 0.80625 0.192726
14442 0.806232 0.192786
14443 0.806214 0.192824
14444 0.806214 0.192859
14445 0.806229 0.19289
14446 0.806242 0.192903
14447 0.806251 0.192899
14448 0.806257 0.192911
14449 0.806262 0.192906
14450 0.806264 0.192886
14451 0.806264 0.192852
14452 0.806262 0.192838
14453 0.806259 0.192809
14454 0.806254 0.192767
14455 0.806249 0.192715
14456 0.806242 0.192683
14457 0.806233 0.192669
14458 0.806224 0.192673
14459 0.806214 0.192692
14460 0.806203 0.192693
14461 0.806192 0.192679
14462 0.80618 0.19265
14463 0.806184 0.192625
14464 0.806204 0.192602
14465 0.806238 0.192582
14466 0.806284 0.192565
14467 0.806324 0.192564
14468 0.806357 0.192579
14469 0.806386 0.192609
14470 0.806409 0.192651
14471 0.806429 0.192704
14472 0.806445 0.192767
14473 0.806457 0.19284
14474 0.806467 0.19289
14475 0.806473 0.192919
14476 0.806477 0.19293
14477 0.806479 0.192955
14478 0.806479 0.192994
14479 0.806477 0.193044
14480 0.806474 0.193104
14481 0.806486 0.193159
14482 0.806513 0.193209
14483 0.806553 0.193255
14484 0.806605 0.193297
14485 0.806667 0.193335
14486 0.806738 0.193369
14487 0.806801 0.193385
14488 0.806855 0.193384
14489 0.806903 0.193367
14490 0.806944 0.193336
14491 0.806979 0.193324
14492 0.807009 0.193329
14493 0.807034 0.193318
14494 0.807055 0.193323
14495 0.807072 0.193344
14496 0.807085 0.193377
14497 0.807096 0.193423
14498 0.807104 0.19348
14499 0.807109 0.193516
14500 0.807112 0.193533
14501 0.807113 0.193532
14502 0.807113 0.193516
14503 0.80711 0.193517
14504 0.807107 0.193533
14505 0.807101 0.193564
14506 0.807095 0.193607
14507 0.807087 0.193661
14508 0.807079 0.193725
14509 0.807069 0.193799
14510 0.807059 0.193849
14511 0.807048 0.193879
14512 0.807036 0.19389
14513 0.807024 0.193885
14514 0.807012 0.193865
14515 0.806998 0.193831
14516 0.806985 0.193784
14517 0.806971 0.193727
14518 0.806957 0.193691
14519 0.806942 0.193675
14520 0.806927 0.193644
14521 0.806911 0.193601
14522 0.806913 0.193563
14523 0.80693 0.193529
14524 0.806962 0.193499
14525 0.807005 0.193472
14526 0.807043 0.193433
14527 0.807075 0.193382
14528 0.807102 0.193321
14529 0.807125 0.193281
14530 0.807143 0.193261
14531 0.807158 0.193258
14532 0.807169 0.193271
14533 0.807178 0.193299
14534 0.807184 0.193308
14535 0.807188 0.1933
14536 0.807189 0.193278
14537 0.807189 0.193243
14538 0.807187 0.193195
14539 0.807183 0.193137
14540 0.807178 0.193069
14541 0.807171 0.193023
14542 0.807164 0.192997
14543 0.807173 0.192975
14544 0.807196 0.192955
14545 0.807233 0.192938
14546 0.807265 0.192907
14547 0.807291 0.192863
14548 0.807313 0.19284
14549 0.807331 0.192834
14550 0.807346 0.192844
14551 0.807357 0.192869
14552 0.807365 0.192907
14553 0.807371 0.192957
14554 0.807374 0.193017
14555 0.807376 0.193087
14556 0.807375 0.193134
14557 0.807373 0.193161
14558 0.807369 0.19317
14559 0.807364 0.193193
14560 0.807358 0.193199
14561 0.80735 0.193219
14562 0.807342 0.193253
14563 0.807349 0.193284
14564 0.807372 0.193313
14565 0.807408 0.193339
14566 0.807457 0.193364
14567 0.807516 0.193386
14568 0.807567 0.193391
14569 0.807612 0.193379
14570 0.80765 0.193353
14571 0.807683 0.193315
14572 0.807711 0.193264
14573 0.807734 0.193203
14574 0.807754 0.193132
14575 0.807769 0.193053
14576 0.807782 0.192967
14577 0.807791 0.192904
14578 0.807798 0.192864
14579 0.807802 0.192811
14580 0.807805 0.192749
14581 0.807805 0.192708
14582 0.807804 0.192687
14583 0.8078 0.192684
14584 0.807796 0.192665
14585 0.80779 0.192664
14586 0.807783 0.192678
14587 0.807792 0.192692
14588 0.807799 0.192689
14589 0.807803 0.192701
14590 0.807805 0.192728
14591 0.807805 0.192768
14592 0.807803 0.192819
14593 0.807799 0.192881
14594 0.807794 0.192952
14595 0.807805 0.193017
14596 0.807813 0.19306
14597 0.807819 0.193083
14598 0.807822 0.193119
14599 0.807824 0.193136
14600 0.807823 0.193136
14601 0.807821 0.19312
14602 0.807835 0.193107
14603 0.807845 0.19311
14604 0.80787 0.193114
14605 0.807891 0.193134
14606 0.807908 0.193135
14607 0.807922 0.193121
14608 0.807932 0.193124
14609 0.80794 0.193142
14610 0.807945 0.193143
14611 0.807948 0.193159
14612 0.807949 0.193189
14613 0.807948 0.193232
14614 0.807946 0.193286
14615 0.807942 0.193319
14616 0.807937 0.193333
14617 0.80793 0.193362
14618 0.807923 0.193403
14619 0.807915 0.193455
14620 0.807923 0.193504
14621 0.807946 0.193548
14622 0.807982 0.19359
14623 0.80803 0.193628
14624 0.808089 0.193664
14625 0.808158 0.193697
14626 0.808218 0.193743
14627 0.808271 0.193769
14628 0.808317 0.193776
14629 0.808356 0.193798
14630 0.80839 0.193834
14631 0.808419 0.193881
14632 0.808444 0.193909
14633 0.808464 0.193918
14634 0.808481 0.193941
14635 0.808495 0.193978
14636 0.808505 0.194027
14637 0.808513 0.194055
14638 0.808519 0.194096
14639 0.808522 0.194149
14640 0.808524 0.194212
14641 0.808524 0.194284
14642 0.808522 0.194364
14643 0.808519 0.194421
14644 0.808514 0.194457
14645 0.808509 0.194473
14646 0.808502 0.194473
14647 0.808495 0.194456
14648 0.808486 0.194426
14649 0.808477 0.194415
14650 0.808468 0.194389
14651 0.808457 0.194349
14652 0.808446 0.194299
14653 0.808435 0.194237
14654 0.808423 0.194167
14655 0.80841 0.194087
14656 0.808397 0.194
14657 0.808401 0.193923
14658 0.808421 0.193856
14659 0.808436 0.193811
14660 0.808449 0.193787
14661 0.808458 0.19378
14662 0.808465 0.19379
14663 0.80847 0.193814
14664 0.808472 0.193851
14665 0.808473 0.193901
14666 0.808471 0.193961
14667 0.808468 0.194031
14668 0.808464 0.194109
14669 0.808459 0.194195
14670 0.808452 0.194288
14671 0.808444 0.194388
14672 0.808436 0.194461
14673 0.808426 0.194512
14674 0.808416 0.194543
14675 0.808405 0.194554
14676 0.808411 0.194567
14677 0.808432 0.19458
14678 0.808466 0.194595
14679 0.808495 0.194592
14680 0.80852 0.194574
14681 0.808541 0.194542
14682 0.808557 0.194498
14683 0.808571 0.194442
14684 0.808581 0.194408
14685 0.808589 0.194393
14686 0.808612 0.194381
14687 0.808648 0.194373
14688 0.808696 0.194368
14689 0.808737 0.194379
14690 0.808773 0.194405
14691 0.808803 0.194443
14692 0.808829 0.194494
14693 0.808851 0.194555
14694 0.808869 0.194625
14695 0.808884 0.194704
14696 0.808895 0.19476
14697 0.808904 0.194794
14698 0.808911 0.194841
14699 0.808916 0.194898
14700 0.808918 0.194965
14701 0.808919 0.195042
14702 0.808918 0.195126
14703 0.808916 0.195186
14704 0.808912 0.195224
14705 0.808908 0.195244
14706 0.808902 0.195245
14707 0.808896 0.195262
14708 0.808889 0.195293
14709 0.808881 0.195337
14710 0.808872 0.195391
14711 0.808863 0.195425
14712 0.808853 0.195439
14713 0.808843 0.195437
14714 0.808832 0.195419
14715 0.808821 0.195387
14716 0.80881 0.195343
14717 0.808799 0.195319
14718 0.808787 0.195313
14719 0.808775 0.195291
14720 0.808762 0.195257
14721 0.80875 0.19521
14722 0.808754 0.195171
14723 0.808756 0.195151
14724 0.808757 0.195149
14725 0.808755 0.195163
14726 0.808753 0.195191
14727 0.808749 0.195232
14728 0.808744 0.195253
14729 0.808738 0.195256
14730 0.808732 0.195244
14731 0.808724 0.195217
14732 0.808716 0.195208
14733 0.808707 0.195216
14734 0.808697 0.195239
14735 0.808687 0.195275
14736 0.808676 0.195323
14737 0.808665 0.195382
14738 0.808653 0.19545
14739 0.808641 0.195496
14740 0.808629 0.195522
14741 0.808616 0.19553
14742 0.808604 0.195552
14743 0.808607 0.195576
14744 0.808609 0.195581
14745 0.80861 0.19557
14746 0.808608 0.195545
14747 0.808606 0.195507
14748 0.808602 0.195456
14749 0.808597 0.195396
14750 0.808591 0.195325
14751 0.808585 0.195246
14752 0.808594 0.195178
14753 0.808601 0.195133
14754 0.808605 0.195107
14755 0.808608 0.195069
14756 0.808608 0.19505
14757 0.808607 0.195049
14758 0.808605 0.195032
14759 0.808601 0.195032
14760 0.808596 0.195048
14761 0.808589 0.195078
14762 0.808582 0.195121
14763 0.808573 0.195175
14764 0.808564 0.195239
14765 0.808554 0.195281
14766 0.808544 0.195303
14767 0.808533 0.195307
14768 0.808522 0.195296
14769 0.80851 0.19527
14770 0.808498 0.19523
14771 0.808486 0.195179
14772 0.808473 0.195149
14773 0.80846 0.195106
14774 0.808446 0.195083
14775 0.808449 0.195067
14776 0.808467 0.195055
14777 0.808498 0.195048
14778 0.808525 0.195058
14779 0.808547 0.195082
14780 0.808565 0.195119
14781 0.80858 0.195169
14782 0.808591 0.195228
14783 0.808599 0.195298
14784 0.808605 0.195345
14785 0.808608 0.195403
14786 0.80861 0.19547
14787 0.808609 0.195547
14788 0.808607 0.195631
14789 0.808603 0.195723
14790 0.808598 0.195821
14791 0.808591 0.195893
14792 0.808584 0.195943
14793 0.808576 0.195972
14794 0.808567 0.196014
14795 0.808557 0.196067
14796 0.808546 0.19613
14797 0.808535 0.196172
14798 0.808523 0.196194
14799 0.808511 0.196197
14800 0.808498 0.196185
14801 0.808485 0.196159
14802 0.808472 0.196119
14803 0.808459 0.196068
14804 0.808445 0.196006
14805 0.808431 0.195935
14806 0.808417 0.195855
14807 0.808402 0.195768
14808 0.808388 0.195705
14809 0.808373 0.195664
14810 0.808358 0.195643
14811 0.808359 0.195628
14812 0.808376 0.195619
14813 0.808405 0.195615
14814 0.808447 0.195616
14815 0.8085 0.195621
14816 0.808546 0.195609
14817 0.808586 0.195615
14818 0.808621 0.195604
14819 0.80865 0.195579
14820 0.808675 0.195541
14821 0.808697 0.195491
14822 0.808714 0.19543
14823 0.808729 0.19536
14824 0.80874 0.195281
14825 0.80875 0.195194
14826 0.808757 0.1951
14827 0.808761 0.195
14828 0.808764 0.194894
14829 0.808765 0.194815
14830 0.808765 0.194759
14831 0.808763 0.194693
14832 0.80876 0.194618
14833 0.808755 0.194566
14834 0.80875 0.194535
14835 0.808744 0.194491
14836 0.808736 0.194467
14837 0.808728 0.194462
14838 0.808719 0.194472
14839 0.808709 0.194497
14840 0.808698 0.194536
14841 0.808687 0.194586
14842 0.808675 0.194616
14843 0.808664 0.194626
14844 0.808652 0.194652
14845 0.808639 0.19469
14846 0.808642 0.194729
14847 0.808661 0.194768
14848 0.808693 0.194808
14849 0.808736 0.194848
14850 0.808791 0.194888
14851 0.808855 0.194928
14852 0.808928 0.194969
14853 0.809009 0.19501
14854 0.80908 0.195031
14855 0.809143 0.195034
14856 0.809198 0.195021
14857 0.809247 0.194994
14858 0.809289 0.194986
14859 0.809325 0.194993
14860 0.809356 0.195016
14861 0.809382 0.195052
14862 0.809405 0.1951
14863 0.809423 0.195128
14864 0.809439 0.195137
14865 0.809452 0.195129
14866 0.809462 0.195138
14867 0.809469 0.195131
14868 0.809475 0.19514
14869 0.809478 0.195163
14870 0.809479 0.1952
14871 0.809479 0.195249
14872 0.809478 0.195277
14873 0.809475 0.195318
14874 0.809472 0.195339
14875 0.809467 0.195342
14876 0.809461 0.195361
14877 0.809455 0.195394
14878 0.809448 0.195438
14879 0.80944 0.195463
14880 0.809431 0.19547
14881 0.809423 0.19546
14882 0.809414 0.195467
14883 0.809404 0.195489
14884 0.809394 0.195524
14885 0.809383 0.19554
14886 0.809373 0.195539
14887 0.809363 0.195522
14888 0.809352 0.195523
14889 0.80934 0.195539
14890 0.809329 0.195569
14891 0.809317 0.195612
14892 0.809305 0.195666
14893 0.809293 0.195699
14894 0.809281 0.195713
14895 0.809269 0.19571
14896 0.809258 0.195692
14897 0.809246 0.19566
14898 0.809234 0.195615
14899 0.809222 0.195559
14900 0.809211 0.195493
14901 0.809198 0.195449
14902 0.809186 0.195425
14903 0.809173 0.19542
14904 0.80916 0.19543
14905 0.809148 0.195424
14906 0.809135 0.195403
14907 0.809122 0.195368
14908 0.80911 0.195321
14909 0.809097 0.195263
14910 0.809085 0.195195
14911 0.809072 0.19515
14912 0.809059 0.195125
14913 0.809045 0.195118
14914 0.809032 0.195127
14915 0.809017 0.195151
14916 0.809003 0.195188
14917 0.808988 0.195237
14918 0.808973 0.195297
14919 0.808958 0.195366
14920 0.808943 0.195444
14921 0.808927 0.19553
14922 0.808912 0.195592
14923 0.808897 0.195631
14924 0.808883 0.195651
14925 0.808869 0.195654
14926 0.808855 0.195641
14927 0.808841 0.195644
14928 0.808826 0.195663
14929 0.808812 0.195664
14930 0.808798 0.19565
14931 0.808784 0.195621
14932 0.808771 0.195579
14933 0.808757 0.195557
14934 0.808743 0.195522
14935 0.80873 0.195475
14936 0.808716 0.195448
14937 0.808702 0.195439
14938 0.808687 0.195447
14939 0.808672 0.195469
14940 0.808656 0.195505
14941 0.808641 0.195522
14942 0.808626 0.195521
14943 0.808611 0.195505
14944 0.808596 0.195505
14945 0.808581 0.195522
14946 0.808565 0.195552
14947 0.808549 0.195595
14948 0.808532 0.195649
14949 0.808515 0.195714
14950 0.808499 0.195756
14951 0.808483 0.195779
14952 0.808467 0.195783
14953 0.808452 0.195772
14954 0.808436 0.195777
14955 0.80842 0.195797
14956 0.808404 0.1958
14957 0.808388 0.195817
14958 0.808372 0.195849
14959 0.808355 0.195893
14960 0.808339 0.195917
14961 0.808323 0.195923
14962 0.808307 0.195913
14963 0.808291 0.195919
14964 0.808274 0.195941
14965 0.808257 0.195975
14966 0.80824 0.196022
14967 0.808223 0.196049
14968 0.808207 0.196057
14969 0.808191 0.196049
14970 0.808174 0.196057
14971 0.808158 0.19608
14972 0.808141 0.196116
14973 0.808124 0.196133
14974 0.808107 0.196164
14975 0.80809 0.196207
14976 0.808072 0.196262
14977 0.808054 0.196326
14978 0.808036 0.1964
14979 0.808018 0.196482
14980 0.807999 0.196571
14981 0.807981 0.196636
14982 0.807964 0.196679
14983 0.807947 0.196701
14984 0.80793 0.196706
14985 0.807912 0.196726
14986 0.807895 0.19676
14987 0.807877 0.196805
14988 0.807859 0.196862
14989 0.807841 0.196929
14990 0.807823 0.197004
14991 0.807804 0.197088
14992 0.807786 0.197147
14993 0.807768 0.197185
14994 0.807751 0.197204
14995 0.807733 0.197205
14996 0.807716 0.197191
14997 0.807699 0.197193
14998 0.807681 0.197211
14999 0.807664 0.197211
15000 0.807647 0.197196
