14000 0.69 0.164475
14001 0.69 0.164436
14002 0.69 0.164392
14003 0.69 0.164346
14004 0.69 0.164296
14005 0.69 0.164243
14006 0.69 0.164188
14007 0.69 0.16413
14008 0.69 0.16407
14009 0.69 0.164009
14010 0.69 0.163946
14011 0.69 0.163904
14012 0.69 0.163883
14013 0.69 0.163879
14014 0.69 0.163891
14015 0.69 0.163894
14016 0.69 0.163881
14017 0.69 0.163854
14018 0.69 0.163813
14019 0.69 0.163762
14020 0.69 0.163731
14021 0.69 0.163719
14022 0.69 0.163692
14023 0.69 0.163653
14024 0.69 0.163601
14025 0.69 0.16354
14026 0.69 0.163469
14027 0.69 0.163389
14028 0.69 0.163333
14029 0.69 0.163298
14030 0.69 0.163283
14031 0.69 0.163284
14032 0.69 0.163301
14033 0.69 0.163301
14034 0.69 0.163285
14035 0.69 0.163286
14036 0.69 0.163303
14037 0.69 0.163333
14038 0.69 0.163345
14039 0.69 0.163341
14040 0.69 0.163321
14041 0.69 0.163318
14042 0.69 0.163332
14043 0.69 0.16336
14044 0.69 0.1634
14045 0.69 0.163452
14046 0.69 0.163484
14047 0.69 0.163496
14048 0.69 0.163523
14049 0.69 0.163563
14050 0.69 0.163583
14051 0.69 0.163586
14052 0.69 0.163572
14053 0.69 0.163545
14054 0.69 0.163504
14055 0.69 0.163452
14056 0.69 0.16339
14057 0.69 0.163349
14058 0.69 0.163328
14059 0.69 0.163325
14060 0.69 0.163338
14061 0.69 0.163333
14062 0.69 0.163314
14063 0.69 0.163281
14064 0.69 0.163236
14065 0.69 0.163179
14066 0.69 0.163113
14067 0.69 0.163038
14068 0.69 0.162954
14069 0.69 0.162895
14070 0.69 0.162857
14071 0.69 0.162838
14072 0.69 0.162837
14073 0.69 0.162852
14074 0.69 0.16285
14075 0.69 0.162832
14076 0.69 0.162801
14077 0.69 0.162756
14078 0.69 0.162732
14079 0.69 0.162726
14080 0.69 0.162737
14081 0.69 0.162761
14082 0.69 0.162799
14083 0.69 0.162818
14084 0.69 0.162819
14085 0.69 0.162804
14086 0.69 0.162775
14087 0.69 0.162734
14088 0.69 0.162712
14089 0.69 0.162677
14090 0.69 0.162629
14091 0.69 0.162571
14092 0.69 0.162503
14093 0.69 0.162426
14094 0.69 0.162373
14095 0.69 0.16234
14096 0.69 0.162326
14097 0.69 0.162298
14098 0.69 0.162257
14099 0.69 0.162205
14100 0.69 0.162174
14101 0.69 0.16213
14102 0.69 0.162106
14103 0.69 0.1621
14104 0.69 0.16211
14105 0.69 0.162104
14106 0.69 0.162114
14107 0.69 0.162138
14108 0.69 0.162176
14109 0.69 0.162226
14110 0.69 0.162286
14111 0.69 0.162356
14112 0.69 0.162403
14113 0.69 0.162461
14114 0.69 0.162529
14115 0.69 0.162575
14116 0.69 0.1626
14117 0.69 0.162607
14118 0.69 0.162598
14119 0.69 0.162574
14120 0.69 0.162568
14121 0.69 0.162579
14122 0.69 0.162572
14123 0.69 0.162551
14124 0.69 0.162516
14125 0.69 0.162469
14126 0.69 0.162412
14127 0.69 0.162344
14128 0.69 0.162267
14129 0.69 0.162183
14130 0.69 0.162091
14131 0.69 0.161993
14132 0.69 0.161889
14133 0.69 0.161811
14134 0.69 0.161757
14135 0.69 0.161723
14136 0.69 0.161709
14137 0.69 0.161711
14138 0.69 0.161729
14139 0.69 0.161761
14140 0.69 0.161805
14141 0.69 0.161829
14142 0.69 0.161835
14143 0.69 0.161856
14144 0.69 0.161891
14145 0.69 0.161938
14146 0.69 0.161995
14147 0.69 0.162031
14148 0.69 0.162048
14149 0.69 0.162048
14150 0.69 0.162032
14151 0.69 0.162002
14152 0.69 0.16196
14153 0.69 0.161906
14154 0.69 0.161842
14155 0.69 0.161769
14156 0.69 0.161719
14157 0.69 0.161689
14158 0.69 0.161678
14159 0.69 0.161683
14160 0.69 0.161704
14161 0.69 0.161738
14162 0.69 0.161784
14163 0.69 0.161841
14164 0.69 0.161908
14165 0.69 0.161953
14166 0.69 0.161977
14167 0.69 0.161984
14168 0.69 0.161974
14169 0.69 0.16195
14170 0.69 0.161913
14171 0.69 0.161895
14172 0.69 0.161894
14173 0.69 0.161909
14174 0.69 0.161938
14175 0.69 0.16198
14176 0.69 0.162033
14177 0.69 0.162097
14178 0.69 0.16217
14179 0.69 0.162251
14180 0.69 0.162339
14181 0.69 0.162435
14182 0.69 0.162513
14183 0.69 0.162575
14184 0.69 0.162623
14185 0.69 0.162659
14186 0.69 0.162675
14187 0.69 0.162675
14188 0.69 0.162658
14189 0.69 0.162659
14190 0.69 0.162676
14191 0.69 0.162706
14192 0.69 0.162749
14193 0.69 0.16278
14194 0.69 0.1628
14195 0.69 0.162802
14196 0.69 0.162789
14197 0.69 0.162761
14198 0.69 0.162721
14199 0.69 0.162669
14200 0.69 0.162606
14201 0.69 0.162566
14202 0.69 0.162545
14203 0.69 0.16251
14204 0.69 0.162463
14205 0.69 0.162406
14206 0.69 0.162338
14207 0.69 0.162262
14208 0.69 0.162177
14209 0.69 0.162086
14210 0.69 0.161988
14211 0.69 0.161884
14212 0.69 0.161774
14213 0.69 0.16166
14214 0.69 0.161574
14215 0.69 0.161511
14216 0.69 0.16147
14217 0.69 0.161449
14218 0.69 0.161446
14219 0.69 0.161459
14220 0.69 0.161486
14221 0.69 0.161526
14222 0.69 0.161577
14223 0.69 0.161639
14224 0.69 0.161679
14225 0.69 0.1617
14226 0.69 0.161703
14227 0.69 0.161721
14228 0.69 0.161753
14229 0.69 0.161797
14230 0.69 0.161853
14231 0.69 0.161918
14232 0.69 0.161962
14233 0.69 0.162017
14234 0.69 0.16205
14235 0.69 0.162096
14236 0.69 0.162153
14237 0.69 0.16222
14238 0.69 0.162264
14239 0.69 0.162289
14240 0.69 0.162295
14241 0.69 0.162285
14242 0.69 0.162261
14243 0.69 0.162223
14244 0.69 0.162174
14245 0.69 0.162114
14246 0.69 0.162044
14247 0.69 0.161966
14248 0.69 0.16188
14249 0.69 0.161787
14250 0.69 0.161719
14251 0.69 0.161674
14252 0.69 0.161617
14253 0.69 0.161581
14254 0.69 0.161565
14255 0.69 0.161566
14256 0.69 0.161551
14257 0.69 0.161554
14258 0.69 0.161571
14259 0.69 0.161572
14260 0.69 0.161588
14261 0.69 0.161617
14262 0.69 0.16166
14263 0.69 0.161714
14264 0.69 0.161747
14265 0.69 0.161792
14266 0.69 0.161848
14267 0.69 0.161883
14268 0.69 0.16193
14269 0.69 0.161957
14270 0.69 0.161966
14271 0.69 0.161958
14272 0.69 0.161935
14273 0.69 0.161899
14274 0.69 0.161882
14275 0.69 0.161883
14276 0.69 0.161899
14277 0.69 0.161928
14278 0.69 0.161971
14279 0.69 0.162025
14280 0.69 0.162058
14281 0.69 0.162072
14282 0.69 0.162069
14283 0.69 0.16205
14284 0.69 0.16205
14285 0.69 0.162064
14286 0.69 0.162062
14287 0.69 0.162045
14288 0.69 0.162044
14289 0.69 0.16206
14290 0.69 0.162058
14291 0.69 0.162041
14292 0.69 0.16201
14293 0.69 0.161966
14294 0.69 0.161912
14295 0.69 0.161847
14296 0.69 0.161773
14297 0.69 0.16169
14298 0.69 0.161601
14299 0.69 0.161536
14300 0.69 0.161493
14301 0.69 0.16147
14302 0.69 0.161465
14303 0.69 0.161476
14304 0.69 0.161502
14305 0.69 0.16154
14306 0.69 0.161559
14307 0.69 0.161561
14308 0.69 0.161547
14309 0.69 0.161518
14310 0.69 0.161508
14311 0.69 0.161515
14312 0.69 0.161513
14313 0.69 0.161504
14314 0.69 0.161488
14315 0.69 0.161466
14316 0.69 0.161438
14317 0.69 0.161405
14318 0.69 0.161391
14319 0.69 0.161394
14320 0.69 0.161413
14321 0.69 0.161445
14322 0.69 0.16149
14323 0.69 0.161514
14324 0.69 0.161528
14325 0.69 0.161557
14326 0.69 0.161574
14327 0.69 0.161606
14328 0.69 0.16165
14329 0.69 0.161674
14330 0.69 0.16168
14331 0.69 0.161701
14332 0.69 0.161736
14333 0.69 0.161783
14334 0.69 0.16184
14335 0.69 0.161908
14336 0.69 0.161961
14337 0.69 0.162001
14338 0.69 0.162029
14339 0.69 0.162047
14340 0.69 0.162056
14341 0.69 0.162055
14342 0.69 0.162048
14343 0.69 0.162033
14344 0.69 0.162004
14345 0.69 0.161963
14346 0.69 0.161909
14347 0.69 0.161846
14348 0.69 0.161805
14349 0.69 0.161783
14350 0.69 0.161748
14351 0.69 0.161701
14352 0.69 0.161642
14353 0.69 0.161606
14354 0.69 0.161557
14355 0.69 0.161497
14356 0.69 0.16146
14357 0.69 0.161441
14358 0.69 0.16144
14359 0.69 0.161455
14360 0.69 0.161453
14361 0.69 0.161435
14362 0.69 0.161403
14363 0.69 0.16139
14364 0.69 0.161395
14365 0.69 0.161414
14366 0.69 0.161447
14367 0.69 0.161492
14368 0.69 0.161549
14369 0.69 0.161584
14370 0.69 0.1616
14371 0.69 0.161599
14372 0.69 0.161582
14373 0.69 0.161552
14374 0.69 0.161517
14375 0.69 0.161477
14376 0.69 0.161434
14377 0.69 0.161388
14378 0.69 0.161339
14379 0.69 0.161287
14380 0.69 0.161232
14381 0.69 0.161168
14382 0.69 0.161125
14383 0.69 0.161102
14384 0.69 0.161098
14385 0.69 0.161109
14386 0.69 0.161135
14387 0.69 0.161174
14388 0.69 0.161224
14389 0.69 0.161254
14390 0.69 0.161266
14391 0.69 0.16126
14392 0.69 0.161271
14393 0.69 0.161296
14394 0.69 0.161335
14395 0.69 0.161354
14396 0.69 0.161355
14397 0.69 0.161341
14398 0.69 0.161312
14399 0.69 0.161271
14400 0.69 0.161249
14401 0.69 0.161245
14402 0.69 0.161257
14403 0.69 0.161284
14404 0.69 0.161292
14405 0.69 0.161292
14406 0.69 0.161284
14407 0.69 0.161269
14408 0.69 0.161248
14409 0.69 0.161221
14410 0.69 0.161189
14411 0.69 0.161176
14412 0.69 0.161156
14413 0.69 0.16113
14414 0.69 0.1611
14415 0.69 0.161064
14416 0.69 0.161025
14417 0.69 0.160981
14418 0.69 0.160934
14419 0.69 0.160884
14420 0.69 0.160831
14421 0.69 0.1608
14422 0.69 0.160786
14423 0.69 0.16079
14424 0.69 0.160809
14425 0.69 0.160842
14426 0.69 0.160887
14427 0.69 0.160912
14428 0.69 0.160919
14429 0.69 0.160941
14430 0.69 0.160976
14431 0.69 0.161
14432 0.69 0.161014
14433 0.69 0.161019
14434 0.69 0.161015
14435 0.69 0.161004
14436 0.69 0.160987
14437 0.69 0.160963
14438 0.69 0.160957
14439 0.69 0.160944
14440 0.69 0.160925
14441 0.69 0.160923
14442 0.69 0.160913
14443 0.69 0.160897
14444 0.69 0.160898
14445 0.69 0.160891
14446 0.69 0.160877
14447 0.69 0.160856
14448 0.69 0.16083
14449 0.69 0.160822
14450 0.69 0.160807
14451 0.69 0.160785
14452 0.69 0.160782
14453 0.69 0.160794
14454 0.69 0.160798
14455 0.69 0.160793
14456 0.69 0.160781
14457 0.69 0.160762
14458 0.69 0.160737
14459 0.69 0.160707
14460 0.69 0.160672
14461 0.69 0.160633
14462 0.69 0.16059
14463 0.69 0.160543
14464 0.69 0.160494
14465 0.69 0.160441
14466 0.69 0.160386
14467 0.69 0.160352
14468 0.69 0.160338
14469 0.69 0.16034
14470 0.69 0.160358
14471 0.69 0.160389
14472 0.69 0.16041
14473 0.69 0.160421
14474 0.69 0.160423
14475 0.69 0.160417
14476 0.69 0.160404
14477 0.69 0.160384
14478 0.69 0.160383
14479 0.69 0.160397
14480 0.69 0.160425
14481 0.69 0.160466
14482 0.69 0.160487
14483 0.69 0.160522
14484 0.69 0.160569
14485 0.69 0.160627
14486 0.69 0.160695
14487 0.69 0.160772
14488 0.69 0.160825
14489 0.69 0.160865
14490 0.69 0.160894
14491 0.69 0.160912
14492 0.69 0.160921
14493 0.69 0.160945
14494 0.69 0.160982
14495 0.69 0.161031
14496 0.69 0.161091
14497 0.69 0.16116
14498 0.69 0.161239
14499 0.69 0.161325
14500 0.69 0.161395
14501 0.69 0.16145
14502 0.69 0.161492
14503 0.69 0.161523
14504 0.69 0.161543
14505 0.69 0.161576
14506 0.69 0.161622
14507 0.69 0.161679
14508 0.69 0.161746
14509 0.69 0.161791
14510 0.69 0.161847
14511 0.69 0.16189
14512 0.69 0.161921
14513 0.69 0.161964
14514 0.69 0.161996
14515 0.69 0.162017
14516 0.69 0.162029
14517 0.69 0.162032
14518 0.69 0.162027
14519 0.69 0.162016
14520 0.69 0.161998
14521 0.69 0.161974
14522 0.69 0.161945
14523 0.69 0.161912
14524 0.69 0.161875
14525 0.69 0.161834
14526 0.69 0.16179
14527 0.69 0.161742
14528 0.69 0.161692
14529 0.69 0.161639
14530 0.69 0.161585
14531 0.69 0.161528
14532 0.69 0.161469
14533 0.69 0.161409
14534 0.69 0.161371
14535 0.69 0.161352
14536 0.69 0.16135
14537 0.69 0.161365
14538 0.69 0.161393
14539 0.69 0.161435
14540 0.69 0.161488
14541 0.69 0.16152
14542 0.69 0.161541
14543 0.69 0.161576
14544 0.69 0.161623
14545 0.69 0.161681
14546 0.69 0.161749
14547 0.69 0.161795
14548 0.69 0.16182
14549 0.69 0.161859
14550 0.69 0.161909
14551 0.69 0.16197
14552 0.69 0.16204
14553 0.69 0.162096
14554 0.69 0.162139
14555 0.69 0.162171
14556 0.69 0.162192
14557 0.69 0.162203
14558 0.69 0.162206
14559 0.69 0.162202
14560 0.69 0.16219
14561 0.69 0.162172
14562 0.69 0.162172
14563 0.69 0.162188
14564 0.69 0.162217
14565 0.69 0.162237
14566 0.69 0.162247
14567 0.69 0.162249
14568 0.69 0.162267
14569 0.69 0.162298
14570 0.69 0.162342
14571 0.69 0.162397
14572 0.69 0.16244
14573 0.69 0.162471
14574 0.69 0.162491
14575 0.69 0.162503
14576 0.69 0.162506
14577 0.69 0.162502
14578 0.69 0.162514
14579 0.69 0.162517
14580 0.69 0.162513
14581 0.69 0.162503
14582 0.69 0.162486
14583 0.69 0.162464
14584 0.69 0.162437
14585 0.69 0.162406
14586 0.69 0.162371
14587 0.69 0.162332
14588 0.69 0.162282
14589 0.69 0.16222
14590 0.69 0.162158
14591 0.69 0.162096
14592 0.69 0.162055
14593 0.69 0.162034
14594 0.69 0.16203
14595 0.69 0.162043
14596 0.69 0.162047
14597 0.69 0.162044
14598 0.69 0.162034
14599 0.69 0.162041
14600 0.69 0.162063
14601 0.69 0.162076
14602 0.69 0.162103
14603 0.69 0.162143
14604 0.69 0.162172
14605 0.69 0.162192
14606 0.69 0.162202
14607 0.69 0.162204
14608 0.69 0.1622
14609 0.69 0.162188
14610 0.69 0.162171
14611 0.69 0.162149
14612 0.69 0.162122
14613 0.69 0.162091
14614 0.69 0.162056
14615 0.69 0.162017
14616 0.69 0.161976
14617 0.69 0.161932
14618 0.69 0.161885
14619 0.69 0.161836
14620 0.69 0.161786
14621 0.69 0.161733
14622 0.69 0.161701
14623 0.69 0.161689
14624 0.69 0.161693
14625 0.69 0.161712
14626 0.69 0.161745
14627 0.69 0.161791
14628 0.69 0.161847
14629 0.69 0.161914
14630 0.69 0.161958
14631 0.69 0.161983
14632 0.69 0.161998
14633 0.69 0.162005
14634 0.69 0.162004
14635 0.69 0.161997
14636 0.69 0.161984
14637 0.69 0.161966
14638 0.69 0.161943
14639 0.69 0.161915
14640 0.69 0.161884
14641 0.69 0.161849
14642 0.69 0.161811
14643 0.69 0.161793
14644 0.69 0.161792
14645 0.69 0.161807
14646 0.69 0.161836
14647 0.69 0.161878
14648 0.69 0.161909
14649 0.69 0.161931
14650 0.69 0.161944
14651 0.69 0.161949
14652 0.69 0.161947
14653 0.69 0.16194
14654 0.69 0.161926
14655 0.69 0.161908
14656 0.69 0.161885
14657 0.69 0.161858
14658 0.69 0.161827
14659 0.69 0.161793
14660 0.69 0.161756
14661 0.69 0.161717
14662 0.69 0.161675
14663 0.69 0.161631
14664 0.69 0.161584
14665 0.69 0.161537
14666 0.69 0.161487
14667 0.69 0.161436
14668 0.69 0.161384
14669 0.69 0.161331
14670 0.69 0.161277
14671 0.69 0.161222
14672 0.69 0.161166
14673 0.69 0.161109
14674 0.69 0.161052
14675 0.69 0.160994
14676 0.69 0.160957
14677 0.69 0.16094
14678 0.69 0.160941
14679 0.69 0.160957
14680 0.69 0.160987
14681 0.69 0.161029
14682 0.69 0.161062
14683 0.69 0.161085
14684 0.69 0.161099
14685 0.69 0.161106
14686 0.69 0.161106
14687 0.69 0.161099
14688 0.69 0.161088
14689 0.69 0.161071
14690 0.69 0.16104
14691 0.69 0.160997
14692 0.69 0.160942
14693 0.69 0.160909
14694 0.69 0.160894
14695 0.69 0.160897
14696 0.69 0.160893
14697 0.69 0.160884
14698 0.69 0.160869
14699 0.69 0.16085
14700 0.69 0.160827
14701 0.69 0.1608
14702 0.69 0.16077
14703 0.69 0.160727
14704 0.69 0.160673
14705 0.69 0.160618
14706 0.69 0.160562
14707 0.69 0.160506
14708 0.69 0.16045
14709 0.69 0.160415
14710 0.69 0.1604
14711 0.69 0.160401
14712 0.69 0.160418
14713 0.69 0.160428
14714 0.69 0.16043
14715 0.69 0.160427
14716 0.69 0.160418
14717 0.69 0.160404
14718 0.69 0.160386
14719 0.69 0.160363
14720 0.69 0.160337
14721 0.69 0.160308
14722 0.69 0.160276
14723 0.69 0.160241
14724 0.69 0.160204
14725 0.69 0.160165
14726 0.69 0.160124
14727 0.69 0.160082
14728 0.69 0.160037
14729 0.69 0.160013
14730 0.69 0.160007
14731 0.69 0.160017
14732 0.69 0.160042
14733 0.69 0.16008
14734 0.69 0.160108
14735 0.69 0.160128
14736 0.69 0.16014
14737 0.69 0.160145
14738 0.69 0.160143
14739 0.69 0.160136
14740 0.69 0.160124
14741 0.69 0.160108
14742 0.69 0.160087
14743 0.69 0.160063
14744 0.69 0.160035
14745 0.69 0.160004
14746 0.69 0.159971
14747 0.69 0.159935
14748 0.69 0.159898
14749 0.69 0.159858
14750 0.69 0.159817
14751 0.69 0.159774
14752 0.69 0.159729
14753 0.69 0.159684
14754 0.69 0.159637
14755 0.69 0.15959
14756 0.69 0.159541
14757 0.69 0.159492
14758 0.69 0.159441
14759 0.69 0.159391
14760 0.69 0.159339
14761 0.69 0.159287
14762 0.69 0.159235
14763 0.69 0.159182
14764 0.69 0.159128
14765 0.69 0.159075
14766 0.69 0.159021
14767 0.69 0.158967
14768 0.69 0.158913
14769 0.69 0.158858
14770 0.69 0.158803
14771 0.69 0.158749
14772 0.69 0.158694
14773 0.69 0.158639
14774 0.69 0.158584
14775 0.69 0.15855
14776 0.69 0.158535
14777 0.69 0.158537
14778 0.69 0.158555
14779 0.69 0.158587
14780 0.69 0.15861
14781 0.69 0.158626
14782 0.69 0.158634
14783 0.69 0.158636
14784 0.69 0.158633
14785 0.69 0.158624
14786 0.69 0.158612
14787 0.69 0.158595
14788 0.69 0.158574
14789 0.69 0.15855
14790 0.69 0.158524
14791 0.69 0.158484
14792 0.69 0.158433
14793 0.69 0.158371
14794 0.69 0.158299
14795 0.69 0.158219
14796 0.69 0.158163
14797 0.69 0.158128
14798 0.69 0.158112
14799 0.69 0.158113
14800 0.69 0.15813
14801 0.69 0.158161
14802 0.69 0.158205
14803 0.69 0.15826
14804 0.69 0.158293
14805 0.69 0.158339
14806 0.69 0.158376
14807 0.69 0.158403
14808 0.69 0.158423
14809 0.69 0.158436
14810 0.69 0.158442
14811 0.69 0.158442
14812 0.69 0.158438
14813 0.69 0.158428
14814 0.69 0.158415
14815 0.69 0.158398
14816 0.69 0.158377
14817 0.69 0.158353
14818 0.69 0.158327
14819 0.69 0.158298
14820 0.69 0.158288
14821 0.69 0.158294
14822 0.69 0.158316
14823 0.69 0.15833
14824 0.69 0.158359
14825 0.69 0.1584
14826 0.69 0.158453
14827 0.69 0.158495
14828 0.69 0.158529
14829 0.69 0.158554
14830 0.69 0.158571
14831 0.69 0.158582
14832 0.69 0.158587
14833 0.69 0.158607
14834 0.69 0.158641
14835 0.69 0.158687
14836 0.69 0.158723
14837 0.69 0.158751
14838 0.69 0.158772
14839 0.69 0.158785
14840 0.69 0.158792
14841 0.69 0.158794
14842 0.69 0.15879
14843 0.69 0.158803
14844 0.69 0.15883
14845 0.69 0.15887
14846 0.69 0.158901
14847 0.69 0.158924
14848 0.69 0.158961
14849 0.69 0.15901
14850 0.69 0.159069
14851 0.69 0.159139
14852 0.69 0.159217
14853 0.69 0.159303
14854 0.69 0.159396
14855 0.69 0.159495
14856 0.69 0.159601
14857 0.69 0.159691
14858 0.69 0.159767
14859 0.69 0.159831
14860 0.69 0.159884
14861 0.69 0.159927
14862 0.69 0.159962
14863 0.69 0.159988
14864 0.69 0.160007
14865 0.69 0.16002
14866 0.69 0.160027
14867 0.69 0.160028
14868 0.69 0.160026
14869 0.69 0.160019
14870 0.69 0.160008
14871 0.69 0.159994
14872 0.69 0.159977
14873 0.69 0.159957
14874 0.69 0.159935
14875 0.69 0.159911
14876 0.69 0.159884
14877 0.69 0.159857
14878 0.69 0.159827
14879 0.69 0.159797
14880 0.69 0.159765
14881 0.69 0.159732
14882 0.69 0.159698
14883 0.69 0.159664
14884 0.69 0.159628
14885 0.69 0.159592
14886 0.69 0.159556
14887 0.69 0.159518
14888 0.69 0.159481
14889 0.69 0.159442
14890 0.69 0.159424
14891 0.69 0.159423
14892 0.69 0.159437
14893 0.69 0.159446
14894 0.69 0.15945
14895 0.69 0.159449
14896 0.69 0.159444
14897 0.69 0.159435
14898 0.69 0.159422
14899 0.69 0.159407
14900 0.69 0.159389
14901 0.69 0.159369
14902 0.69 0.159346
14903 0.69 0.159322
14904 0.69 0.159296
14905 0.69 0.159268
14906 0.69 0.159239
14907 0.69 0.159208
14908 0.69 0.159177
14909 0.69 0.159144
14910 0.69 0.159111
14911 0.69 0.159077
14912 0.69 0.159042
14913 0.69 0.159006
14914 0.69 0.158969
14915 0.69 0.158932
14916 0.69 0.158894
14917 0.69 0.158856
14918 0.69 0.158818
14919 0.69 0.158778
14920 0.69 0.158739
14921 0.69 0.158699
14922 0.69 0.158659
14923 0.69 0.158618
14924 0.69 0.158578
14925 0.69 0.158537
14926 0.69 0.158495
14927 0.69 0.158454
14928 0.69 0.158412
14929 0.69 0.158371
14930 0.69 0.158329
14931 0.69 0.158287
14932 0.69 0.158244
14933 0.69 0.158202
14934 0.69 0.15816
14935 0.69 0.158117
14936 0.69 0.158075
14937 0.69 0.158032
14938 0.69 0.157989
14939 0.69 0.157946
14940 0.69 0.157904
14941 0.69 0.157861
14942 0.69 0.157818
14943 0.69 0.157775
14944 0.69 0.157732
14945 0.69 0.157689
14946 0.69 0.157647
14947 0.69 0.157604
14948 0.69 0.157561
14949 0.69 0.157518
14950 0.69 0.157475
14951 0.69 0.157432
14952 0.69 0.15739
14953 0.69 0.157347
14954 0.69 0.157304
14955 0.69 0.15726
14956 0.69 0.157217
14957 0.69 0.157174
14958 0.69 0.157131
14959 0.69 0.157088
14960 0.69 0.157044
14961 0.69 0.157001
14962 0.69 0.156958
14963 0.69 0.156914
14964 0.69 0.15687
14965 0.69 0.156827
14966 0.69 0.156783
14967 0.69 0.156739
14968 0.69 0.156695
14969 0.69 0.156651
14970 0.69 0.156606
14971 0.69 0.156562
14972 0.69 0.156517
14973 0.69 0.156472
14974 0.69 0.156427
14975 0.69 0.156382
14976 0.69 0.156337
14977 0.69 0.156292
14978 0.69 0.156247
14979 0.69 0.156202
14980 0.69 0.156156
14981 0.69 0.156111
14982 0.69 0.156066
14983 0.69 0.15602
14984 0.69 0.155975
14985 0.69 0.15593
14986 0.69 0.155884
14987 0.69 0.155839
14988 0.69 0.155793
14989 0.69 0.155748
14990 0.69 0.155702
14991 0.69 0.155657
14992 0.69 0.155611
14993 0.69 0.155565
14994 0.69 0.155519
14995 0.69 0.155474
14996 0.69 0.155428
14997 0.69 0.155382
14998 0.69 0.155336
14999 0.69 0.15529
15000 0.69 0.155244
