14000 0.69 0.227248
14001 0.69 0.227259
14002 0.69 0.227278
14003 0.69 0.227278
14004 0.69 0.227264
14005 0.69 0.227235
14006 0.69 0.227193
14007 0.69 0.22714
14008 0.69 0.227076
14009 0.69 0.227004
14010 0.69 0.226923
14011 0.69 0.226834
14012 0.69 0.226739
14013 0.69 0.226637
14014 0.69 0.226531
14015 0.69 0.226442
14016 0.69 0.226378
14017 0.69 0.226336
14018 0.69 0.226314
14019 0.69 0.22631
14020 0.69 0.22629
14021 0.69 0.226257
14022 0.69 0.226212
14023 0.69 0.226155
14024 0.69 0.226089
14025 0.69 0.226014
14026 0.69 0.225961
14027 0.69 0.225899
14028 0.69 0.225827
14029 0.69 0.22577
14030 0.69 0.225734
14031 0.69 0.225717
14032 0.69 0.225718
14033 0.69 0.225734
14034 0.69 0.225765
14035 0.69 0.225808
14036 0.69 0.225862
14037 0.69 0.225895
14038 0.69 0.225909
14039 0.69 0.225937
14040 0.69 0.225979
14041 0.69 0.226
14042 0.69 0.226004
14043 0.69 0.225992
14044 0.69 0.225996
14045 0.69 0.226016
14046 0.69 0.226049
14047 0.69 0.226064
14048 0.69 0.226061
14049 0.69 0.226043
14050 0.69 0.226011
14051 0.69 0.225967
14052 0.69 0.225943
14053 0.69 0.225936
14054 0.69 0.225946
14055 0.69 0.225971
14056 0.69 0.226001
14057 0.69 0.226012
14058 0.69 0.226007
14059 0.69 0.225986
14060 0.69 0.225952
14061 0.69 0.225906
14062 0.69 0.225849
14063 0.69 0.225782
14064 0.69 0.225706
14065 0.69 0.225622
14066 0.69 0.225531
14067 0.69 0.225465
14068 0.69 0.225389
14069 0.69 0.225329
14070 0.69 0.225283
14071 0.69 0.225249
14072 0.69 0.225226
14073 0.69 0.225221
14074 0.69 0.225232
14075 0.69 0.225258
14076 0.69 0.225296
14077 0.69 0.225315
14078 0.69 0.225317
14079 0.69 0.225303
14080 0.69 0.225274
14081 0.69 0.225233
14082 0.69 0.225204
14083 0.69 0.225185
14084 0.69 0.225176
14085 0.69 0.225175
14086 0.69 0.225159
14087 0.69 0.225129
14088 0.69 0.225086
14089 0.69 0.225032
14090 0.69 0.224968
14091 0.69 0.224925
14092 0.69 0.224903
14093 0.69 0.224898
14094 0.69 0.224879
14095 0.69 0.224876
14096 0.69 0.224859
14097 0.69 0.224827
14098 0.69 0.224784
14099 0.69 0.224728
14100 0.69 0.224663
14101 0.69 0.224612
14102 0.69 0.224574
14103 0.69 0.224524
14104 0.69 0.224495
14105 0.69 0.224484
14106 0.69 0.22449
14107 0.69 0.224511
14108 0.69 0.224545
14109 0.69 0.224592
14110 0.69 0.224649
14111 0.69 0.224717
14112 0.69 0.224793
14113 0.69 0.224846
14114 0.69 0.224879
14115 0.69 0.224892
14116 0.69 0.22492
14117 0.69 0.22496
14118 0.69 0.225012
14119 0.69 0.225043
14120 0.69 0.225056
14121 0.69 0.225051
14122 0.69 0.225032
14123 0.69 0.224999
14124 0.69 0.224953
14125 0.69 0.224897
14126 0.69 0.22483
14127 0.69 0.224786
14128 0.69 0.22473
14129 0.69 0.224665
14130 0.69 0.224613
14131 0.69 0.224575
14132 0.69 0.224548
14133 0.69 0.224531
14134 0.69 0.224501
14135 0.69 0.224457
14136 0.69 0.224426
14137 0.69 0.224406
14138 0.69 0.224395
14139 0.69 0.224393
14140 0.69 0.224399
14141 0.69 0.224411
14142 0.69 0.224431
14143 0.69 0.224455
14144 0.69 0.224485
14145 0.69 0.22452
14146 0.69 0.224559
14147 0.69 0.224578
14148 0.69 0.224579
14149 0.69 0.224565
14150 0.69 0.224537
14151 0.69 0.224496
14152 0.69 0.224467
14153 0.69 0.224448
14154 0.69 0.224438
14155 0.69 0.224438
14156 0.69 0.224445
14157 0.69 0.224459
14158 0.69 0.224479
14159 0.69 0.224504
14160 0.69 0.224535
14161 0.69 0.224571
14162 0.69 0.22461
14163 0.69 0.22463
14164 0.69 0.224633
14165 0.69 0.224619
14166 0.69 0.224592
14167 0.69 0.224574
14168 0.69 0.224566
14169 0.69 0.224567
14170 0.69 0.224576
14171 0.69 0.224591
14172 0.69 0.224612
14173 0.69 0.224639
14174 0.69 0.224672
14175 0.69 0.224708
14176 0.69 0.224749
14177 0.69 0.224793
14178 0.69 0.224841
14179 0.69 0.224892
14180 0.69 0.224945
14181 0.69 0.225001
14182 0.69 0.225059
14183 0.69 0.225095
14184 0.69 0.225113
14185 0.69 0.225113
14186 0.69 0.225097
14187 0.69 0.225098
14188 0.69 0.225115
14189 0.69 0.225146
14190 0.69 0.22519
14191 0.69 0.225237
14192 0.69 0.225263
14193 0.69 0.225272
14194 0.69 0.225263
14195 0.69 0.22524
14196 0.69 0.225235
14197 0.69 0.225215
14198 0.69 0.225182
14199 0.69 0.225136
14200 0.69 0.225078
14201 0.69 0.225012
14202 0.69 0.224936
14203 0.69 0.224852
14204 0.69 0.224761
14205 0.69 0.224663
14206 0.69 0.224591
14207 0.69 0.224541
14208 0.69 0.224481
14209 0.69 0.224411
14210 0.69 0.224333
14211 0.69 0.224278
14212 0.69 0.224244
14213 0.69 0.224198
14214 0.69 0.224141
14215 0.69 0.224097
14216 0.69 0.224066
14217 0.69 0.224045
14218 0.69 0.224033
14219 0.69 0.224031
14220 0.69 0.224036
14221 0.69 0.224048
14222 0.69 0.224067
14223 0.69 0.2241
14224 0.69 0.224144
14225 0.69 0.224192
14226 0.69 0.224243
14227 0.69 0.224296
14228 0.69 0.224352
14229 0.69 0.22441
14230 0.69 0.224469
14231 0.69 0.22453
14232 0.69 0.224593
14233 0.69 0.224657
14234 0.69 0.224722
14235 0.69 0.224789
14236 0.69 0.224856
14237 0.69 0.224901
14238 0.69 0.224926
14239 0.69 0.224933
14240 0.69 0.224923
14241 0.69 0.224899
14242 0.69 0.224862
14243 0.69 0.224812
14244 0.69 0.224752
14245 0.69 0.224683
14246 0.69 0.224605
14247 0.69 0.224518
14248 0.69 0.224425
14249 0.69 0.224349
14250 0.69 0.224289
14251 0.69 0.224218
14252 0.69 0.224162
14253 0.69 0.22412
14254 0.69 0.224089
14255 0.69 0.22407
14256 0.69 0.224059
14257 0.69 0.224058
14258 0.69 0.224064
14259 0.69 0.224077
14260 0.69 0.224097
14261 0.69 0.224122
14262 0.69 0.224152
14263 0.69 0.224187
14264 0.69 0.224226
14265 0.69 0.224269
14266 0.69 0.224315
14267 0.69 0.224364
14268 0.69 0.224393
14269 0.69 0.224403
14270 0.69 0.224396
14271 0.69 0.224406
14272 0.69 0.22443
14273 0.69 0.224468
14274 0.69 0.224517
14275 0.69 0.224577
14276 0.69 0.224616
14277 0.69 0.224635
14278 0.69 0.224668
14279 0.69 0.224713
14280 0.69 0.224738
14281 0.69 0.224744
14282 0.69 0.224735
14283 0.69 0.224711
14284 0.69 0.224674
14285 0.69 0.224625
14286 0.69 0.224596
14287 0.69 0.224586
14288 0.69 0.224592
14289 0.69 0.224582
14290 0.69 0.224589
14291 0.69 0.22458
14292 0.69 0.224556
14293 0.69 0.224518
14294 0.69 0.224469
14295 0.69 0.224409
14296 0.69 0.22434
14297 0.69 0.224262
14298 0.69 0.224176
14299 0.69 0.224114
14300 0.69 0.224074
14301 0.69 0.224054
14302 0.69 0.224051
14303 0.69 0.224064
14304 0.69 0.224061
14305 0.69 0.224042
14306 0.69 0.224009
14307 0.69 0.223995
14308 0.69 0.223998
14309 0.69 0.224017
14310 0.69 0.224049
14311 0.69 0.224062
14312 0.69 0.224059
14313 0.69 0.224071
14314 0.69 0.224067
14315 0.69 0.224047
14316 0.69 0.224014
14317 0.69 0.223968
14318 0.69 0.223943
14319 0.69 0.223936
14320 0.69 0.223945
14321 0.69 0.223969
14322 0.69 0.224006
14323 0.69 0.224055
14324 0.69 0.224083
14325 0.69 0.224093
14326 0.69 0.224087
14327 0.69 0.224065
14328 0.69 0.224061
14329 0.69 0.224073
14330 0.69 0.2241
14331 0.69 0.22414
14332 0.69 0.224191
14333 0.69 0.224253
14334 0.69 0.224324
14335 0.69 0.224372
14336 0.69 0.2244
14337 0.69 0.22441
14338 0.69 0.224403
14339 0.69 0.224381
14340 0.69 0.224376
14341 0.69 0.224388
14342 0.69 0.224383
14343 0.69 0.224363
14344 0.69 0.224329
14345 0.69 0.224283
14346 0.69 0.224226
14347 0.69 0.224159
14348 0.69 0.224083
14349 0.69 0.224031
14350 0.69 0.223999
14351 0.69 0.223986
14352 0.69 0.223958
14353 0.69 0.223918
14354 0.69 0.223866
14355 0.69 0.223835
14356 0.69 0.223823
14357 0.69 0.223828
14358 0.69 0.223816
14359 0.69 0.22379
14360 0.69 0.223751
14361 0.69 0.223731
14362 0.69 0.22373
14363 0.69 0.223743
14364 0.69 0.223772
14365 0.69 0.223813
14366 0.69 0.223865
14367 0.69 0.223928
14368 0.69 0.223969
14369 0.69 0.22399
14370 0.69 0.223994
14371 0.69 0.223981
14372 0.69 0.223954
14373 0.69 0.223946
14374 0.69 0.223922
14375 0.69 0.223886
14376 0.69 0.223837
14377 0.69 0.223809
14378 0.69 0.223768
14379 0.69 0.223716
14380 0.69 0.223653
14381 0.69 0.223581
14382 0.69 0.223532
14383 0.69 0.223503
14384 0.69 0.223493
14385 0.69 0.223499
14386 0.69 0.22352
14387 0.69 0.223524
14388 0.69 0.223512
14389 0.69 0.223516
14390 0.69 0.223536
14391 0.69 0.223569
14392 0.69 0.223584
14393 0.69 0.223581
14394 0.69 0.223563
14395 0.69 0.223562
14396 0.69 0.223577
14397 0.69 0.223575
14398 0.69 0.223558
14399 0.69 0.223558
14400 0.69 0.223573
14401 0.69 0.223603
14402 0.69 0.223645
14403 0.69 0.223699
14404 0.69 0.223763
14405 0.69 0.223836
14406 0.69 0.223886
14407 0.69 0.223916
14408 0.69 0.223927
14409 0.69 0.223921
14410 0.69 0.223901
14411 0.69 0.223866
14412 0.69 0.22382
14413 0.69 0.223763
14414 0.69 0.223719
14415 0.69 0.223688
14416 0.69 0.223667
14417 0.69 0.223657
14418 0.69 0.223632
14419 0.69 0.223594
14420 0.69 0.223544
14421 0.69 0.223483
14422 0.69 0.223413
14423 0.69 0.223366
14424 0.69 0.223339
14425 0.69 0.22333
14426 0.69 0.223338
14427 0.69 0.22336
14428 0.69 0.223396
14429 0.69 0.223413
14430 0.69 0.223444
14431 0.69 0.223456
14432 0.69 0.223482
14433 0.69 0.223522
14434 0.69 0.223541
14435 0.69 0.223544
14436 0.69 0.223554
14437 0.69 0.22357
14438 0.69 0.223593
14439 0.69 0.223622
14440 0.69 0.223632
14441 0.69 0.223626
14442 0.69 0.223604
14443 0.69 0.223569
14444 0.69 0.223522
14445 0.69 0.223464
14446 0.69 0.223396
14447 0.69 0.223343
14448 0.69 0.223303
14449 0.69 0.223275
14450 0.69 0.223257
14451 0.69 0.22325
14452 0.69 0.22325
14453 0.69 0.223235
14454 0.69 0.223206
14455 0.69 0.223188
14456 0.69 0.223179
14457 0.69 0.223156
14458 0.69 0.223119
14459 0.69 0.22307
14460 0.69 0.223011
14461 0.69 0.222973
14462 0.69 0.222954
14463 0.69 0.222922
14464 0.69 0.222877
14465 0.69 0.222822
14466 0.69 0.222756
14467 0.69 0.222681
14468 0.69 0.222629
14469 0.69 0.222598
14470 0.69 0.222586
14471 0.69 0.22259
14472 0.69 0.22261
14473 0.69 0.222644
14474 0.69 0.22269
14475 0.69 0.222715
14476 0.69 0.222723
14477 0.69 0.222714
14478 0.69 0.22269
14479 0.69 0.222684
14480 0.69 0.222695
14481 0.69 0.22272
14482 0.69 0.222758
14483 0.69 0.222808
14484 0.69 0.222869
14485 0.69 0.22294
14486 0.69 0.223019
14487 0.69 0.223105
14488 0.69 0.223168
14489 0.69 0.223208
14490 0.69 0.223229
14491 0.69 0.223263
14492 0.69 0.22331
14493 0.69 0.223336
14494 0.69 0.223344
14495 0.69 0.223367
14496 0.69 0.223403
14497 0.69 0.223452
14498 0.69 0.223479
14499 0.69 0.223489
14500 0.69 0.223513
14501 0.69 0.22355
14502 0.69 0.223599
14503 0.69 0.22366
14504 0.69 0.223698
14505 0.69 0.223748
14506 0.69 0.223809
14507 0.69 0.22388
14508 0.69 0.223959
14509 0.69 0.224046
14510 0.69 0.22414
14511 0.69 0.224208
14512 0.69 0.224255
14513 0.69 0.224281
14514 0.69 0.224288
14515 0.69 0.22428
14516 0.69 0.224288
14517 0.69 0.22431
14518 0.69 0.224315
14519 0.69 0.224304
14520 0.69 0.224278
14521 0.69 0.224239
14522 0.69 0.224188
14523 0.69 0.224158
14524 0.69 0.224147
14525 0.69 0.224121
14526 0.69 0.224082
14527 0.69 0.224031
14528 0.69 0.22397
14529 0.69 0.223931
14530 0.69 0.223879
14531 0.69 0.223849
14532 0.69 0.223806
14533 0.69 0.223752
14534 0.69 0.223687
14535 0.69 0.223645
14536 0.69 0.223622
14537 0.69 0.223617
14538 0.69 0.223629
14539 0.69 0.223655
14540 0.69 0.223694
14541 0.69 0.223745
14542 0.69 0.223806
14543 0.69 0.223846
14544 0.69 0.223866
14545 0.69 0.2239
14546 0.69 0.223946
14547 0.69 0.224003
14548 0.69 0.22407
14549 0.69 0.224146
14550 0.69 0.224198
14551 0.69 0.22423
14552 0.69 0.224243
14553 0.69 0.224239
14554 0.69 0.224251
14555 0.69 0.224278
14556 0.69 0.224286
14557 0.69 0.224277
14558 0.69 0.224286
14559 0.69 0.224309
14560 0.69 0.224314
14561 0.69 0.224334
14562 0.69 0.224368
14563 0.69 0.224414
14564 0.69 0.224471
14565 0.69 0.224539
14566 0.69 0.224615
14567 0.69 0.224668
14568 0.69 0.2247
14569 0.69 0.224744
14570 0.69 0.224799
14571 0.69 0.224865
14572 0.69 0.224909
14573 0.69 0.224932
14574 0.69 0.224938
14575 0.69 0.224927
14576 0.69 0.224902
14577 0.69 0.224863
14578 0.69 0.224844
14579 0.69 0.224843
14580 0.69 0.224857
14581 0.69 0.224855
14582 0.69 0.224837
14583 0.69 0.224805
14584 0.69 0.22476
14585 0.69 0.224705
14586 0.69 0.224639
14587 0.69 0.224564
14588 0.69 0.224513
14589 0.69 0.224482
14590 0.69 0.224439
14591 0.69 0.224384
14592 0.69 0.224319
14593 0.69 0.224276
14594 0.69 0.224253
14595 0.69 0.224249
14596 0.69 0.22426
14597 0.69 0.224286
14598 0.69 0.224293
14599 0.69 0.224316
14600 0.69 0.224352
14601 0.69 0.224368
14602 0.69 0.224399
14603 0.69 0.224411
14604 0.69 0.224437
14605 0.69 0.224445
14606 0.69 0.224437
14607 0.69 0.224414
14608 0.69 0.224377
14609 0.69 0.22436
14610 0.69 0.22436
14611 0.69 0.224345
14612 0.69 0.224315
14613 0.69 0.224272
14614 0.69 0.224219
14615 0.69 0.224155
14616 0.69 0.224112
14617 0.69 0.22409
14618 0.69 0.224086
14619 0.69 0.224098
14620 0.69 0.224093
14621 0.69 0.224073
14622 0.69 0.224039
14623 0.69 0.223993
14624 0.69 0.223967
14625 0.69 0.223959
14626 0.69 0.223968
14627 0.69 0.223992
14628 0.69 0.224029
14629 0.69 0.224078
14630 0.69 0.224138
14631 0.69 0.224176
14632 0.69 0.224194
14633 0.69 0.224195
14634 0.69 0.22418
14635 0.69 0.224151
14636 0.69 0.224141
14637 0.69 0.224147
14638 0.69 0.224168
14639 0.69 0.224172
14640 0.69 0.224159
14641 0.69 0.224132
14642 0.69 0.224093
14643 0.69 0.224072
14644 0.69 0.22407
14645 0.69 0.224083
14646 0.69 0.224111
14647 0.69 0.22412
14648 0.69 0.224113
14649 0.69 0.22409
14650 0.69 0.224086
14651 0.69 0.224098
14652 0.69 0.224124
14653 0.69 0.224163
14654 0.69 0.224183
14655 0.69 0.224185
14656 0.69 0.224171
14657 0.69 0.224175
14658 0.69 0.224162
14659 0.69 0.224135
14660 0.69 0.224126
14661 0.69 0.224134
14662 0.69 0.224125
14663 0.69 0.224102
14664 0.69 0.224065
14665 0.69 0.224016
14666 0.69 0.223957
14667 0.69 0.223888
14668 0.69 0.223841
14669 0.69 0.223815
14670 0.69 0.223776
14671 0.69 0.223725
14672 0.69 0.223663
14673 0.69 0.223593
14674 0.69 0.223544
14675 0.69 0.223517
14676 0.69 0.223476
14677 0.69 0.223455
14678 0.69 0.223452
14679 0.69 0.223433
14680 0.69 0.223401
14681 0.69 0.223387
14682 0.69 0.223391
14683 0.69 0.22341
14684 0.69 0.223411
14685 0.69 0.223397
14686 0.69 0.223368
14687 0.69 0.223326
14688 0.69 0.223273
14689 0.69 0.22321
14690 0.69 0.223168
14691 0.69 0.223147
14692 0.69 0.223112
14693 0.69 0.223064
14694 0.69 0.223006
14695 0.69 0.222969
14696 0.69 0.222952
14697 0.69 0.222952
14698 0.69 0.222936
14699 0.69 0.222906
14700 0.69 0.222864
14701 0.69 0.22281
14702 0.69 0.222746
14703 0.69 0.222703
14704 0.69 0.222681
14705 0.69 0.222677
14706 0.69 0.222689
14707 0.69 0.222715
14708 0.69 0.222723
14709 0.69 0.222746
14710 0.69 0.222751
14711 0.69 0.222771
14712 0.69 0.222805
14713 0.69 0.222851
14714 0.69 0.222876
14715 0.69 0.222884
14716 0.69 0.222875
14717 0.69 0.222851
14718 0.69 0.222814
14719 0.69 0.222766
14720 0.69 0.222706
14721 0.69 0.222668
14722 0.69 0.222649
14723 0.69 0.222648
14724 0.69 0.222632
14725 0.69 0.222601
14726 0.69 0.222558
14727 0.69 0.222504
14728 0.69 0.222439
14729 0.69 0.222365
14730 0.69 0.222314
14731 0.69 0.222284
14732 0.69 0.222273
14733 0.69 0.222278
14734 0.69 0.222299
14735 0.69 0.222333
14736 0.69 0.22238
14737 0.69 0.222406
14738 0.69 0.222413
14739 0.69 0.222405
14740 0.69 0.222381
14741 0.69 0.222344
14742 0.69 0.222296
14743 0.69 0.222267
14744 0.69 0.222258
14745 0.69 0.222264
14746 0.69 0.222286
14747 0.69 0.22229
14748 0.69 0.222278
14749 0.69 0.222252
14750 0.69 0.222212
14751 0.69 0.222161
14752 0.69 0.222099
14753 0.69 0.222028
14754 0.69 0.22198
14755 0.69 0.221952
14756 0.69 0.221942
14757 0.69 0.221918
14758 0.69 0.221881
14759 0.69 0.221831
14760 0.69 0.221771
14761 0.69 0.221702
14762 0.69 0.221623
14763 0.69 0.221569
14764 0.69 0.221535
14765 0.69 0.221489
14766 0.69 0.221432
14767 0.69 0.221365
14768 0.69 0.22132
14769 0.69 0.221296
14770 0.69 0.221258
14771 0.69 0.221209
14772 0.69 0.221148
14773 0.69 0.221079
14774 0.69 0.221
14775 0.69 0.220945
14776 0.69 0.220911
14777 0.69 0.220897
14778 0.69 0.220899
14779 0.69 0.220917
14780 0.69 0.220948
14781 0.69 0.220961
14782 0.69 0.220957
14783 0.69 0.220937
14784 0.69 0.220904
14785 0.69 0.220858
14786 0.69 0.220802
14787 0.69 0.220735
14788 0.69 0.220659
14789 0.69 0.220575
14790 0.69 0.220515
14791 0.69 0.220477
14792 0.69 0.220459
14793 0.69 0.220458
14794 0.69 0.220472
14795 0.69 0.22047
14796 0.69 0.220452
14797 0.69 0.22042
14798 0.69 0.220376
14799 0.69 0.220352
14800 0.69 0.220346
14801 0.69 0.220356
14802 0.69 0.220381
14803 0.69 0.220419
14804 0.69 0.220469
14805 0.69 0.22053
14806 0.69 0.220569
14807 0.69 0.220588
14808 0.69 0.22059
14809 0.69 0.220576
14810 0.69 0.220579
14811 0.69 0.220597
14812 0.69 0.220629
14813 0.69 0.220674
14814 0.69 0.220698
14815 0.69 0.220705
14816 0.69 0.220695
14817 0.69 0.22067
14818 0.69 0.220664
14819 0.69 0.220673
14820 0.69 0.220698
14821 0.69 0.220704
14822 0.69 0.220694
14823 0.69 0.220701
14824 0.69 0.220723
14825 0.69 0.220758
14826 0.69 0.220774
14827 0.69 0.220773
14828 0.69 0.220787
14829 0.69 0.220785
14830 0.69 0.220767
14831 0.69 0.220735
14832 0.69 0.220722
14833 0.69 0.220726
14834 0.69 0.220745
14835 0.69 0.220778
14836 0.69 0.220792
14837 0.69 0.220789
14838 0.69 0.220771
14839 0.69 0.22077
14840 0.69 0.220784
14841 0.69 0.220814
14842 0.69 0.220855
14843 0.69 0.220909
14844 0.69 0.220973
14845 0.69 0.221046
14846 0.69 0.221127
14847 0.69 0.221185
14848 0.69 0.221221
14849 0.69 0.221269
14850 0.69 0.221329
14851 0.69 0.221397
14852 0.69 0.221475
14853 0.69 0.221561
14854 0.69 0.221653
14855 0.69 0.221752
14856 0.69 0.221857
14857 0.69 0.221967
14858 0.69 0.222082
14859 0.69 0.22217
14860 0.69 0.222233
14861 0.69 0.222274
14862 0.69 0.222295
14863 0.69 0.222299
14864 0.69 0.222286
14865 0.69 0.222259
14866 0.69 0.222251
14867 0.69 0.222259
14868 0.69 0.222281
14869 0.69 0.222318
14870 0.69 0.222366
14871 0.69 0.222393
14872 0.69 0.222403
14873 0.69 0.222395
14874 0.69 0.222373
14875 0.69 0.222338
14876 0.69 0.22229
14877 0.69 0.222231
14878 0.69 0.222163
14879 0.69 0.222117
14880 0.69 0.222091
14881 0.69 0.222084
14882 0.69 0.222093
14883 0.69 0.222085
14884 0.69 0.222063
14885 0.69 0.222027
14886 0.69 0.221979
14887 0.69 0.22192
14888 0.69 0.221851
14889 0.69 0.221805
14890 0.69 0.22178
14891 0.69 0.221772
14892 0.69 0.221781
14893 0.69 0.221804
14894 0.69 0.22181
14895 0.69 0.221799
14896 0.69 0.221774
14897 0.69 0.221767
14898 0.69 0.221776
14899 0.69 0.2218
14900 0.69 0.221837
14901 0.69 0.221855
14902 0.69 0.221856
14903 0.69 0.221841
14904 0.69 0.221811
14905 0.69 0.221769
14906 0.69 0.221716
14907 0.69 0.221652
14908 0.69 0.22161
14909 0.69 0.221588
14910 0.69 0.221584
14911 0.69 0.221596
14912 0.69 0.221591
14913 0.69 0.221571
14914 0.69 0.221537
14915 0.69 0.221492
14916 0.69 0.221435
14917 0.69 0.221368
14918 0.69 0.221292
14919 0.69 0.221239
14920 0.69 0.221208
14921 0.69 0.221195
14922 0.69 0.221199
14923 0.69 0.221187
14924 0.69 0.22116
14925 0.69 0.221121
14926 0.69 0.22107
14927 0.69 0.221008
14928 0.69 0.220937
14929 0.69 0.220889
14930 0.69 0.220861
14931 0.69 0.220852
14932 0.69 0.220828
14933 0.69 0.22079
14934 0.69 0.220741
14935 0.69 0.220681
14936 0.69 0.220612
14937 0.69 0.220565
14938 0.69 0.220538
14939 0.69 0.22053
14940 0.69 0.220507
14941 0.69 0.22047
14942 0.69 0.220422
14943 0.69 0.220363
14944 0.69 0.220294
14945 0.69 0.220248
14946 0.69 0.220222
14947 0.69 0.220182
14948 0.69 0.220132
14949 0.69 0.220102
14950 0.69 0.220059
14951 0.69 0.220005
14952 0.69 0.219972
14953 0.69 0.219927
14954 0.69 0.219902
14955 0.69 0.219863
14956 0.69 0.219813
14957 0.69 0.219753
14958 0.69 0.219714
14959 0.69 0.219694
14960 0.69 0.219661
14961 0.69 0.219616
14962 0.69 0.219559
14963 0.69 0.219493
14964 0.69 0.219449
14965 0.69 0.219425
14966 0.69 0.219419
14967 0.69 0.219398
14968 0.69 0.219363
14969 0.69 0.219316
14970 0.69 0.219259
14971 0.69 0.219191
14972 0.69 0.219115
14973 0.69 0.219062
14974 0.69 0.21903
14975 0.69 0.219016
14976 0.69 0.218989
14977 0.69 0.218948
14978 0.69 0.218897
14979 0.69 0.218834
14980 0.69 0.218763
14981 0.69 0.218714
14982 0.69 0.218685
14983 0.69 0.218675
14984 0.69 0.218651
14985 0.69 0.218613
14986 0.69 0.218563
14987 0.69 0.218503
14988 0.69 0.218434
14989 0.69 0.218386
14990 0.69 0.21836
14991 0.69 0.21832
14992 0.69 0.218268
14993 0.69 0.218238
14994 0.69 0.218195
14995 0.69 0.21814
14996 0.69 0.218076
14997 0.69 0.218033
14998 0.69 0.218011
14999 0.69 0.217975
15000 0.69 0.217927
