14000 0.927913 0.225257
14001 0.927924 0.225249
14002 0.927947 0.225234
14003 0.927954 0.225226
14004 0.927946 0.225226
14005 0.927924 0.225232
14006 0.92789 0.225244
14007 0.927846 0.225261
14008 0.927819 0.225269
14009 0.927809 0.225268
14010 0.927813 0.225259
14011 0.927829 0.225243
14012 0.927858 0.22522
14013 0.927884 0.225216
14014 0.927907 0.225227
14015 0.927927 0.225253
14016 0.927946 0.225292
14017 0.927963 0.225342
14018 0.927978 0.225403
14019 0.927992 0.225442
14020 0.928004 0.225462
14021 0.928014 0.225464
14022 0.928024 0.225451
14023 0.928032 0.225423
14024 0.92804 0.225414
14025 0.928047 0.225421
14026 0.928053 0.225443
14027 0.928058 0.225478
14028 0.928077 0.225502
14029 0.928106 0.225516
14030 0.928147 0.22552
14031 0.928196 0.225516
14032 0.928255 0.225505
14033 0.92832 0.225487
14034 0.928365 0.225477
14035 0.928392 0.225475
14036 0.928402 0.22548
14037 0.928396 0.225491
14038 0.928377 0.225507
14039 0.928346 0.225528
14040 0.928304 0.225554
14041 0.928252 0.225584
14042 0.928205 0.225595
14043 0.928162 0.22559
14044 0.928124 0.225569
14045 0.92809 0.225535
14046 0.928059 0.225489
14047 0.928032 0.225432
14048 0.928007 0.225396
14049 0.927984 0.225379
14050 0.927978 0.225356
14051 0.927985 0.225328
14052 0.928005 0.225294
14053 0.928037 0.225256
14054 0.928078 0.225214
14055 0.928129 0.225168
14056 0.928189 0.225119
14057 0.928255 0.225067
14058 0.928316 0.225036
14059 0.92837 0.225023
14060 0.928404 0.225018
14061 0.928421 0.225021
14062 0.928423 0.22503
14063 0.92841 0.225044
14064 0.928385 0.225064
14065 0.928347 0.225089
14066 0.928328 0.225103
14067 0.928323 0.225108
14068 0.928332 0.225105
14069 0.928341 0.225117
14070 0.928348 0.225144
14071 0.928355 0.225183
14072 0.928361 0.225204
14073 0.928367 0.225237
14074 0.928372 0.225252
14075 0.928376 0.22525
14076 0.928366 0.225254
14077 0.928343 0.225265
14078 0.928308 0.225281
14079 0.928262 0.225302
14080 0.928207 0.225328
14081 0.928143 0.225358
14082 0.928085 0.2254
14083 0.928047 0.22543
14084 0.928026 0.225449
14085 0.92802 0.225458
14086 0.928029 0.225459
14087 0.92805 0.225451
14088 0.928083 0.225437
14089 0.928126 0.225416
14090 0.928177 0.225389
14091 0.92821 0.225371
14092 0.928225 0.225362
14093 0.928225 0.22536
14094 0.92821 0.225365
14095 0.928183 0.225376
14096 0.928144 0.225392
14097 0.928122 0.225399
14098 0.928117 0.225397
14099 0.928125 0.225388
14100 0.928146 0.225371
14101 0.928164 0.225372
14102 0.928181 0.225388
14103 0.928196 0.225419
14104 0.928223 0.225438
14105 0.928261 0.225448
14106 0.928309 0.225449
14107 0.928365 0.225441
14108 0.928401 0.225442
14109 0.92842 0.225448
14110 0.928423 0.225461
14111 0.928411 0.225479
14112 0.928414 0.225488
14113 0.92843 0.225488
14114 0.928458 0.22548
14115 0.928497 0.225465
14116 0.928546 0.225443
14117 0.928575 0.225431
14118 0.928587 0.225426
14119 0.928585 0.225429
14120 0.928568 0.225438
14121 0.928566 0.225438
14122 0.928578 0.225431
14123 0.928603 0.225416
14124 0.928638 0.225395
14125 0.928656 0.225383
14126 0.928672 0.225388
14127 0.9287 0.225384
14128 0.928739 0.225373
14129 0.92876 0.22537
14130 0.928765 0.225374
14131 0.928755 0.225385
14132 0.928732 0.225401
14133 0.928725 0.225408
14134 0.928732 0.225407
14135 0.928725 0.225412
14136 0.928704 0.225424
14137 0.928671 0.225441
14138 0.928655 0.225449
14139 0.928654 0.225448
14140 0.928667 0.225439
14141 0.928692 0.225423
14142 0.928714 0.225424
14143 0.928734 0.225441
14144 0.928738 0.225463
14145 0.928728 0.22549
14146 0.928704 0.22552
14147 0.928669 0.225555
14148 0.928624 0.225592
14149 0.928596 0.225618
14150 0.928584 0.225634
14151 0.928588 0.22564
14152 0.928604 0.225638
14153 0.928632 0.225628
14154 0.928671 0.225611
14155 0.92872 0.225588
14156 0.928777 0.225559
14157 0.928842 0.225526
14158 0.928914 0.225487
14159 0.928965 0.22546
14160 0.928996 0.225442
14161 0.92901 0.225433
14162 0.929009 0.225432
14163 0.928994 0.225437
14164 0.928967 0.225449
14165 0.928928 0.225467
14166 0.928879 0.225489
14167 0.928821 0.225517
14168 0.928782 0.225533
14169 0.92876 0.22554
14170 0.928754 0.225539
14171 0.928763 0.22553
14172 0.928783 0.225513
14173 0.928788 0.225505
14174 0.928778 0.225505
14175 0.928755 0.225511
14176 0.92872 0.225524
14177 0.928675 0.225542
14178 0.92862 0.225565
14179 0.928556 0.225592
14180 0.928512 0.225609
14181 0.928486 0.225616
14182 0.928477 0.225615
14183 0.928454 0.22562
14184 0.928419 0.225631
14185 0.928373 0.225648
14186 0.928345 0.225655
14187 0.928334 0.225654
14188 0.92831 0.225659
14189 0.928288 0.225679
14190 0.928268 0.225713
14191 0.92825 0.225759
14192 0.928234 0.225817
14193 0.928233 0.22586
14194 0.928246 0.225891
14195 0.928257 0.225935
14196 0.928267 0.22599
14197 0.928276 0.226055
14198 0.928298 0.226106
14199 0.928317 0.226167
14200 0.928335 0.226238
14201 0.928364 0.226293
14202 0.928404 0.226336
14203 0.928453 0.226366
14204 0.928511 0.226386
14205 0.928576 0.226396
14206 0.928649 0.226397
14207 0.928727 0.22639
14208 0.928798 0.226368
14209 0.928848 0.226356
14210 0.928879 0.226351
14211 0.928893 0.226354
14212 0.928891 0.226364
14213 0.928904 0.226365
14214 0.928901 0.226372
14215 0.928884 0.226386
14216 0.928855 0.226406
14217 0.928815 0.22643
14218 0.928793 0.226444
14219 0.928772 0.226472
14220 0.928768 0.22649
14221 0.928764 0.226522
14222 0.928774 0.226543
14223 0.928769 0.226569
14224 0.92875 0.226599
14225 0.928719 0.226633
14226 0.928705 0.226655
14227 0.928706 0.226668
14228 0.928721 0.226672
14229 0.928734 0.226691
14230 0.928745 0.226724
14231 0.92877 0.226746
14232 0.928805 0.226758
14233 0.928837 0.226754
14234 0.928865 0.226734
14235 0.928891 0.226701
14236 0.928914 0.226655
14237 0.928935 0.226598
14238 0.928954 0.226563
14239 0.928971 0.226516
14240 0.928986 0.226457
14241 0.929 0.226389
14242 0.929013 0.226313
14243 0.929024 0.226259
14244 0.929034 0.226195
14245 0.929043 0.226122
14246 0.929052 0.226041
14247 0.929059 0.225983
14248 0.929052 0.225938
14249 0.929031 0.225905
14250 0.928999 0.225882
14251 0.928956 0.225868
14252 0.928903 0.225862
14253 0.928841 0.225864
14254 0.928772 0.225872
14255 0.928695 0.225887
14256 0.928626 0.225915
14257 0.928578 0.225933
14258 0.928548 0.225942
14259 0.928534 0.225941
14260 0.928522 0.225957
14261 0.928511 0.225986
14262 0.928501 0.226029
14263 0.928492 0.226082
14264 0.928483 0.226115
14265 0.928476 0.22616
14266 0.928483 0.226192
14267 0.928503 0.226214
14268 0.928534 0.226226
14269 0.928562 0.226252
14270 0.928588 0.226291
14271 0.928624 0.226319
14272 0.92867 0.226336
14273 0.928698 0.226358
14274 0.928709 0.226385
14275 0.928705 0.226416
14276 0.928687 0.22645
14277 0.928684 0.226474
14278 0.928695 0.226487
14279 0.928706 0.226483
14280 0.928715 0.226465
14281 0.928723 0.226432
14282 0.928731 0.226387
14283 0.928724 0.226354
14284 0.928718 0.226339
14285 0.928712 0.226341
14286 0.928707 0.226359
14287 0.928702 0.22636
14288 0.928698 0.226344
14289 0.928695 0.226315
14290 0.928678 0.226296
14291 0.928648 0.226285
14292 0.928635 0.226267
14293 0.928637 0.226244
14294 0.928652 0.226215
14295 0.928679 0.226181
14296 0.928703 0.226166
14297 0.928725 0.226168
14298 0.928745 0.226186
14299 0.928763 0.226217
14300 0.928792 0.226237
14301 0.928832 0.226248
14302 0.928881 0.22625
14303 0.928912 0.226258
14304 0.928925 0.226273
14305 0.928924 0.226293
14306 0.928908 0.226318
14307 0.928894 0.226325
14308 0.928881 0.226315
14309 0.92887 0.226291
14310 0.92886 0.226253
14311 0.92885 0.226204
14312 0.928842 0.226176
14313 0.928834 0.226165
14314 0.928827 0.226141
14315 0.928821 0.226103
14316 0.928816 0.226053
14317 0.92881 0.225992
14318 0.928806 0.225922
14319 0.928802 0.225875
14320 0.928798 0.225848
14321 0.928794 0.225839
14322 0.92879 0.225847
14323 0.928787 0.225869
14324 0.928784 0.225874
14325 0.928782 0.225863
14326 0.928779 0.225837
14327 0.928777 0.225798
14328 0.928775 0.225747
14329 0.928773 0.225686
14330 0.928771 0.225647
14331 0.928769 0.225627
14332 0.928767 0.225624
14333 0.928766 0.225607
14334 0.928764 0.225606
14335 0.928762 0.225622
14336 0.928761 0.225651
14337 0.92876 0.225662
14338 0.928758 0.225656
14339 0.928757 0.225635
14340 0.928756 0.225632
14341 0.928755 0.225645
14342 0.928754 0.225672
14343 0.928766 0.225689
14344 0.928791 0.225696
14345 0.928827 0.225694
14346 0.928873 0.225685
14347 0.928914 0.225692
14348 0.928937 0.225706
14349 0.928944 0.225725
14350 0.92895 0.225757
14351 0.928955 0.225802
14352 0.92896 0.225859
14353 0.928965 0.225925
14354 0.928969 0.225969
14355 0.928972 0.225993
14356 0.928976 0.225999
14357 0.928978 0.226019
14358 0.928981 0.226054
14359 0.928983 0.226101
14360 0.928985 0.226127
14361 0.928987 0.226135
14362 0.928988 0.226158
14363 0.92899 0.226194
14364 0.928991 0.226211
14365 0.928992 0.226211
14366 0.929007 0.226203
14367 0.92902 0.226211
14368 0.929031 0.226234
14369 0.929042 0.22624
14370 0.929051 0.226229
14371 0.92906 0.226203
14372 0.929067 0.226165
14373 0.929074 0.226114
14374 0.929081 0.226084
14375 0.929086 0.226073
14376 0.929091 0.226079
14377 0.929096 0.2261
14378 0.929113 0.22611
14379 0.929142 0.226112
14380 0.929169 0.22613
14381 0.929192 0.226161
14382 0.929213 0.226173
14383 0.929233 0.2262
14384 0.92925 0.22624
14385 0.929251 0.226283
14386 0.929239 0.226328
14387 0.929214 0.226376
14388 0.929191 0.226404
14389 0.92917 0.226413
14390 0.929152 0.226406
14391 0.929135 0.226415
14392 0.92912 0.226439
14393 0.929093 0.226467
14394 0.929068 0.226508
14395 0.929046 0.226561
14396 0.929026 0.226624
14397 0.929021 0.226673
14398 0.929017 0.226701
14399 0.929013 0.226711
14400 0.92901 0.226704
14401 0.929007 0.226683
14402 0.929018 0.226655
14403 0.929041 0.226623
14404 0.929076 0.226586
14405 0.929121 0.226545
14406 0.929161 0.226524
14407 0.92921 0.226497
14408 0.929255 0.226488
14409 0.929309 0.226472
14410 0.929343 0.226465
14411 0.929374 0.226443
14412 0.929402 0.226408
14413 0.929427 0.226392
14414 0.92945 0.226393
14415 0.92947 0.226409
14416 0.929488 0.22644
14417 0.929505 0.226452
14418 0.92952 0.226478
14419 0.929533 0.226517
14420 0.929545 0.226568
14421 0.929556 0.226599
14422 0.929565 0.22661
14423 0.929574 0.226605
14424 0.929582 0.226585
14425 0.929589 0.226582
14426 0.929595 0.226595
14427 0.929601 0.226623
14428 0.929593 0.226655
14429 0.929571 0.226691
14430 0.929551 0.226708
14431 0.929534 0.226707
14432 0.929518 0.226691
14433 0.929504 0.226661
14434 0.929477 0.226641
14435 0.929439 0.22663
14436 0.929391 0.226627
14437 0.929347 0.22664
14438 0.929308 0.226668
14439 0.929273 0.226708
14440 0.929242 0.226761
14441 0.929213 0.226823
14442 0.929187 0.226895
14443 0.929164 0.226975
14444 0.929157 0.22704
14445 0.929164 0.22709
14446 0.929184 0.227128
14447 0.929215 0.227154
14448 0.929244 0.227161
14449 0.929269 0.227153
14450 0.929306 0.227137
14451 0.929339 0.227139
14452 0.929382 0.227132
14453 0.929421 0.227111
14454 0.929456 0.227076
14455 0.929487 0.227029
14456 0.929516 0.227003
14457 0.929528 0.226986
14458 0.929524 0.226978
14459 0.929507 0.226978
14460 0.929492 0.226962
14461 0.929492 0.22694
14462 0.929506 0.226913
14463 0.929532 0.22688
14464 0.929555 0.226867
14465 0.929575 0.22687
14466 0.929594 0.226889
14467 0.929611 0.226921
14468 0.929626 0.226966
14469 0.92964 0.226991
14470 0.929652 0.226997
14471 0.929663 0.226987
14472 0.929673 0.226963
14473 0.929682 0.226957
14474 0.92969 0.226967
14475 0.929697 0.226991
14476 0.929717 0.227006
14477 0.929749 0.227011
14478 0.929791 0.227007
14479 0.929842 0.226997
14480 0.929888 0.226971
14481 0.92993 0.226933
14482 0.929967 0.226883
14483 0.930001 0.226853
14484 0.930031 0.226843
14485 0.930058 0.226848
14486 0.930083 0.226869
14487 0.930105 0.226904
14488 0.930125 0.226919
14489 0.930143 0.226949
14490 0.930145 0.226982
14491 0.930134 0.22702
14492 0.930123 0.227039
14493 0.930127 0.227048
14494 0.930145 0.227048
14495 0.930146 0.227056
14496 0.930134 0.22707
14497 0.930109 0.22709
14498 0.930073 0.227116
14499 0.930027 0.227146
14500 0.929971 0.227181
14501 0.929908 0.227219
14502 0.92985 0.227238
14503 0.929798 0.22724
14504 0.929752 0.227225
14505 0.92971 0.227197
14506 0.929672 0.227155
14507 0.929637 0.227134
14508 0.929606 0.22713
14509 0.929579 0.227142
14510 0.929567 0.227146
14511 0.92957 0.22714
14512 0.929587 0.227128
14513 0.929615 0.227109
14514 0.929654 0.227083
14515 0.929689 0.227076
14516 0.92972 0.227086
14517 0.929748 0.22711
14518 0.929787 0.227123
14519 0.929836 0.227128
14520 0.929893 0.227124
14521 0.929958 0.227112
14522 0.930029 0.227094
14523 0.930094 0.227093
14524 0.930152 0.227108
14525 0.930205 0.227137
14526 0.930252 0.227178
14527 0.93028 0.227223
14528 0.930292 0.227271
14529 0.930289 0.227322
14530 0.930287 0.227352
14531 0.930284 0.227363
14532 0.930282 0.227358
14533 0.93028 0.227337
14534 0.930278 0.227335
14535 0.93029 0.227324
14536 0.930315 0.227307
14537 0.93035 0.227284
14538 0.930396 0.227255
14539 0.930437 0.227244
14540 0.930474 0.227219
14541 0.930493 0.227205
14542 0.930497 0.227199
14543 0.930487 0.227201
14544 0.930491 0.227196
14545 0.930509 0.227183
14546 0.930538 0.227163
14547 0.930551 0.227153
14548 0.930548 0.227152
14549 0.930533 0.227158
14550 0.930505 0.227171
14551 0.930466 0.227191
14552 0.930417 0.227216
14553 0.930359 0.227246
14554 0.930294 0.22728
14555 0.930221 0.227319
14556 0.930169 0.227346
14557 0.930122 0.227385
14558 0.93008 0.227437
14559 0.930055 0.227475
14560 0.930033 0.227525
14561 0.930027 0.227563
14562 0.930035 0.227588
14563 0.930056 0.227604
14564 0.930088 0.227609
14565 0.930117 0.22763
14566 0.930156 0.227641
14567 0.930205 0.227643
14568 0.930263 0.227637
14569 0.930315 0.227647
14570 0.930362 0.227671
14571 0.930404 0.227709
14572 0.930455 0.227736
14573 0.930515 0.227751
14574 0.930555 0.227773
14575 0.930578 0.2278
14576 0.930598 0.227809
14577 0.930616 0.227801
14578 0.930632 0.227779
14579 0.930647 0.227742
14580 0.930646 0.227718
14581 0.930632 0.227703
14582 0.930606 0.227697
14583 0.930582 0.227708
14584 0.930561 0.227733
14585 0.930541 0.22774
14586 0.930524 0.227731
14587 0.930509 0.227707
14588 0.930509 0.227677
14589 0.930522 0.227643
14590 0.930547 0.227604
14591 0.930584 0.227562
14592 0.930603 0.227531
14593 0.930607 0.227511
14594 0.930596 0.2275
14595 0.930573 0.227498
14596 0.930538 0.227504
14597 0.930493 0.227517
14598 0.930439 0.227536
14599 0.930404 0.227546
14600 0.930386 0.227546
14601 0.930383 0.227539
14602 0.930367 0.22754
14603 0.930338 0.227548
14604 0.930299 0.227563
14605 0.930277 0.227569
14606 0.930271 0.227566
14607 0.930252 0.227571
14608 0.930221 0.227583
14609 0.930206 0.227585
14610 0.930207 0.22758
14611 0.930221 0.227567
14612 0.93022 0.227563
14613 0.930205 0.227567
14614 0.930178 0.227578
14615 0.930167 0.22758
14616 0.930171 0.227574
14617 0.930187 0.22756
14618 0.930216 0.22754
14619 0.930256 0.227514
14620 0.930277 0.227498
14621 0.930283 0.227491
14622 0.930274 0.227493
14623 0.930252 0.227501
14624 0.930219 0.227516
14625 0.930175 0.227537
14626 0.930122 0.227563
14627 0.930087 0.227579
14628 0.93007 0.227585
14629 0.930067 0.227582
14630 0.930079 0.227572
14631 0.930089 0.227578
14632 0.930098 0.2276
14633 0.930106 0.227634
14634 0.930114 0.227682
14635 0.930134 0.227716
14636 0.930165 0.227739
14637 0.93018 0.227767
14638 0.930179 0.227799
14639 0.930165 0.227836
14640 0.930165 0.227861
14641 0.930166 0.227899
14642 0.930166 0.227949
14643 0.930166 0.22801
14644 0.930167 0.22808
14645 0.93018 0.228135
14646 0.930206 0.228177
14647 0.930243 0.228206
14648 0.930262 0.22824
14649 0.930293 0.228262
14650 0.930334 0.228275
14651 0.930357 0.228293
14652 0.930364 0.228317
14653 0.930357 0.228346
14654 0.930336 0.22838
14655 0.930331 0.228402
14656 0.93034 0.228414
14657 0.930348 0.228441
14658 0.930369 0.228457
14659 0.930401 0.228463
14660 0.930444 0.22846
14661 0.930495 0.22845
14662 0.930528 0.228448
14663 0.930544 0.228455
14664 0.930544 0.228468
14665 0.930531 0.228487
14666 0.930505 0.228512
14667 0.930468 0.228542
14668 0.930448 0.228561
14669 0.930444 0.22857
14670 0.930454 0.22857
14671 0.930448 0.228577
14672 0.93043 0.228592
14673 0.930427 0.228597
14674 0.930438 0.228593
14675 0.930447 0.228606
14676 0.930456 0.228633
14677 0.930478 0.228649
14678 0.930483 0.228671
14679 0.930474 0.228699
14680 0.93048 0.228716
14681 0.930498 0.228723
14682 0.930528 0.228721
14683 0.930569 0.228712
14684 0.930592 0.228711
14685 0.930599 0.228718
14686 0.930591 0.228731
14687 0.930598 0.228736
14688 0.930617 0.228732
14689 0.930621 0.228736
14690 0.930611 0.228747
14691 0.930588 0.228765
14692 0.930554 0.228788
14693 0.930509 0.228817
14694 0.930483 0.228835
14695 0.930472 0.228843
14696 0.930463 0.228866
14697 0.930441 0.228895
14698 0.930407 0.228928
14699 0.93039 0.22895
14700 0.930389 0.228961
14701 0.930374 0.228979
14702 0.930346 0.229003
14703 0.930335 0.229017
14704 0.930311 0.229036
14705 0.930276 0.229061
14706 0.930258 0.229076
14707 0.930255 0.229081
14708 0.930266 0.229078
14709 0.930262 0.229083
14710 0.930245 0.229094
14711 0.930243 0.229097
14712 0.930255 0.229091
14713 0.930265 0.229101
14714 0.930274 0.229127
14715 0.930296 0.229141
14716 0.93033 0.229147
14717 0.930373 0.229143
14718 0.930426 0.229133
14719 0.930459 0.229131
14720 0.930476 0.229136
14721 0.930477 0.229149
14722 0.930465 0.229168
14723 0.930467 0.229177
14724 0.930455 0.229193
14725 0.930431 0.229215
14726 0.930395 0.229242
14727 0.930363 0.229282
14728 0.930334 0.229334
14729 0.930309 0.229396
14730 0.930299 0.229444
14731 0.930304 0.22948
14732 0.930321 0.229504
14733 0.930323 0.229533
14734 0.930312 0.229566
14735 0.930287 0.229604
14736 0.930251 0.229645
14737 0.930205 0.22969
14738 0.930178 0.229722
14739 0.930166 0.229743
14740 0.930142 0.22977
14741 0.93012 0.229809
14742 0.9301 0.22986
14743 0.930082 0.229922
14744 0.93008 0.229969
14745 0.930091 0.230004
14746 0.930115 0.230028
14747 0.93015 0.230041
14748 0.930195 0.230045
14749 0.930235 0.230064
14750 0.930271 0.230097
14751 0.930304 0.230142
14752 0.930333 0.230167
14753 0.930359 0.230174
14754 0.930383 0.230165
14755 0.930404 0.230141
14756 0.930423 0.230135
14757 0.93044 0.230145
14758 0.930455 0.230138
14759 0.930469 0.230117
14760 0.930481 0.230082
14761 0.930492 0.230066
14762 0.930501 0.230067
14763 0.93051 0.230053
14764 0.930517 0.230056
14765 0.930524 0.230074
14766 0.93053 0.230074
14767 0.930536 0.230059
14768 0.93054 0.230061
14769 0.930544 0.230079
14770 0.930548 0.23011
14771 0.930551 0.230154
14772 0.930554 0.230178
14773 0.930556 0.230184
14774 0.930558 0.230174
14775 0.93056 0.230149
14776 0.930562 0.230142
14777 0.930563 0.230151
14778 0.930564 0.230175
14779 0.930564 0.230181
14780 0.930565 0.230171
14781 0.930565 0.230146
14782 0.930565 0.230108
14783 0.930566 0.230059
14784 0.930565 0.229998
14785 0.930565 0.229959
14786 0.930565 0.22994
14787 0.930564 0.229938
14788 0.930564 0.229921
14789 0.930563 0.229921
14790 0.930562 0.229937
14791 0.930561 0.229967
14792 0.93056 0.229979
14793 0.93056 0.229973
14794 0.930559 0.229952
14795 0.930558 0.229918
14796 0.930557 0.229903
14797 0.930556 0.229905
14798 0.930555 0.229922
14799 0.930554 0.229954
14800 0.930554 0.229967
14801 0.930566 0.22997
14802 0.930591 0.229965
14803 0.930628 0.229953
14804 0.930674 0.229934
14805 0.930729 0.229909
14806 0.930764 0.229894
14807 0.930783 0.229889
14808 0.930786 0.229891
14809 0.930774 0.229901
14810 0.930751 0.229917
14811 0.930715 0.22994
14812 0.93067 0.229968
14813 0.930615 0.23
14814 0.93058 0.230022
14815 0.930561 0.230033
14816 0.930558 0.230036
14817 0.930542 0.230046
14818 0.930513 0.230062
14819 0.930474 0.230085
14820 0.930425 0.230113
14821 0.930394 0.23013
14822 0.93038 0.230138
14823 0.930381 0.230137
14824 0.930369 0.230144
14825 0.930357 0.230165
14826 0.930347 0.230201
14827 0.930337 0.230248
14828 0.930329 0.230307
14829 0.930321 0.230375
14830 0.930314 0.230452
14831 0.930308 0.230505
14832 0.930302 0.230538
14833 0.930297 0.230552
14834 0.930293 0.23058
14835 0.930289 0.230621
14836 0.930285 0.230673
14837 0.930281 0.230705
14838 0.930278 0.230717
14839 0.930275 0.230713
14840 0.930273 0.230694
14841 0.93027 0.230692
14842 0.930268 0.230706
14843 0.930279 0.230711
14844 0.930303 0.230707
14845 0.930338 0.230696
14846 0.930369 0.230702
14847 0.930397 0.230723
14848 0.930423 0.230758
14849 0.930459 0.230781
14850 0.930491 0.230786
14851 0.93052 0.230775
14852 0.930547 0.23075
14853 0.930571 0.230711
14854 0.930592 0.23066
14855 0.930612 0.230599
14856 0.930629 0.230529
14857 0.930645 0.230449
14858 0.93066 0.230394
14859 0.930672 0.230359
14860 0.930684 0.230344
14861 0.930694 0.230346
14862 0.930703 0.230364
14863 0.930711 0.230364
14864 0.930719 0.230348
14865 0.930725 0.230318
14866 0.930731 0.230307
14867 0.930737 0.230313
14868 0.930741 0.230334
14869 0.930745 0.230368
14870 0.930749 0.230383
14871 0.930753 0.230381
14872 0.930756 0.230364
14873 0.930759 0.230333
14874 0.930761 0.230289
14875 0.930763 0.230265
14876 0.930765 0.230259
14877 0.930767 0.230238
14878 0.930769 0.230204
14879 0.930771 0.230157
14880 0.930772 0.2301
14881 0.930773 0.230032
14882 0.930774 0.229987
14883 0.930762 0.229954
14884 0.930737 0.229931
14885 0.9307 0.229919
14886 0.930654 0.229916
14887 0.930598 0.22992
14888 0.930534 0.229932
14889 0.930463 0.229949
14890 0.930385 0.229973
14891 0.930315 0.229979
14892 0.930252 0.229968
14893 0.930195 0.229943
14894 0.930144 0.229936
14895 0.930098 0.229945
14896 0.930056 0.22997
14897 0.930019 0.229976
14898 0.929985 0.229965
14899 0.929954 0.229972
14900 0.929926 0.229993
14901 0.929901 0.230028
14902 0.929878 0.230075
14903 0.929857 0.230134
14904 0.929838 0.230202
14905 0.929821 0.230279
14906 0.929805 0.230364
14907 0.929791 0.230424
14908 0.929778 0.230463
14909 0.929766 0.230483
14910 0.929769 0.230492
14911 0.929786 0.230493
14912 0.9298 0.23051
14913 0.929813 0.23054
14914 0.929824 0.230584
14915 0.929834 0.230638
14916 0.929843 0.230703
14917 0.92985 0.230777
14918 0.929857 0.230828
14919 0.929863 0.230858
14920 0.929868 0.230869
14921 0.929873 0.230895
14922 0.929876 0.230934
14923 0.929879 0.230985
14924 0.929882 0.231046
14925 0.929884 0.231086
14926 0.929886 0.231106
14927 0.929887 0.231108
14928 0.929889 0.231095
14929 0.92989 0.231098
14930 0.92989 0.231117
14931 0.929891 0.231118
14932 0.929891 0.231103
14933 0.929891 0.231074
14934 0.929891 0.231033
14935 0.929891 0.231011
14936 0.929891 0.231007
14937 0.92989 0.231019
14938 0.929889 0.231015
14939 0.929888 0.230995
14940 0.929887 0.230993
14941 0.929886 0.230975
14942 0.929885 0.230975
14943 0.929884 0.23099
14944 0.929882 0.23102
14945 0.929881 0.231062
14946 0.929879 0.231085
14947 0.929877 0.231089
14948 0.929876 0.231077
14949 0.929874 0.231051
14950 0.929873 0.231043
14951 0.929871 0.231052
14952 0.929869 0.231075
14953 0.929867 0.231081
14954 0.929866 0.23107
14955 0.929864 0.231044
14956 0.929862 0.231037
14957 0.92986 0.231046
14958 0.929858 0.23107
14959 0.929856 0.231108
14960 0.929854 0.231157
14961 0.929852 0.231217
14962 0.929849 0.231286
14963 0.929847 0.231333
14964 0.929844 0.231391
14965 0.929842 0.231459
14966 0.929839 0.231536
14967 0.929837 0.231621
14968 0.929834 0.231681
14969 0.929832 0.23172
14970 0.92983 0.231739
14971 0.929827 0.231772
14972 0.929825 0.231818
14973 0.929823 0.231874
14974 0.929821 0.23191
14975 0.929819 0.231926
14976 0.929817 0.231956
14977 0.929814 0.231999
14978 0.929812 0.232053
14979 0.92981 0.232086
14980 0.929808 0.2321
14981 0.929806 0.232097
14982 0.929804 0.232078
14983 0.929802 0.232046
14984 0.929801 0.232002
14985 0.929799 0.231977
14986 0.929797 0.231971
14987 0.929795 0.231981
14988 0.929793 0.232005
14989 0.92979 0.232043
14990 0.929788 0.232061
14991 0.929786 0.232062
14992 0.929784 0.232047
14993 0.929782 0.232018
14994 0.92978 0.232008
14995 0.929778 0.232014
14996 0.929775 0.232035
14997 0.929773 0.23207
14998 0.929771 0.232086
14999 0.929769 0.232084
15000 0.929767 0.232067
