14000 0.926962 0.0991157
14001 0.926989 0.0990904
14002 0.927027 0.0990595
14003 0.927046 0.0990378
14004 0.92705 0.0990244
14005 0.927038 0.0990183
14006 0.927014 0.0990189
14007 0.926978 0.0990255
14008 0.926959 0.0990234
14009 0.926954 0.0990135
14010 0.926936 0.0990107
14011 0.926906 0.0990142
14012 0.926892 0.0990246
14013 0.926894 0.0990413
14014 0.926908 0.0990635
14015 0.926936 0.0990909
14016 0.926974 0.0991227
14017 0.927021 0.0991587
14018 0.927078 0.0991983
14019 0.927143 0.0992412
14020 0.927215 0.0992872
14021 0.927265 0.0993347
14022 0.927297 0.0993837
14023 0.927311 0.099434
14024 0.927309 0.0994856
14025 0.927294 0.0995383
14026 0.92728 0.0995702
14027 0.927267 0.0995835
14028 0.927255 0.09958
14029 0.927244 0.0995614
14030 0.927234 0.0995292
14031 0.927225 0.0994847
14032 0.92723 0.0994367
14033 0.927248 0.0993856
14034 0.927249 0.0993457
14035 0.927237 0.0993161
14036 0.927211 0.0992957
14037 0.927174 0.0992834
14038 0.927126 0.0992786
14039 0.927097 0.0992663
14040 0.927083 0.0992471
14041 0.927085 0.0992218
14042 0.927099 0.099191
14043 0.927098 0.0991694
14044 0.927082 0.0991561
14045 0.927054 0.0991503
14046 0.927042 0.099137
14047 0.927044 0.0991169
14048 0.927059 0.0990908
14049 0.927086 0.0990592
14050 0.927124 0.0990226
14051 0.927143 0.0989959
14052 0.927146 0.098978
14053 0.927163 0.0989539
14054 0.92719 0.0989241
14055 0.927229 0.0988892
14056 0.927276 0.0988497
14057 0.927305 0.0988204
14058 0.927316 0.0988002
14059 0.927313 0.0987883
14060 0.927295 0.0987837
14061 0.927265 0.0987859
14062 0.927224 0.098794
14063 0.9272 0.0987932
14064 0.927192 0.0987843
14065 0.927197 0.0987682
14066 0.927216 0.0987455
14067 0.927218 0.0987313
14068 0.927206 0.0987246
14069 0.927181 0.0987248
14070 0.927171 0.0987168
14071 0.927148 0.0987158
14072 0.927141 0.0987067
14073 0.927147 0.0986903
14074 0.927139 0.0986818
14075 0.927117 0.0986802
14076 0.927084 0.0986849
14077 0.927067 0.098681
14078 0.927064 0.0986693
14079 0.927075 0.0986505
14080 0.927071 0.0986397
14081 0.927053 0.0986361
14082 0.92705 0.0986246
14083 0.92706 0.0986061
14084 0.927055 0.0985955
14085 0.927036 0.098592
14086 0.927032 0.0985807
14087 0.927042 0.0985623
14088 0.927064 0.0985376
14089 0.92707 0.0985214
14090 0.92706 0.0985128
14091 0.927038 0.0985111
14092 0.927003 0.0985156
14093 0.926985 0.0985115
14094 0.926982 0.0984995
14095 0.926992 0.0984804
14096 0.926987 0.0984693
14097 0.926968 0.0984653
14098 0.926937 0.0984677
14099 0.926895 0.0984759
14100 0.926869 0.098475
14101 0.92686 0.0984658
14102 0.926864 0.0984492
14103 0.926882 0.098426
14104 0.92691 0.0983967
14105 0.926921 0.0983764
14106 0.926917 0.0983641
14107 0.926899 0.0983591
14108 0.926896 0.0983462
14109 0.926906 0.0983264
14110 0.926929 0.0983002
14111 0.926962 0.0982683
14112 0.926978 0.0982456
14113 0.926977 0.0982311
14114 0.92699 0.0982097
14115 0.927015 0.0981822
14116 0.92705 0.0981491
14117 0.927095 0.0981111
14118 0.927121 0.0980828
14119 0.92713 0.0980634
14120 0.927124 0.0980519
14121 0.927105 0.0980476
14122 0.927072 0.0980497
14123 0.927057 0.0980433
14124 0.927056 0.0980293
14125 0.927068 0.0980084
14126 0.927092 0.0979812
14127 0.927099 0.0979628
14128 0.927091 0.0979522
14129 0.92707 0.0979487
14130 0.927037 0.0979515
14131 0.926992 0.0979601
14132 0.926965 0.0979595
14133 0.926954 0.0979505
14134 0.926957 0.097934
14135 0.926973 0.0979108
14136 0.927 0.0978814
14137 0.927037 0.0978466
14138 0.927057 0.0978213
14139 0.92706 0.0978045
14140 0.927049 0.0977955
14141 0.927024 0.0977933
14142 0.926987 0.0977973
14143 0.92694 0.0978069
14144 0.926883 0.0978215
14145 0.926845 0.0978262
14146 0.926824 0.0978219
14147 0.926818 0.0978096
14148 0.926826 0.0977901
14149 0.926846 0.0977641
14150 0.926877 0.0977321
14151 0.926917 0.0976949
14152 0.926967 0.097653
14153 0.927025 0.0976068
14154 0.927063 0.0975711
14155 0.927082 0.097545
14156 0.927086 0.0975275
14157 0.927074 0.0975176
14158 0.92705 0.0975148
14159 0.927013 0.0975182
14160 0.926966 0.0975273
14161 0.926937 0.097527
14162 0.926923 0.0975182
14163 0.926924 0.0975018
14164 0.926938 0.0974786
14165 0.926963 0.0974492
14166 0.926999 0.0974142
14167 0.927017 0.0973886
14168 0.927019 0.0973715
14169 0.927006 0.0973621
14170 0.92698 0.0973595
14171 0.926942 0.097363
14172 0.926922 0.0973577
14173 0.926916 0.0973445
14174 0.926924 0.097324
14175 0.926944 0.0972971
14176 0.926975 0.0972643
14177 0.926988 0.0972407
14178 0.926986 0.0972252
14179 0.92697 0.0972172
14180 0.926941 0.0972157
14181 0.9269 0.0972202
14182 0.926876 0.0972158
14183 0.926868 0.0972033
14184 0.926874 0.0971836
14185 0.926892 0.0971573
14186 0.926921 0.0971251
14187 0.926933 0.097102
14188 0.926929 0.0970869
14189 0.926912 0.0970791
14190 0.926909 0.0970635
14191 0.926919 0.0970409
14192 0.926914 0.0970264
14193 0.926895 0.0970191
14194 0.926863 0.0970182
14195 0.926847 0.0970089
14196 0.926847 0.0969919
14197 0.926859 0.0969681
14198 0.926855 0.0969523
14199 0.926837 0.0969439
14200 0.926807 0.0969421
14201 0.926765 0.0969462
14202 0.926741 0.0969412
14203 0.926731 0.0969282
14204 0.926736 0.0969078
14205 0.926726 0.0968952
14206 0.926702 0.0968896
14207 0.926693 0.0968758
14208 0.926699 0.0968548
14209 0.926689 0.0968416
14210 0.926666 0.0968354
14211 0.926631 0.0968355
14212 0.926612 0.0968269
14213 0.926607 0.0968105
14214 0.926616 0.0967869
14215 0.926639 0.0967724
14216 0.926644 0.0967651
14217 0.926635 0.0967642
14218 0.926612 0.0967691
14219 0.926576 0.0967792
14220 0.926558 0.0967796
14221 0.926555 0.0967867
14222 0.926566 0.0967998
14223 0.926589 0.0968029
14224 0.926595 0.0968113
14225 0.926614 0.0968102
14226 0.926644 0.0968004
14227 0.926656 0.0967972
14228 0.926652 0.0968
14229 0.926662 0.0967938
14230 0.926656 0.0967939
14231 0.926636 0.0967996
14232 0.926632 0.0968115
14233 0.926643 0.096829
14234 0.926665 0.0968361
14235 0.926698 0.0968337
14236 0.926741 0.0968227
14237 0.926765 0.0968186
14238 0.926772 0.0968206
14239 0.926764 0.0968281
14240 0.92677 0.0968417
14241 0.92679 0.0968607
14242 0.926823 0.0968846
14243 0.926837 0.0969119
14244 0.926835 0.0969422
14245 0.926848 0.0969762
14246 0.926873 0.0970137
14247 0.92691 0.0970542
14248 0.926957 0.0970975
14249 0.926985 0.0971423
14250 0.926996 0.0971885
14251 0.926991 0.0972359
14252 0.926973 0.0972844
14253 0.926941 0.0973339
14254 0.926926 0.0973698
14255 0.926925 0.0973935
14256 0.926938 0.0974063
14257 0.926962 0.0974091
14258 0.926997 0.0974031
14259 0.927041 0.097389
14260 0.927094 0.0973677
14261 0.927127 0.0973544
14262 0.927143 0.0973482
14263 0.927142 0.0973485
14264 0.927127 0.0973545
14265 0.927098 0.0973658
14266 0.927059 0.0973817
14267 0.927036 0.0973875
14268 0.927028 0.0973841
14269 0.927035 0.0973725
14270 0.927053 0.0973534
14271 0.927056 0.097342
14272 0.927043 0.0973376
14273 0.927018 0.0973395
14274 0.92698 0.097347
14275 0.92696 0.0973452
14276 0.926954 0.0973349
14277 0.926934 0.0973315
14278 0.926902 0.0973343
14279 0.926886 0.0973281
14280 0.926885 0.097314
14281 0.926897 0.0972926
14282 0.926921 0.0972647
14283 0.926955 0.097231
14284 0.926971 0.0972064
14285 0.926972 0.0971901
14286 0.926957 0.0971811
14287 0.92693 0.0971789
14288 0.926918 0.0971682
14289 0.926921 0.0971499
14290 0.926936 0.0971248
14291 0.926963 0.0970936
14292 0.927 0.0970568
14293 0.927019 0.0970294
14294 0.927021 0.0970106
14295 0.927009 0.0969995
14296 0.926983 0.0969953
14297 0.926946 0.0969973
14298 0.926898 0.0970048
14299 0.926867 0.097003
14300 0.926853 0.0969925
14301 0.926853 0.0969744
14302 0.926865 0.0969494
14303 0.92689 0.0969181
14304 0.926897 0.0968957
14305 0.92689 0.0968813
14306 0.926868 0.0968741
14307 0.926862 0.0968589
14308 0.926869 0.0968364
14309 0.926889 0.0968073
14310 0.926919 0.0967724
14311 0.926959 0.0967322
14312 0.926981 0.0967018
14313 0.926986 0.0966801
14314 0.926976 0.0966665
14315 0.926952 0.09666
14316 0.926917 0.0966599
14317 0.926897 0.0966511
14318 0.926894 0.0966498
14319 0.926905 0.0966555
14320 0.926928 0.0966517
14321 0.926962 0.0966395
14322 0.927005 0.0966198
14323 0.927029 0.0966078
14324 0.927036 0.0966028
14325 0.927028 0.0966041
14326 0.927007 0.0966111
14327 0.926973 0.0966232
14328 0.926955 0.0966254
14329 0.926952 0.0966185
14330 0.926962 0.0966035
14331 0.926985 0.0965812
14332 0.927017 0.0965524
14333 0.927032 0.0965323
14334 0.927031 0.09652
14335 0.927016 0.0965147
14336 0.926988 0.0965157
14337 0.926948 0.0965224
14338 0.926897 0.0965342
14339 0.926837 0.0965506
14340 0.926796 0.0965566
14341 0.926772 0.0965533
14342 0.926765 0.096557
14343 0.926772 0.0965671
14344 0.926764 0.0965819
14345 0.926742 0.096601
14346 0.926736 0.0966095
14347 0.926743 0.0966084
14348 0.926762 0.0965986
14349 0.926792 0.0965811
14350 0.926832 0.0965565
14351 0.926853 0.0965402
14352 0.926858 0.0965312
14353 0.926875 0.0965144
14354 0.926904 0.0964903
14355 0.926942 0.0964599
14356 0.92699 0.0964236
14357 0.927018 0.0963967
14358 0.927029 0.0963782
14359 0.927024 0.0963673
14360 0.927005 0.0963632
14361 0.926973 0.0963653
14362 0.92693 0.0963729
14363 0.926877 0.0963855
14364 0.926842 0.0963878
14365 0.926824 0.0963811
14366 0.926819 0.0963661
14367 0.926829 0.0963437
14368 0.92685 0.0963146
14369 0.926854 0.0962941
14370 0.926844 0.0962814
14371 0.926819 0.0962757
14372 0.926783 0.0962762
14373 0.926736 0.0962823
14374 0.926708 0.0962945
14375 0.926695 0.0962966
14376 0.926697 0.0962895
14377 0.926711 0.0962741
14378 0.926736 0.0962514
14379 0.926772 0.096222
14380 0.92679 0.0962011
14381 0.926791 0.0961881
14382 0.926778 0.096182
14383 0.926779 0.0961676
14384 0.926792 0.0961458
14385 0.92679 0.0961317
14386 0.9268 0.0961101
14387 0.926795 0.0960963
14388 0.926776 0.0960895
14389 0.926772 0.0960745
14390 0.926753 0.0960665
14391 0.926722 0.0960649
14392 0.926707 0.0960545
14393 0.926706 0.0960362
14394 0.926718 0.0960108
14395 0.926741 0.0959789
14396 0.926748 0.0959558
14397 0.926739 0.0959406
14398 0.926717 0.0959324
14399 0.926711 0.0959317
14400 0.926719 0.0959378
14401 0.926713 0.0959488
14402 0.926692 0.0959642
14403 0.926659 0.0959837
14404 0.926641 0.0959922
14405 0.926639 0.0959908
14406 0.926649 0.0959806
14407 0.926671 0.0959623
14408 0.926676 0.0959515
14409 0.926666 0.0959473
14410 0.926672 0.0959502
14411 0.926691 0.0959594
14412 0.926722 0.0959744
14413 0.926764 0.0959946
14414 0.926816 0.0960194
14415 0.926848 0.0960474
14416 0.926862 0.0960783
14417 0.926861 0.0961118
14418 0.926872 0.0961329
14419 0.926895 0.0961429
14420 0.926929 0.0961429
14421 0.926944 0.0961486
14422 0.926944 0.0961594
14423 0.926929 0.0961749
14424 0.926901 0.0961945
14425 0.926888 0.0962032
14426 0.92689 0.096202
14427 0.926904 0.0961919
14428 0.92693 0.0961738
14429 0.926938 0.0961632
14430 0.926931 0.0961594
14431 0.92691 0.0961616
14432 0.926904 0.0961546
14433 0.926884 0.0961539
14434 0.926852 0.096159
14435 0.926835 0.0961545
14436 0.926833 0.0961414
14437 0.926844 0.0961206
14438 0.926839 0.0961075
14439 0.92682 0.0961012
14440 0.926816 0.0960866
14441 0.926824 0.0960643
14442 0.926818 0.0960498
14443 0.926797 0.0960424
14444 0.926764 0.0960412
14445 0.92672 0.0960458
14446 0.926665 0.0960555
14447 0.926628 0.0960551
14448 0.92661 0.0960614
14449 0.926607 0.0960738
14450 0.926619 0.0960916
14451 0.926643 0.0961143
14452 0.92668 0.0961414
14453 0.926727 0.0961725
14454 0.926754 0.0962061
14455 0.926764 0.0962419
14456 0.926788 0.0962808
14457 0.926823 0.0963226
14458 0.92684 0.0963658
14459 0.926869 0.0964114
14460 0.926881 0.0964582
14461 0.926877 0.096506
14462 0.926859 0.0965547
14463 0.926856 0.0965895
14464 0.926865 0.0966118
14465 0.926887 0.0966228
14466 0.926919 0.0966236
14467 0.92696 0.0966154
14468 0.927011 0.0965989
14469 0.927041 0.0965898
14470 0.927054 0.0965874
14471 0.927051 0.0965911
14472 0.927034 0.0966001
14473 0.927033 0.0966151
14474 0.927045 0.0966195
14475 0.927068 0.0966144
14476 0.927074 0.0966156
14477 0.927093 0.0966077
14478 0.927095 0.0966064
14479 0.927109 0.0965962
14480 0.927135 0.0965779
14481 0.927144 0.0965674
14482 0.927137 0.0965637
14483 0.927117 0.0965663
14484 0.927111 0.0965596
14485 0.927121 0.0965602
14486 0.927114 0.0965667
14487 0.927094 0.0965784
14488 0.927088 0.0965798
14489 0.927096 0.096572
14490 0.927117 0.0965717
14491 0.927122 0.0965773
14492 0.927111 0.0965882
14493 0.927115 0.0965889
14494 0.92713 0.0965805
14495 0.927157 0.0965639
14496 0.927167 0.0965548
14497 0.927161 0.0965524
14498 0.927169 0.0965412
14499 0.927188 0.096522
14500 0.927191 0.0965106
14501 0.927206 0.0964912
14502 0.927206 0.0964796
14503 0.927191 0.096475
14504 0.927163 0.0964766
14505 0.927123 0.0964839
14506 0.9271 0.0964814
14507 0.927092 0.0964701
14508 0.92707 0.0964656
14509 0.927036 0.0964674
14510 0.927018 0.0964599
14511 0.927014 0.0964441
14512 0.927024 0.0964207
14513 0.927045 0.0963905
14514 0.92705 0.096369
14515 0.927039 0.0963555
14516 0.927043 0.0963342
14517 0.927058 0.0963058
14518 0.927085 0.0962712
14519 0.927122 0.0962307
14520 0.92714 0.0962002
14521 0.927143 0.0961784
14522 0.92713 0.0961647
14523 0.927104 0.096158
14524 0.927066 0.0961578
14525 0.927018 0.0961634
14526 0.926987 0.0961592
14527 0.926971 0.0961462
14528 0.92697 0.0961253
14529 0.926982 0.0960972
14530 0.927005 0.0960628
14531 0.927011 0.0960375
14532 0.927002 0.0960205
14533 0.926979 0.0960109
14534 0.926944 0.096008
14535 0.926925 0.0959962
14536 0.926921 0.0959764
14537 0.92693 0.0959493
14538 0.926923 0.0959307
14539 0.926903 0.0959197
14540 0.926897 0.0959005
14541 0.926904 0.095874
14542 0.926923 0.0958409
14543 0.926953 0.0958018
14544 0.926992 0.0957574
14545 0.927013 0.0957232
14546 0.927018 0.0956982
14547 0.927007 0.0956814
14548 0.926983 0.0956721
14549 0.926946 0.0956694
14550 0.926899 0.0956727
14551 0.926869 0.0956664
14552 0.926855 0.0956514
14553 0.926827 0.0956435
14554 0.926815 0.0956272
14555 0.926817 0.0956031
14556 0.926804 0.0955871
14557 0.926777 0.0955784
14558 0.926739 0.0955761
14559 0.92669 0.0955796
14560 0.926658 0.0955735
14561 0.926642 0.0955586
14562 0.92664 0.0955358
14563 0.926651 0.095506
14564 0.926673 0.0954698
14565 0.926706 0.0954278
14566 0.926748 0.0953806
14567 0.926798 0.0953288
14568 0.926829 0.0952877
14569 0.926842 0.0952564
14570 0.926838 0.0952337
14571 0.926821 0.0952189
14572 0.926791 0.0952111
14573 0.926749 0.0952096
14574 0.926724 0.0951989
14575 0.926713 0.0951797
14576 0.92669 0.095168
14577 0.926681 0.0951481
14578 0.926685 0.0951206
14579 0.926701 0.0950864
14580 0.926728 0.095046
14581 0.926738 0.0950153
14582 0.926732 0.0949932
14583 0.926712 0.0949788
14584 0.92668 0.0949714
14585 0.926663 0.0949551
14586 0.92666 0.094931
14587 0.92667 0.0948998
14588 0.926665 0.0948772
14589 0.926645 0.0948623
14590 0.926639 0.0948393
14591 0.926647 0.0948091
14592 0.926639 0.0947873
14593 0.926617 0.0947732
14594 0.926583 0.0947658
14595 0.926537 0.0947646
14596 0.926508 0.094754
14597 0.926495 0.0947347
14598 0.926495 0.0947078
14599 0.926508 0.094674
14600 0.926505 0.0946489
14601 0.926487 0.0946316
14602 0.926456 0.0946214
14603 0.926414 0.0946174
14604 0.92639 0.0946202
14605 0.926354 0.0946279
14606 0.926335 0.0946411
14607 0.926331 0.0946434
14608 0.92634 0.0946359
14609 0.92636 0.0946196
14610 0.926391 0.0945953
14611 0.926404 0.0945787
14612 0.926401 0.094569
14613 0.926412 0.0945665
14614 0.926437 0.0945704
14615 0.926445 0.0945793
14616 0.926436 0.0945925
14617 0.926414 0.0946096
14618 0.92638 0.0946303
14619 0.926334 0.0946541
14620 0.926278 0.0946807
14621 0.926242 0.0947109
14622 0.926223 0.0947444
14623 0.926221 0.0947808
14624 0.926234 0.0948199
14625 0.92626 0.0948613
14626 0.926297 0.0949048
14627 0.926345 0.0949503
14628 0.926403 0.0949974
14629 0.92644 0.0950452
14630 0.926458 0.0950935
14631 0.926488 0.0951274
14632 0.926526 0.0951485
14633 0.926574 0.0951579
14634 0.926602 0.0951718
14635 0.926612 0.0951897
14636 0.926607 0.0952112
14637 0.926587 0.0952359
14638 0.926555 0.0952636
14639 0.926511 0.0952938
14640 0.926484 0.0953115
14641 0.926472 0.095318
14642 0.926474 0.0953142
14643 0.926461 0.0953162
14644 0.926462 0.0953085
14645 0.926447 0.0953069
14646 0.92642 0.0953107
14647 0.926381 0.0953195
14648 0.926358 0.0953179
14649 0.926349 0.0953069
14650 0.926354 0.0952874
14651 0.926371 0.0952602
14652 0.9264 0.095242
14653 0.926412 0.0952309
14654 0.926408 0.0952261
14655 0.926389 0.0952272
14656 0.926387 0.0952342
14657 0.926399 0.0952468
14658 0.926425 0.0952642
14659 0.926433 0.0952852
14660 0.926426 0.0953093
14661 0.926434 0.0953372
14662 0.926455 0.0953685
14663 0.92646 0.0954019
14664 0.926449 0.0954373
14665 0.926425 0.0954745
14666 0.926415 0.0954983
14667 0.926419 0.0955101
14668 0.926435 0.0955111
14669 0.926462 0.0955024
14670 0.926498 0.0954849
14671 0.926543 0.0954595
14672 0.926569 0.0954419
14673 0.926577 0.0954315
14674 0.92657 0.0954274
14675 0.926549 0.095429
14676 0.926515 0.0954358
14677 0.926497 0.0954323
14678 0.926493 0.0954194
14679 0.926475 0.0954131
14680 0.926443 0.0954128
14681 0.926401 0.0954178
14682 0.926376 0.0954284
14683 0.926369 0.095444
14684 0.926377 0.0954642
14685 0.926399 0.0954885
14686 0.926432 0.0955165
14687 0.926477 0.0955479
14688 0.926532 0.0955822
14689 0.926566 0.0956185
14690 0.926583 0.0956565
14691 0.926583 0.095696
14692 0.926597 0.0957378
14693 0.926625 0.0957815
14694 0.926634 0.0958262
14695 0.926629 0.0958719
14696 0.926609 0.0959183
14697 0.926576 0.0959655
14698 0.926532 0.0960134
14699 0.926507 0.0960627
14700 0.926498 0.0961133
14701 0.926503 0.0961493
14702 0.92652 0.0961721
14703 0.926547 0.0961831
14704 0.926557 0.0961984
14705 0.926552 0.0962176
14706 0.926532 0.0962402
14707 0.926529 0.0962669
14708 0.92654 0.0962971
14709 0.926564 0.0963305
14710 0.926601 0.0963668
14711 0.926619 0.0964049
14712 0.92662 0.0964446
14713 0.926607 0.0964858
14714 0.92661 0.0965291
14715 0.926626 0.0965742
14716 0.926656 0.0966211
14717 0.926667 0.0966688
14718 0.926663 0.0967172
14719 0.926672 0.0967513
14720 0.926692 0.0967725
14721 0.926723 0.0967822
14722 0.926736 0.0967964
14723 0.926733 0.0968148
14724 0.926716 0.0968368
14725 0.926686 0.0968621
14726 0.926673 0.096891
14727 0.926676 0.0969233
14728 0.926693 0.0969586
14729 0.926723 0.0969965
14730 0.926735 0.0970362
14731 0.926731 0.0970774
14732 0.926713 0.0971199
14733 0.926682 0.0971637
14734 0.926668 0.0972094
14735 0.926668 0.0972411
14736 0.926681 0.0972601
14737 0.926705 0.0972677
14738 0.926739 0.0972652
14739 0.926782 0.0972534
14740 0.926806 0.0972483
14741 0.926813 0.0972492
14742 0.926805 0.0972557
14743 0.92681 0.097252
14744 0.926827 0.0972391
14745 0.926828 0.0972332
14746 0.926814 0.0972333
14747 0.926786 0.0972391
14748 0.926747 0.0972497
14749 0.926724 0.0972498
14750 0.926718 0.0972563
14751 0.926727 0.0972685
14752 0.926749 0.0972858
14753 0.926783 0.0973078
14754 0.926828 0.097334
14755 0.926881 0.097348
14756 0.926914 0.0973662
14757 0.926929 0.0973882
14758 0.926928 0.0974136
14759 0.926913 0.0974421
14760 0.926913 0.0974741
14761 0.926928 0.0975094
14762 0.926955 0.0975475
14763 0.926994 0.0975882
14764 0.927044 0.0976313
14765 0.927073 0.0976757
14766 0.927086 0.0977214
14767 0.927082 0.0977682
14768 0.927064 0.0978161
14769 0.927061 0.0978497
14770 0.92707 0.0978704
14771 0.927091 0.0978795
14772 0.927122 0.0978782
14773 0.927135 0.0978827
14774 0.927133 0.0978925
14775 0.927116 0.0979071
14776 0.927086 0.0979259
14777 0.927072 0.0979333
14778 0.927071 0.0979305
14779 0.927083 0.0979184
14780 0.927107 0.0978979
14781 0.92714 0.0978699
14782 0.927184 0.0978512
14783 0.927209 0.0978402
14784 0.927218 0.097836
14785 0.92721 0.0978381
14786 0.927189 0.0978457
14787 0.927184 0.097859
14788 0.927194 0.0978776
14789 0.927218 0.0979008
14790 0.927224 0.0979274
14791 0.927215 0.0979571
14792 0.927193 0.0979896
14793 0.927186 0.0980254
14794 0.927193 0.0980481
14795 0.927214 0.0980751
14796 0.927247 0.098106
14797 0.927262 0.0981396
14798 0.92726 0.0981756
14799 0.927245 0.0982137
14800 0.927216 0.0982538
14801 0.927204 0.0982964
14802 0.927208 0.0983414
14803 0.927197 0.0983877
14804 0.927172 0.0984351
14805 0.927162 0.0984685
14806 0.927166 0.0984892
14807 0.927183 0.0984985
14808 0.92721 0.0984976
14809 0.927247 0.0984874
14810 0.927266 0.0984841
14811 0.927268 0.0984868
14812 0.927256 0.0984951
14813 0.92723 0.0985083
14814 0.927192 0.0985259
14815 0.927171 0.0985325
14816 0.927164 0.098529
14817 0.927171 0.0985166
14818 0.927189 0.0984961
14819 0.927191 0.0984835
14820 0.927208 0.0984786
14821 0.927208 0.09848
14822 0.927193 0.098487
14823 0.927194 0.0984999
14824 0.92718 0.0985172
14825 0.927154 0.0985386
14826 0.927144 0.0985644
14827 0.927149 0.0985942
14828 0.927168 0.0986276
14829 0.927171 0.0986634
14830 0.927185 0.0986863
14831 0.927211 0.0986976
14832 0.927247 0.0986984
14833 0.927265 0.0987049
14834 0.927267 0.0987165
14835 0.927253 0.0987328
14836 0.927227 0.0987533
14837 0.927216 0.0987623
14838 0.927218 0.0987611
14839 0.927234 0.0987667
14840 0.927263 0.0987784
14841 0.927303 0.0987956
14842 0.927353 0.0988179
14843 0.927384 0.0988438
14844 0.927397 0.098873
14845 0.927422 0.0988899
14846 0.927456 0.0988957
14847 0.927472 0.0989068
14848 0.927473 0.0989228
14849 0.927459 0.0989432
14850 0.927431 0.0989675
14851 0.927392 0.0989953
14852 0.927371 0.0990272
14853 0.927365 0.0990465
14854 0.927372 0.0990544
14855 0.92739 0.0990521
14856 0.92742 0.0990407
14857 0.927431 0.0990364
14858 0.927428 0.0990384
14859 0.927437 0.0990308
14860 0.927457 0.0990146
14861 0.927489 0.0989906
14862 0.927502 0.0989749
14863 0.9275 0.0989668
14864 0.92751 0.09895
14865 0.927532 0.0989256
14866 0.927538 0.0989095
14867 0.927528 0.0989011
14868 0.927505 0.0988995
14869 0.927496 0.0988886
14870 0.927503 0.0988858
14871 0.927523 0.0988901
14872 0.927555 0.0989008
14873 0.927598 0.0989174
14874 0.927622 0.0989383
14875 0.927629 0.0989632
14876 0.927621 0.0989916
14877 0.9276 0.0990231
14878 0.927566 0.0990575
14879 0.927549 0.0990954
14880 0.927548 0.0991365
14881 0.927562 0.0991803
14882 0.927559 0.0992258
14883 0.927543 0.0992728
14884 0.927513 0.0993211
14885 0.927472 0.0993706
14886 0.927421 0.0994211
14887 0.927387 0.0994575
14888 0.92737 0.0994809
14889 0.927367 0.0994928
14890 0.927377 0.0994943
14891 0.927398 0.0994865
14892 0.92743 0.0994702
14893 0.927472 0.0994464
14894 0.927522 0.0994157
14895 0.927552 0.0993941
14896 0.927565 0.0993807
14897 0.927563 0.0993747
14898 0.927546 0.0993753
14899 0.927516 0.0993819
14900 0.927503 0.0993947
14901 0.927505 0.099397
14902 0.927518 0.0993898
14903 0.927543 0.0993741
14904 0.927579 0.0993507
14905 0.927596 0.0993356
14906 0.927597 0.099328
14907 0.927583 0.0993272
14908 0.927557 0.0993324
14909 0.927518 0.0993431
14910 0.927496 0.0993434
14911 0.927489 0.0993344
14912 0.927495 0.0993169
14913 0.927513 0.0992919
14914 0.927542 0.09926
14915 0.927581 0.099222
14916 0.927601 0.0991937
14917 0.927605 0.0991742
14918 0.927594 0.0991626
14919 0.927569 0.0991581
14920 0.927559 0.0991446
14921 0.927565 0.0991394
14922 0.927584 0.0991416
14923 0.927587 0.0991495
14924 0.927574 0.0991626
14925 0.927549 0.0991804
14926 0.927511 0.0992023
14927 0.927492 0.099229
14928 0.927488 0.0992599
14929 0.927499 0.0992947
14930 0.927523 0.0993329
14931 0.927558 0.0993743
14932 0.927576 0.0994175
14933 0.927577 0.0994624
14934 0.927564 0.0995088
14935 0.927564 0.0995412
14936 0.927577 0.0995609
14937 0.927601 0.0995692
14938 0.927636 0.0995673
14939 0.927679 0.0995561
14940 0.927731 0.0995367
14941 0.927763 0.0995252
14942 0.927777 0.0995209
14943 0.927776 0.099523
14944 0.92776 0.099531
14945 0.927758 0.0995287
14946 0.927769 0.0995172
14947 0.927764 0.0995129
14948 0.927745 0.0995151
14949 0.927741 0.0995077
14950 0.92775 0.0994915
14951 0.927743 0.099483
14952 0.927723 0.0994813
14953 0.92769 0.0994859
14954 0.927674 0.0994969
14955 0.927673 0.0994973
14956 0.927684 0.0994882
14957 0.927707 0.0994707
14958 0.927713 0.0994609
14959 0.927704 0.0994582
14960 0.927708 0.0994463
14961 0.927697 0.0994416
14962 0.927673 0.0994433
14963 0.927637 0.0994509
14964 0.92759 0.0994637
14965 0.92756 0.0994658
14966 0.927547 0.0994744
14967 0.92755 0.0994891
14968 0.927567 0.0995091
14969 0.927596 0.099534
14970 0.927636 0.0995632
14971 0.927658 0.0995954
14972 0.927663 0.0996304
14973 0.927653 0.0996679
14974 0.927629 0.0997077
14975 0.927594 0.0997494
14976 0.927574 0.0997776
14977 0.927569 0.0997934
14978 0.927577 0.0997982
14979 0.927598 0.0998092
14980 0.927632 0.099826
14981 0.927647 0.0998471
14982 0.927647 0.099872
14983 0.927631 0.0999004
14984 0.927603 0.099932
14985 0.927564 0.0999665
14986 0.927513 0.100003
14987 0.927482 0.100043
14988 0.927467 0.10007
14989 0.927465 0.100084
14990 0.927476 0.100088
14991 0.927472 0.100097
14992 0.927453 0.100111
14993 0.927451 0.100131
14994 0.927463 0.100155
14995 0.927488 0.100183
14996 0.927524 0.100216
14997 0.927543 0.100251
14998 0.927545 0.100288
14999 0.927532 0.100328
15000 0.927507 0.10037
