14000 0.985 0.137129
14001 0.985 0.137111
14002 0.985 0.13708
14003 0.985 0.137036
14004 0.985 0.13698
14005 0.985 0.136915
14006 0.985 0.136872
14007 0.985 0.136849
14008 0.985 0.136812
14009 0.985 0.136764
14010 0.985 0.136705
14011 0.985 0.136667
14012 0.985 0.136649
14013 0.985 0.136617
14014 0.985 0.136572
14015 0.985 0.136516
14016 0.985 0.136451
14017 0.985 0.136376
14018 0.985 0.136324
14019 0.985 0.136293
14020 0.985 0.13625
14021 0.985 0.136195
14022 0.985 0.13613
14023 0.985 0.136088
14024 0.985 0.136065
14025 0.985 0.13606
14026 0.985 0.13604
14027 0.985 0.136037
14028 0.985 0.136051
14029 0.985 0.136079
14030 0.985 0.136119
14031 0.985 0.136172
14032 0.985 0.136235
14033 0.985 0.136307
14034 0.985 0.136387
14035 0.985 0.136475
14036 0.985 0.13657
14037 0.985 0.13664
14038 0.985 0.136687
14039 0.985 0.136714
14040 0.985 0.136723
14041 0.985 0.136715
14042 0.985 0.136692
14043 0.985 0.136656
14044 0.985 0.136607
14045 0.985 0.136549
14046 0.985 0.13648
14047 0.985 0.136402
14048 0.985 0.136317
14049 0.985 0.136225
14050 0.985 0.136126
14051 0.985 0.136052
14052 0.985 0.136002
14053 0.985 0.135972
14054 0.985 0.13593
14055 0.985 0.135876
14056 0.985 0.135812
14057 0.985 0.13577
14058 0.985 0.135748
14059 0.985 0.135744
14060 0.985 0.135756
14061 0.985 0.135782
14062 0.985 0.135821
14063 0.985 0.135873
14064 0.985 0.135934
14065 0.985 0.135974
14066 0.985 0.135994
14067 0.985 0.135997
14068 0.985 0.135983
14069 0.985 0.135987
14070 0.985 0.136006
14071 0.985 0.136038
14072 0.985 0.136083
14073 0.985 0.136108
14074 0.985 0.136146
14075 0.985 0.136196
14076 0.985 0.136256
14077 0.985 0.136326
14078 0.985 0.136405
14079 0.985 0.136469
14080 0.985 0.13652
14081 0.985 0.136582
14082 0.985 0.136622
14083 0.985 0.136642
14084 0.985 0.136645
14085 0.985 0.136632
14086 0.985 0.136636
14087 0.985 0.136655
14088 0.985 0.136687
14089 0.985 0.136701
14090 0.985 0.136698
14091 0.985 0.136711
14092 0.985 0.136707
14093 0.985 0.136687
14094 0.985 0.136654
14095 0.985 0.136609
14096 0.985 0.136584
14097 0.985 0.136577
14098 0.985 0.136555
14099 0.985 0.13652
14100 0.985 0.136472
14101 0.985 0.136414
14102 0.985 0.136377
14103 0.985 0.13636
14104 0.985 0.13636
14105 0.985 0.136375
14106 0.985 0.136405
14107 0.985 0.136416
14108 0.985 0.136441
14109 0.985 0.13648
14110 0.985 0.136499
14111 0.985 0.1365
14112 0.985 0.136486
14113 0.985 0.136458
14114 0.985 0.136416
14115 0.985 0.136364
14116 0.985 0.1363
14117 0.985 0.136228
14118 0.985 0.136147
14119 0.985 0.13609
14120 0.985 0.136054
14121 0.985 0.136038
14122 0.985 0.136039
14123 0.985 0.136024
14124 0.985 0.135994
14125 0.985 0.135953
14126 0.985 0.135899
14127 0.985 0.135835
14128 0.985 0.135762
14129 0.985 0.135712
14130 0.985 0.135683
14131 0.985 0.135672
14132 0.985 0.135647
14133 0.985 0.135609
14134 0.985 0.13559
14135 0.985 0.135588
14136 0.985 0.135603
14137 0.985 0.135631
14138 0.985 0.135673
14139 0.985 0.135726
14140 0.985 0.135789
14141 0.985 0.135861
14142 0.985 0.135942
14143 0.985 0.136031
14144 0.985 0.136095
14145 0.985 0.136137
14146 0.985 0.136159
14147 0.985 0.136164
14148 0.985 0.136152
14149 0.985 0.136126
14150 0.985 0.136086
14151 0.985 0.136035
14152 0.985 0.135974
14153 0.985 0.135903
14154 0.985 0.135823
14155 0.985 0.135767
14156 0.985 0.135733
14157 0.985 0.135686
14158 0.985 0.135659
14159 0.985 0.135651
14160 0.985 0.135659
14161 0.985 0.135682
14162 0.985 0.135687
14163 0.985 0.135708
14164 0.985 0.135741
14165 0.985 0.135788
14166 0.985 0.135813
14167 0.985 0.135821
14168 0.985 0.135812
14169 0.985 0.13582
14170 0.985 0.135843
14171 0.985 0.135879
14172 0.985 0.135927
14173 0.985 0.135985
14174 0.985 0.136054
14175 0.985 0.136131
14176 0.985 0.136217
14177 0.985 0.136309
14178 0.985 0.136386
14179 0.985 0.136448
14180 0.985 0.136497
14181 0.985 0.136535
14182 0.985 0.136562
14183 0.985 0.13658
14184 0.985 0.13659
14185 0.985 0.136614
14186 0.985 0.136629
14187 0.985 0.136637
14188 0.985 0.136636
14189 0.985 0.13663
14190 0.985 0.136617
14191 0.985 0.136599
14192 0.985 0.136576
14193 0.985 0.136549
14194 0.985 0.136517
14195 0.985 0.136505
14196 0.985 0.136509
14197 0.985 0.136498
14198 0.985 0.136472
14199 0.985 0.136433
14200 0.985 0.136382
14201 0.985 0.13632
14202 0.985 0.136281
14203 0.985 0.136261
14204 0.985 0.136258
14205 0.985 0.136272
14206 0.985 0.136268
14207 0.985 0.136281
14208 0.985 0.136276
14209 0.985 0.136257
14210 0.985 0.136224
14211 0.985 0.136178
14212 0.985 0.136153
14213 0.985 0.136145
14214 0.985 0.136155
14215 0.985 0.136178
14216 0.985 0.136215
14217 0.985 0.136264
14218 0.985 0.136324
14219 0.985 0.136393
14220 0.985 0.136471
14221 0.985 0.136557
14222 0.985 0.136618
14223 0.985 0.136658
14224 0.985 0.136679
14225 0.985 0.136681
14226 0.985 0.136668
14227 0.985 0.13664
14228 0.985 0.1366
14229 0.985 0.136548
14230 0.985 0.136485
14231 0.985 0.136413
14232 0.985 0.136333
14233 0.985 0.136245
14234 0.985 0.136181
14235 0.985 0.13614
14236 0.985 0.136087
14237 0.985 0.136055
14238 0.985 0.136042
14239 0.985 0.136046
14240 0.985 0.136065
14241 0.985 0.136066
14242 0.985 0.136052
14243 0.985 0.136023
14244 0.985 0.136013
14245 0.985 0.13602
14246 0.985 0.13601
14247 0.985 0.135986
14248 0.985 0.135948
14249 0.985 0.13593
14250 0.985 0.135929
14251 0.985 0.135944
14252 0.985 0.135973
14253 0.985 0.136015
14254 0.985 0.136069
14255 0.985 0.136132
14256 0.985 0.136205
14257 0.985 0.136287
14258 0.985 0.136376
14259 0.985 0.136449
14260 0.985 0.136508
14261 0.985 0.136554
14262 0.985 0.136589
14263 0.985 0.136614
14264 0.985 0.136652
14265 0.985 0.136702
14266 0.985 0.13674
14267 0.985 0.136759
14268 0.985 0.13676
14269 0.985 0.136745
14270 0.985 0.136716
14271 0.985 0.136675
14272 0.985 0.136653
14273 0.985 0.136649
14274 0.985 0.136639
14275 0.985 0.136623
14276 0.985 0.136624
14277 0.985 0.136641
14278 0.985 0.13664
14279 0.985 0.136655
14280 0.985 0.136685
14281 0.985 0.136695
14282 0.985 0.136689
14283 0.985 0.136668
14284 0.985 0.136665
14285 0.985 0.136678
14286 0.985 0.136673
14287 0.985 0.136654
14288 0.985 0.136621
14289 0.985 0.136575
14290 0.985 0.136519
14291 0.985 0.136461
14292 0.985 0.136403
14293 0.985 0.136343
14294 0.985 0.136305
14295 0.985 0.136264
14296 0.985 0.136212
14297 0.985 0.13618
14298 0.985 0.136167
14299 0.985 0.136171
14300 0.985 0.13619
14301 0.985 0.136223
14302 0.985 0.136269
14303 0.985 0.136294
14304 0.985 0.136301
14305 0.985 0.136291
14306 0.985 0.136267
14307 0.985 0.13623
14308 0.985 0.136181
14309 0.985 0.136121
14310 0.985 0.136052
14311 0.985 0.136005
14312 0.985 0.135947
14313 0.985 0.135879
14314 0.985 0.135802
14315 0.985 0.135749
14316 0.985 0.135717
14317 0.985 0.135672
14318 0.985 0.135616
14319 0.985 0.13555
14320 0.985 0.135506
14321 0.985 0.135483
14322 0.985 0.135477
14323 0.985 0.135488
14324 0.985 0.135482
14325 0.985 0.13546
14326 0.985 0.135457
14327 0.985 0.13547
14328 0.985 0.135465
14329 0.985 0.135477
14330 0.985 0.135503
14331 0.985 0.135543
14332 0.985 0.135571
14333 0.985 0.13559
14334 0.985 0.135622
14335 0.985 0.135667
14336 0.985 0.135723
14337 0.985 0.135758
14338 0.985 0.135773
14339 0.985 0.135772
14340 0.985 0.135755
14341 0.985 0.135755
14342 0.985 0.135771
14343 0.985 0.135801
14344 0.985 0.135843
14345 0.985 0.135866
14346 0.985 0.135871
14347 0.985 0.13586
14348 0.985 0.135865
14349 0.985 0.135885
14350 0.985 0.13592
14351 0.985 0.135935
14352 0.985 0.135933
14353 0.985 0.135946
14354 0.985 0.135952
14355 0.985 0.13595
14356 0.985 0.135941
14357 0.985 0.135926
14358 0.985 0.135906
14359 0.985 0.13588
14360 0.985 0.13585
14361 0.985 0.135817
14362 0.985 0.135802
14363 0.985 0.135804
14364 0.985 0.13579
14365 0.985 0.135794
14366 0.985 0.135781
14367 0.985 0.135754
14368 0.985 0.135714
14369 0.985 0.135694
14370 0.985 0.135691
14371 0.985 0.135705
14372 0.985 0.135732
14373 0.985 0.135773
14374 0.985 0.135794
14375 0.985 0.135797
14376 0.985 0.135784
14377 0.985 0.135757
14378 0.985 0.135716
14379 0.985 0.135696
14380 0.985 0.135693
14381 0.985 0.135706
14382 0.985 0.135734
14383 0.985 0.135774
14384 0.985 0.135826
14385 0.985 0.135889
14386 0.985 0.135929
14387 0.985 0.135981
14388 0.985 0.136044
14389 0.985 0.136116
14390 0.985 0.136196
14391 0.985 0.136284
14392 0.985 0.136348
14393 0.985 0.136389
14394 0.985 0.136411
14395 0.985 0.136415
14396 0.985 0.136403
14397 0.985 0.136377
14398 0.985 0.136337
14399 0.985 0.136286
14400 0.985 0.136225
14401 0.985 0.136154
14402 0.985 0.136105
14403 0.985 0.136078
14404 0.985 0.136068
14405 0.985 0.136044
14406 0.985 0.136007
14407 0.985 0.135957
14408 0.985 0.135897
14409 0.985 0.135828
14410 0.985 0.135749
14411 0.985 0.135694
14412 0.985 0.135629
14413 0.985 0.135555
14414 0.985 0.135504
14415 0.985 0.135474
14416 0.985 0.135462
14417 0.985 0.135467
14418 0.985 0.135487
14419 0.985 0.13549
14420 0.985 0.135508
14421 0.985 0.13554
14422 0.985 0.135553
14423 0.985 0.135549
14424 0.985 0.13553
14425 0.985 0.135529
14426 0.985 0.135543
14427 0.985 0.135571
14428 0.985 0.135612
14429 0.985 0.135665
14430 0.985 0.135729
14431 0.985 0.135801
14432 0.985 0.135851
14433 0.985 0.135911
14434 0.985 0.135981
14435 0.985 0.13606
14436 0.985 0.136115
14437 0.985 0.136149
14438 0.985 0.136164
14439 0.985 0.136161
14440 0.985 0.136175
14441 0.985 0.136172
14442 0.985 0.136153
14443 0.985 0.136121
14444 0.985 0.136107
14445 0.985 0.13611
14446 0.985 0.136129
14447 0.985 0.136162
14448 0.985 0.136207
14449 0.985 0.136263
14450 0.985 0.136298
14451 0.985 0.136313
14452 0.985 0.136312
14453 0.985 0.136295
14454 0.985 0.136264
14455 0.985 0.13622
14456 0.985 0.136166
14457 0.985 0.136101
14458 0.985 0.136026
14459 0.985 0.135975
14460 0.985 0.135945
14461 0.985 0.135933
14462 0.985 0.135939
14463 0.985 0.135928
14464 0.985 0.135902
14465 0.985 0.135895
14466 0.985 0.135904
14467 0.985 0.135896
14468 0.985 0.135874
14469 0.985 0.135838
14470 0.985 0.13579
14471 0.985 0.135731
14472 0.985 0.135662
14473 0.985 0.135585
14474 0.985 0.135499
14475 0.985 0.135407
14476 0.985 0.135308
14477 0.985 0.135203
14478 0.985 0.135124
14479 0.985 0.135069
14480 0.985 0.135035
14481 0.985 0.135021
14482 0.985 0.135023
14483 0.985 0.135041
14484 0.985 0.135073
14485 0.985 0.135118
14486 0.985 0.135173
14487 0.985 0.135239
14488 0.985 0.135283
14489 0.985 0.135306
14490 0.985 0.135312
14491 0.985 0.135332
14492 0.985 0.135335
14493 0.985 0.135354
14494 0.985 0.135386
14495 0.985 0.13543
14496 0.985 0.135455
14497 0.985 0.135492
14498 0.985 0.135542
14499 0.985 0.135602
14500 0.985 0.135672
14501 0.985 0.135728
14502 0.985 0.13577
14503 0.985 0.135802
14504 0.985 0.135822
14505 0.985 0.135834
14506 0.985 0.135828
14507 0.985 0.135808
14508 0.985 0.135774
14509 0.985 0.135727
14510 0.985 0.13567
14511 0.985 0.135634
14512 0.985 0.135617
14513 0.985 0.135618
14514 0.985 0.135603
14515 0.985 0.135573
14516 0.985 0.135531
14517 0.985 0.135509
14518 0.985 0.135505
14519 0.985 0.135486
14520 0.985 0.135452
14521 0.985 0.135415
14522 0.985 0.135374
14523 0.985 0.135353
14524 0.985 0.135349
14525 0.985 0.135362
14526 0.985 0.135389
14527 0.985 0.135398
14528 0.985 0.13539
14529 0.985 0.135367
14530 0.985 0.135331
14531 0.985 0.135314
14532 0.985 0.135283
14533 0.985 0.13524
14534 0.985 0.135185
14535 0.985 0.13512
14536 0.985 0.135077
14537 0.985 0.135054
14538 0.985 0.135018
14539 0.985 0.13497
14540 0.985 0.13491
14541 0.985 0.134841
14542 0.985 0.134795
14543 0.985 0.134769
14544 0.985 0.134761
14545 0.985 0.13477
14546 0.985 0.134794
14547 0.985 0.134831
14548 0.985 0.134879
14549 0.985 0.134939
14550 0.985 0.135009
14551 0.985 0.135087
14552 0.985 0.135173
14553 0.985 0.135243
14554 0.985 0.135298
14555 0.985 0.135364
14556 0.985 0.135439
14557 0.985 0.135522
14558 0.985 0.135581
14559 0.985 0.135618
14560 0.985 0.135636
14561 0.985 0.135636
14562 0.985 0.135621
14563 0.985 0.135592
14564 0.985 0.13555
14565 0.985 0.135496
14566 0.985 0.135433
14567 0.985 0.135359
14568 0.985 0.135309
14569 0.985 0.13528
14570 0.985 0.135269
14571 0.985 0.135275
14572 0.985 0.135296
14573 0.985 0.135331
14574 0.985 0.135378
14575 0.985 0.135404
14576 0.985 0.135412
14577 0.985 0.135404
14578 0.985 0.135381
14579 0.985 0.135344
14580 0.985 0.135295
14581 0.985 0.135236
14582 0.985 0.135198
14583 0.985 0.13518
14584 0.985 0.135179
14585 0.985 0.135194
14586 0.985 0.135192
14587 0.985 0.135205
14588 0.985 0.135233
14589 0.985 0.135243
14590 0.985 0.135267
14591 0.985 0.135304
14592 0.985 0.135354
14593 0.985 0.135414
14594 0.985 0.135461
14595 0.985 0.135518
14596 0.985 0.135554
14597 0.985 0.135571
14598 0.985 0.135602
14599 0.985 0.135646
14600 0.985 0.1357
14601 0.985 0.135742
14602 0.985 0.135796
14603 0.985 0.135859
14604 0.985 0.135932
14605 0.985 0.135982
14606 0.985 0.136012
14607 0.985 0.136022
14608 0.985 0.136016
14609 0.985 0.135995
14610 0.985 0.13596
14611 0.985 0.135945
14612 0.985 0.135946
14613 0.985 0.135963
14614 0.985 0.135994
14615 0.985 0.136007
14616 0.985 0.136002
14617 0.985 0.135982
14618 0.985 0.13598
14619 0.985 0.135994
14620 0.985 0.136022
14621 0.985 0.136063
14622 0.985 0.136084
14623 0.985 0.136088
14624 0.985 0.136075
14625 0.985 0.136048
14626 0.985 0.136039
14627 0.985 0.136047
14628 0.985 0.136039
14629 0.985 0.136047
14630 0.985 0.136038
14631 0.985 0.136015
14632 0.985 0.136009
14633 0.985 0.13602
14634 0.985 0.136046
14635 0.985 0.136061
14636 0.985 0.136068
14637 0.985 0.136066
14638 0.985 0.13608
14639 0.985 0.136109
14640 0.985 0.13615
14641 0.985 0.136203
14642 0.985 0.136267
14643 0.985 0.136308
14644 0.985 0.136329
14645 0.985 0.136333
14646 0.985 0.136352
14647 0.985 0.136385
14648 0.985 0.13643
14649 0.985 0.136455
14650 0.985 0.136462
14651 0.985 0.136452
14652 0.985 0.136459
14653 0.985 0.13645
14654 0.985 0.136457
14655 0.985 0.136448
14656 0.985 0.136424
14657 0.985 0.136418
14658 0.985 0.136429
14659 0.985 0.136423
14660 0.985 0.136401
14661 0.985 0.136366
14662 0.985 0.136351
14663 0.985 0.136352
14664 0.985 0.136369
14665 0.985 0.1364
14666 0.985 0.136444
14667 0.985 0.136468
14668 0.985 0.136473
14669 0.985 0.136494
14670 0.985 0.136528
14671 0.985 0.136575
14672 0.985 0.136632
14673 0.985 0.136676
14674 0.985 0.136709
14675 0.985 0.13673
14676 0.985 0.136742
14677 0.985 0.136737
14678 0.985 0.136717
14679 0.985 0.136683
14680 0.985 0.136637
14681 0.985 0.13658
14682 0.985 0.136544
14683 0.985 0.136528
14684 0.985 0.136529
14685 0.985 0.136514
14686 0.985 0.136485
14687 0.985 0.136443
14688 0.985 0.136421
14689 0.985 0.136417
14690 0.985 0.136429
14691 0.985 0.136455
14692 0.985 0.136495
14693 0.985 0.136546
14694 0.985 0.136608
14695 0.985 0.136648
14696 0.985 0.136668
14697 0.985 0.136702
14698 0.985 0.136748
14699 0.985 0.136806
14700 0.985 0.136873
14701 0.985 0.136949
14702 0.985 0.137033
14703 0.985 0.137102
14704 0.985 0.137148
14705 0.985 0.137173
14706 0.985 0.137181
14707 0.985 0.137172
14708 0.985 0.137148
14709 0.985 0.137111
14710 0.985 0.137062
14711 0.985 0.137034
14712 0.985 0.137024
14713 0.985 0.136999
14714 0.985 0.136961
14715 0.985 0.136912
14716 0.985 0.136851
14717 0.985 0.136813
14718 0.985 0.136793
14719 0.985 0.136792
14720 0.985 0.136806
14721 0.985 0.136835
14722 0.985 0.136877
14723 0.985 0.13693
14724 0.985 0.136993
14725 0.985 0.137066
14726 0.985 0.137147
14727 0.985 0.137205
14728 0.985 0.137272
14729 0.985 0.137349
14730 0.985 0.137433
14731 0.985 0.137493
14732 0.985 0.137563
14733 0.985 0.137642
14734 0.985 0.137705
14735 0.985 0.137755
14736 0.985 0.137792
14737 0.985 0.137818
14738 0.985 0.137834
14739 0.985 0.137841
14740 0.985 0.137839
14741 0.985 0.137831
14742 0.985 0.137816
14743 0.985 0.137795
14744 0.985 0.137768
14745 0.985 0.137737
14746 0.985 0.137701
14747 0.985 0.137661
14748 0.985 0.137618
14749 0.985 0.137564
14750 0.985 0.137499
14751 0.985 0.137456
14752 0.985 0.137402
14753 0.985 0.137369
14754 0.985 0.137324
14755 0.985 0.137267
14756 0.985 0.137232
14757 0.985 0.137216
14758 0.985 0.137186
14759 0.985 0.137143
14760 0.985 0.13712
14761 0.985 0.137116
14762 0.985 0.137127
14763 0.985 0.137122
14764 0.985 0.137101
14765 0.985 0.137098
14766 0.985 0.137111
14767 0.985 0.137139
14768 0.985 0.137148
14769 0.985 0.137172
14770 0.985 0.137209
14771 0.985 0.137227
14772 0.985 0.137258
14773 0.985 0.137271
14774 0.985 0.137267
14775 0.985 0.137248
14776 0.985 0.137214
14777 0.985 0.137169
14778 0.985 0.137112
14779 0.985 0.137045
14780 0.985 0.136969
14781 0.985 0.136917
14782 0.985 0.136885
14783 0.985 0.136872
14784 0.985 0.136877
14785 0.985 0.136896
14786 0.985 0.13693
14787 0.985 0.136976
14788 0.985 0.137033
14789 0.985 0.1371
14790 0.985 0.137176
14791 0.985 0.137228
14792 0.985 0.13726
14793 0.985 0.137273
14794 0.985 0.137269
14795 0.985 0.137281
14796 0.985 0.137307
14797 0.985 0.137347
14798 0.985 0.137398
14799 0.985 0.13746
14800 0.985 0.1375
14801 0.985 0.13752
14802 0.985 0.137554
14803 0.985 0.137601
14804 0.985 0.137626
14805 0.985 0.137665
14806 0.985 0.137716
14807 0.985 0.137746
14808 0.985 0.137789
14809 0.985 0.137812
14810 0.985 0.137817
14811 0.985 0.137805
14812 0.985 0.137811
14813 0.985 0.137831
14814 0.985 0.137834
14815 0.985 0.137821
14816 0.985 0.137794
14817 0.985 0.137784
14818 0.985 0.137792
14819 0.985 0.137814
14820 0.985 0.13785
14821 0.985 0.137898
14822 0.985 0.137957
14823 0.985 0.138002
14824 0.985 0.138036
14825 0.985 0.138058
14826 0.985 0.138071
14827 0.985 0.138075
14828 0.985 0.138071
14829 0.985 0.138051
14830 0.985 0.138018
14831 0.985 0.137973
14832 0.985 0.137948
14833 0.985 0.137941
14834 0.985 0.137919
14835 0.985 0.137883
14836 0.985 0.137836
14837 0.985 0.137777
14838 0.985 0.137709
14839 0.985 0.137632
14840 0.985 0.137547
14841 0.985 0.137454
14842 0.985 0.137387
14843 0.985 0.137342
14844 0.985 0.137317
14845 0.985 0.137279
14846 0.985 0.137229
14847 0.985 0.1372
14848 0.985 0.137189
14849 0.985 0.137196
14850 0.985 0.137217
14851 0.985 0.137252
14852 0.985 0.137268
14853 0.985 0.137297
14854 0.985 0.13734
14855 0.985 0.137394
14856 0.985 0.137459
14857 0.985 0.137501
14858 0.985 0.137523
14859 0.985 0.137527
14860 0.985 0.137516
14861 0.985 0.137489
14862 0.985 0.13745
14863 0.985 0.137398
14864 0.985 0.137336
14865 0.985 0.137265
14866 0.985 0.137185
14867 0.985 0.137129
14868 0.985 0.137094
14869 0.985 0.137078
14870 0.985 0.137048
14871 0.985 0.137037
14872 0.985 0.137043
14873 0.985 0.137063
14874 0.985 0.137098
14875 0.985 0.137145
14876 0.985 0.137202
14877 0.985 0.13727
14878 0.985 0.137347
14879 0.985 0.137431
14880 0.985 0.1375
14881 0.985 0.137554
14882 0.985 0.137595
14883 0.985 0.137624
14884 0.985 0.137642
14885 0.985 0.137651
14886 0.985 0.137652
14887 0.985 0.137645
14888 0.985 0.137631
14889 0.985 0.137611
14890 0.985 0.137585
14891 0.985 0.137554
14892 0.985 0.137542
14893 0.985 0.137547
14894 0.985 0.137567
14895 0.985 0.137601
14896 0.985 0.137616
14897 0.985 0.137613
14898 0.985 0.137603
14899 0.985 0.137587
14900 0.985 0.137588
14901 0.985 0.137604
14902 0.985 0.137635
14903 0.985 0.137678
14904 0.985 0.137733
14905 0.985 0.137797
14906 0.985 0.13784
14907 0.985 0.137863
14908 0.985 0.137867
14909 0.985 0.137856
14910 0.985 0.137861
14911 0.985 0.137882
14912 0.985 0.137916
14913 0.985 0.137962
14914 0.985 0.137996
14915 0.985 0.138019
14916 0.985 0.138032
14917 0.985 0.138036
14918 0.985 0.138032
14919 0.985 0.138013
14920 0.985 0.13798
14921 0.985 0.137934
14922 0.985 0.137878
14923 0.985 0.137811
14924 0.985 0.137735
14925 0.985 0.137683
14926 0.985 0.137651
14927 0.985 0.137639
14928 0.985 0.137643
14929 0.985 0.137663
14930 0.985 0.137696
14931 0.985 0.137711
14932 0.985 0.137708
14933 0.985 0.137721
14934 0.985 0.137749
14935 0.985 0.137789
14936 0.985 0.137841
14937 0.985 0.137904
14938 0.985 0.137952
14939 0.985 0.137988
14940 0.985 0.138013
14941 0.985 0.138027
14942 0.985 0.138024
14943 0.985 0.138005
14944 0.985 0.137973
14945 0.985 0.137928
14946 0.985 0.137872
14947 0.985 0.137806
14948 0.985 0.137731
14949 0.985 0.137647
14950 0.985 0.137588
14951 0.985 0.13755
14952 0.985 0.137532
14953 0.985 0.137532
14954 0.985 0.137547
14955 0.985 0.137576
14956 0.985 0.137618
14957 0.985 0.137672
14958 0.985 0.137736
14959 0.985 0.137809
14960 0.985 0.137891
14961 0.985 0.13798
14962 0.985 0.138052
14963 0.985 0.13811
14964 0.985 0.138153
14965 0.985 0.138185
14966 0.985 0.138205
14967 0.985 0.138216
14968 0.985 0.138241
14969 0.985 0.13828
14970 0.985 0.13833
14971 0.985 0.13839
14972 0.985 0.13843
14973 0.985 0.138449
14974 0.985 0.138451
14975 0.985 0.138437
14976 0.985 0.138409
14977 0.985 0.138376
14978 0.985 0.138361
14979 0.985 0.138364
14980 0.985 0.138382
14981 0.985 0.138415
14982 0.985 0.138459
14983 0.985 0.138515
14984 0.985 0.138557
14985 0.985 0.138587
14986 0.985 0.138607
14987 0.985 0.138616
14988 0.985 0.138617
14989 0.985 0.138609
14990 0.985 0.138595
14991 0.985 0.138574
14992 0.985 0.138571
14993 0.985 0.138584
14994 0.985 0.138611
14995 0.985 0.138628
14996 0.985 0.138627
14997 0.985 0.138611
14998 0.985 0.138581
14999 0.985 0.138538
15000 0.985 0.138515
