14000 0.870978 0.0692031
14001 0.870974 0.0691595
14002 0.870977 0.0691337
14003 0.870989 0.0691241
14004 0.871007 0.0691288
14005 0.871031 0.0691466
14006 0.87106 0.0691761
14007 0.871094 0.0692162
14008 0.871133 0.0692657
14009 0.871167 0.0692947
14010 0.871197 0.0693053
14011 0.871217 0.0693283
14012 0.871242 0.0693624
14013 0.871273 0.0694067
14014 0.871308 0.06946
14015 0.871348 0.0695214
14016 0.871383 0.0695612
14017 0.871414 0.0695815
14018 0.871441 0.0695842
14019 0.871466 0.069571
14020 0.871487 0.0695437
14021 0.871506 0.0695035
14022 0.871516 0.0694809
14023 0.871516 0.069474
14024 0.871509 0.0694814
14025 0.871495 0.0695015
14026 0.871475 0.0695331
14027 0.871456 0.0695461
14028 0.871439 0.0695421
14029 0.871423 0.0695231
14030 0.871408 0.0694904
14031 0.871387 0.0694745
14032 0.871361 0.0694737
14033 0.871336 0.0694574
14034 0.871314 0.0694272
14035 0.871293 0.0693844
14036 0.871267 0.0693595
14037 0.871236 0.0693506
14038 0.8712 0.0693562
14039 0.87116 0.0693748
14040 0.871116 0.0694052
14041 0.871069 0.069446
14042 0.871019 0.0694964
14043 0.870966 0.0695553
14044 0.870918 0.0695927
14045 0.870875 0.0696108
14046 0.870835 0.0696115
14047 0.870798 0.0695966
14048 0.870765 0.0695677
14049 0.870734 0.069526
14050 0.870705 0.069473
14051 0.870679 0.0694097
14052 0.870655 0.0693372
14053 0.870626 0.0692855
14054 0.870591 0.0692524
14055 0.870553 0.0692362
14056 0.87051 0.0692351
14057 0.870464 0.0692477
14058 0.870422 0.0692434
14059 0.870376 0.0692531
14060 0.870334 0.0692462
14061 0.870289 0.0692536
14062 0.870256 0.0692737
14063 0.870233 0.0693053
14064 0.870221 0.0693473
14065 0.870218 0.0693986
14066 0.870214 0.0694292
14067 0.87021 0.0694412
14068 0.870205 0.0694365
14069 0.8702 0.0694167
14070 0.870195 0.0693833
14071 0.870182 0.0693667
14072 0.870163 0.0693653
14073 0.870139 0.0693776
14074 0.870108 0.0694021
14075 0.870074 0.0694378
14076 0.870041 0.0694543
14077 0.870012 0.0694536
14078 0.869984 0.0694375
14079 0.869958 0.0694074
14080 0.869934 0.0693648
14081 0.869904 0.06934
14082 0.86987 0.0693311
14083 0.869847 0.0693366
14084 0.869825 0.069326
14085 0.869813 0.06933
14086 0.86981 0.0693471
14087 0.869807 0.069347
14088 0.869803 0.0693313
14089 0.869807 0.0693307
14090 0.869818 0.0693437
14091 0.869836 0.069369
14092 0.869859 0.0694054
14093 0.869889 0.0694517
14094 0.869922 0.0695069
14095 0.86996 0.0695702
14096 0.869994 0.0696117
14097 0.870023 0.0696334
14098 0.870057 0.0696665
14099 0.870095 0.0697099
14100 0.870128 0.0697334
14101 0.870157 0.0697391
14102 0.870183 0.0697286
14103 0.870204 0.0697037
14104 0.870232 0.0696948
14105 0.870256 0.0696713
14106 0.870276 0.0696346
14107 0.870294 0.069586
14108 0.870317 0.0695559
14109 0.870346 0.0695423
14110 0.870371 0.0695146
14111 0.870393 0.0694741
14112 0.870411 0.069422
14113 0.870427 0.0693596
14114 0.870449 0.069317
14115 0.870477 0.0692922
14116 0.870509 0.0692834
14117 0.870538 0.0692599
14118 0.870562 0.0692231
14119 0.870584 0.0691745
14120 0.870611 0.0691443
14121 0.870627 0.0691305
14122 0.870634 0.0691317
14123 0.870633 0.0691462
14124 0.870624 0.0691728
14125 0.870615 0.0691812
14126 0.870599 0.0692022
14127 0.870577 0.0692347
14128 0.870549 0.0692774
14129 0.870532 0.0693294
14130 0.870525 0.0693897
14131 0.870525 0.0694575
14132 0.870525 0.069503
14133 0.870524 0.0695284
14134 0.870522 0.0695357
14135 0.87052 0.0695267
14136 0.870517 0.0695031
14137 0.870513 0.0694663
14138 0.870509 0.0694177
14139 0.870497 0.0693874
14140 0.870479 0.0693737
14141 0.870455 0.069375
14142 0.870426 0.0693897
14143 0.870392 0.0694164
14144 0.870353 0.0694541
14145 0.870311 0.0695016
14146 0.870272 0.0695288
14147 0.870236 0.0695377
14148 0.870203 0.0695301
14149 0.870172 0.0695078
14150 0.870143 0.0694721
14151 0.870109 0.0694536
14152 0.870071 0.0694504
14153 0.870052 0.0694477
14154 0.870051 0.0694452
14155 0.870066 0.069443
14156 0.870094 0.069441
14157 0.870112 0.0694528
14158 0.870128 0.0694479
14159 0.87014 0.0694279
14160 0.870151 0.0693944
14161 0.870152 0.0693777
14162 0.870146 0.0693763
14163 0.870133 0.0693887
14164 0.870113 0.0694133
14165 0.870094 0.0694199
14166 0.870076 0.0694104
14167 0.870059 0.0693862
14168 0.870042 0.0693489
14169 0.870026 0.0692997
14170 0.870004 0.069269
14171 0.869976 0.0692549
14172 0.869944 0.0692558
14173 0.869913 0.069241
14174 0.869884 0.0692122
14175 0.869858 0.0691707
14176 0.869825 0.0691468
14177 0.869795 0.0691098
14178 0.869767 0.0690609
14179 0.86975 0.0690304
14180 0.869742 0.0690165
14181 0.869742 0.0690175
14182 0.869751 0.0690318
14183 0.869757 0.0690292
14184 0.869762 0.0690113
14185 0.869765 0.0689795
14186 0.869766 0.0689354
14187 0.869776 0.0689092
14188 0.869792 0.0688991
14189 0.869814 0.0689034
14190 0.869842 0.0689207
14191 0.869866 0.0689208
14192 0.869887 0.0689053
14193 0.869904 0.0688758
14194 0.869928 0.0688627
14195 0.869957 0.0688643
14196 0.869991 0.0688792
14197 0.87003 0.068906
14198 0.870056 0.0689436
14199 0.870073 0.0689908
14200 0.870079 0.0690467
14201 0.870078 0.0691105
14202 0.870075 0.0691523
14203 0.870071 0.0691745
14204 0.87006 0.0692079
14205 0.870043 0.0692515
14206 0.870019 0.0693041
14207 0.869996 0.069336
14208 0.869984 0.0693782
14209 0.86998 0.0694296
14210 0.869985 0.0694894
14211 0.869997 0.0695567
14212 0.870006 0.0696018
14213 0.870013 0.0696268
14214 0.870019 0.0696338
14215 0.870023 0.0696246
14216 0.870025 0.0696008
14217 0.870026 0.0695638
14218 0.870042 0.0695308
14219 0.870072 0.0695013
14220 0.870107 0.0694883
14221 0.870146 0.06949
14222 0.870168 0.0694849
14223 0.870173 0.0694734
14224 0.870176 0.0694476
14225 0.870178 0.0694089
14226 0.870188 0.0693875
14227 0.870204 0.0693818
14228 0.870226 0.0693902
14229 0.870254 0.0694113
14230 0.870287 0.0694438
14231 0.870302 0.0694662
14232 0.870302 0.0694796
14233 0.870288 0.0694849
14234 0.870283 0.0695032
14235 0.870294 0.0695198
14236 0.87032 0.0695348
14237 0.870358 0.0695485
14238 0.870409 0.069561
14239 0.870469 0.0695724
14240 0.87051 0.0695759
14241 0.870533 0.0695723
14242 0.870539 0.0695621
14243 0.870553 0.0695666
14244 0.870572 0.0695843
14245 0.870597 0.0696138
14246 0.870606 0.0696335
14247 0.87063 0.0696515
14248 0.87065 0.0696522
14249 0.870667 0.0696372
14250 0.870681 0.0696082
14251 0.870693 0.0695666
14252 0.870702 0.0695136
14253 0.870719 0.0694794
14254 0.870741 0.0694623
14255 0.870769 0.0694604
14256 0.870793 0.0694432
14257 0.870813 0.0694122
14258 0.870831 0.0693687
14259 0.870845 0.069314
14260 0.870866 0.0692783
14261 0.870877 0.0692596
14262 0.87088 0.0692564
14263 0.870874 0.0692669
14264 0.870868 0.0692609
14265 0.870861 0.0692399
14266 0.870854 0.0692054
14267 0.87084 0.0691879
14268 0.87082 0.0691857
14269 0.870793 0.0691971
14270 0.870769 0.0691919
14271 0.870754 0.0692007
14272 0.870749 0.0692221
14273 0.870752 0.0692549
14274 0.870754 0.0692689
14275 0.870755 0.0692659
14276 0.870755 0.0692477
14277 0.870746 0.0692448
14278 0.870731 0.0692556
14279 0.87071 0.0692789
14280 0.870683 0.0693134
14281 0.870651 0.069358
14282 0.870614 0.0694116
14283 0.87058 0.0694443
14284 0.870549 0.0694582
14285 0.870519 0.0694552
14286 0.870492 0.0694369
14287 0.870466 0.0694049
14288 0.870441 0.0693605
14289 0.870418 0.0693051
14290 0.870405 0.0692687
14291 0.870401 0.0692494
14292 0.870405 0.0692457
14293 0.870416 0.0692558
14294 0.870434 0.0692785
14295 0.870458 0.0693124
14296 0.870487 0.0693565
14297 0.870513 0.0693806
14298 0.870534 0.0693868
14299 0.870553 0.0693768
14300 0.870561 0.0693814
14301 0.870561 0.069399
14302 0.870554 0.0694284
14303 0.870539 0.0694683
14304 0.870525 0.0694888
14305 0.870511 0.0694916
14306 0.870498 0.0694787
14307 0.870471 0.0694602
14308 0.87044 0.0694571
14309 0.870427 0.0694545
14310 0.870408 0.0694656
14311 0.870383 0.0694892
14312 0.870376 0.0695105
14313 0.870386 0.0695298
14314 0.87041 0.0695473
14315 0.870447 0.0695633
14316 0.870496 0.0695777
14317 0.870526 0.069584
14318 0.870539 0.0695829
14319 0.870537 0.0695752
14320 0.870521 0.0695615
14321 0.870522 0.0695492
14322 0.870539 0.0695383
14323 0.870569 0.0695285
14324 0.870589 0.0695333
14325 0.870599 0.0695512
14326 0.870607 0.0695518
14327 0.870613 0.0695368
14328 0.870617 0.0695077
14329 0.870614 0.0694951
14330 0.870603 0.0694974
14331 0.870585 0.0695132
14332 0.870562 0.069541
14333 0.870539 0.0695504
14334 0.870518 0.0695434
14335 0.870498 0.0695214
14336 0.870472 0.0695153
14337 0.870441 0.0695235
14338 0.870412 0.0695152
14339 0.870385 0.0694922
14340 0.870353 0.0694852
14341 0.870316 0.0694925
14342 0.870276 0.0695128
14343 0.870238 0.0695154
14344 0.870197 0.0695315
14345 0.870158 0.0695303
14346 0.870116 0.069543
14347 0.870077 0.0695388
14348 0.870041 0.0695194
14349 0.87 0.0695156
14350 0.869956 0.0695258
14351 0.869915 0.0695195
14352 0.869877 0.0694982
14353 0.869842 0.0694635
14354 0.869802 0.0694459
14355 0.869758 0.0694435
14356 0.869718 0.0694259
14357 0.86968 0.0693946
14358 0.869653 0.0693799
14359 0.869637 0.0693802
14360 0.86963 0.0693941
14361 0.869632 0.0694201
14362 0.869641 0.0694572
14363 0.869665 0.0694905
14364 0.869702 0.0695205
14365 0.869751 0.0695475
14366 0.86981 0.0695719
14367 0.86988 0.0695938
14368 0.869957 0.0696136
14369 0.870043 0.0696314
14370 0.870106 0.0696409
14371 0.870149 0.0696428
14372 0.870173 0.0696379
14373 0.87018 0.0696268
14374 0.870173 0.0696101
14375 0.870153 0.0695885
14376 0.87012 0.0695624
14377 0.870077 0.0695322
14378 0.870045 0.0695186
14379 0.870032 0.0695064
14380 0.870037 0.0694955
14381 0.870056 0.0694857
14382 0.870089 0.0694769
14383 0.870126 0.0694826
14384 0.870168 0.0695013
14385 0.870212 0.0695317
14386 0.870239 0.0695524
14387 0.870248 0.0695644
14388 0.870242 0.0695686
14389 0.870236 0.0695569
14390 0.870216 0.0695396
14391 0.870184 0.0695175
14392 0.870171 0.0694976
14393 0.870174 0.0694799
14394 0.870193 0.0694639
14395 0.870226 0.0694497
14396 0.870271 0.0694369
14397 0.870298 0.0694188
14398 0.870307 0.0693958
14399 0.870302 0.0693684
14400 0.870283 0.0693372
14401 0.870252 0.0693024
14402 0.870209 0.0692644
14403 0.870179 0.0692437
14404 0.870159 0.0692387
14405 0.87015 0.0692478
14406 0.870148 0.0692696
14407 0.870163 0.0692892
14408 0.870192 0.069307
14409 0.870203 0.0693163
14410 0.8702 0.069318
14411 0.870212 0.0693196
14412 0.870239 0.0693212
14413 0.870279 0.0693227
14414 0.87033 0.0693241
14415 0.870392 0.0693255
14416 0.870434 0.06932
14417 0.870463 0.0693287
14418 0.870482 0.0693501
14419 0.870492 0.0693829
14420 0.870493 0.0694261
14421 0.870479 0.0694583
14422 0.870453 0.0694805
14423 0.870415 0.0694939
14424 0.870367 0.0694993
14425 0.87031 0.0694975
14426 0.870274 0.0694959
14427 0.870257 0.0694947
14428 0.870258 0.0694938
14429 0.870274 0.069493
14430 0.870304 0.0694925
14431 0.870347 0.0694922
14432 0.870371 0.0694853
14433 0.870379 0.0694724
14434 0.870372 0.0694542
14435 0.870351 0.0694311
14436 0.870319 0.0694036
14437 0.870275 0.0693722
14438 0.870222 0.0693373
14439 0.87019 0.069306
14440 0.870176 0.0692779
14441 0.870172 0.0692663
14442 0.870176 0.0692693
14443 0.870187 0.0692857
14444 0.870204 0.069314
14445 0.870228 0.0693531
14446 0.870235 0.0693816
14447 0.870228 0.0694006
14448 0.870207 0.069411
14449 0.870203 0.0694204
14450 0.870216 0.069429
14451 0.870243 0.0694369
14452 0.870283 0.0694441
14453 0.870334 0.0694508
14454 0.870397 0.0694569
14455 0.870438 0.0694557
14456 0.870462 0.0694479
14457 0.870498 0.069441
14458 0.870547 0.069435
14459 0.870577 0.0694228
14460 0.87059 0.0694051
14461 0.870617 0.0693893
14462 0.870657 0.0693752
14463 0.870678 0.0693557
14464 0.870684 0.0693313
14465 0.870705 0.0693096
14466 0.870739 0.0692901
14467 0.870785 0.0692727
14468 0.870843 0.0692571
14469 0.870887 0.0692567
14470 0.870919 0.0692698
14471 0.87094 0.0692953
14472 0.870944 0.0693114
14473 0.870935 0.069319
14474 0.870912 0.069319
14475 0.870884 0.0693326
14476 0.87085 0.0693584
14477 0.870813 0.0693952
14478 0.870795 0.0694285
14479 0.870794 0.0694584
14480 0.870809 0.0694855
14481 0.870838 0.0695099
14482 0.87085 0.0695251
14483 0.870847 0.0695321
14484 0.87083 0.0695316
14485 0.870801 0.0695243
14486 0.87079 0.0695179
14487 0.870796 0.0695122
14488 0.870817 0.0695071
14489 0.870828 0.0695161
14490 0.870831 0.0695379
14491 0.870825 0.0695713
14492 0.870813 0.0696149
14493 0.870794 0.0696679
14494 0.870763 0.0697088
14495 0.870721 0.069739
14496 0.870676 0.0697798
14497 0.870628 0.0698301
14498 0.8706 0.0698756
14499 0.870591 0.0699167
14500 0.870568 0.069947
14501 0.870534 0.0699676
14502 0.870489 0.0699796
14503 0.870434 0.0699838
14504 0.8704 0.0699877
14505 0.870385 0.0699913
14506 0.870358 0.069988
14507 0.870319 0.0699784
14508 0.87027 0.0699632
14509 0.870242 0.0699496
14510 0.870202 0.0699307
14511 0.870182 0.0699139
14512 0.870179 0.0698988
14513 0.870163 0.0698786
14514 0.870134 0.069854
14515 0.870094 0.0698252
14516 0.870043 0.0697927
14517 0.870014 0.0697636
14518 0.870003 0.0697375
14519 0.870008 0.069714
14520 0.870029 0.0696929
14521 0.870062 0.0696739
14522 0.870085 0.0696704
14523 0.870098 0.0696806
14524 0.870096 0.0696834
14525 0.870079 0.0696793
14526 0.870051 0.069669
14527 0.870011 0.0696532
14528 0.869961 0.0696325
14529 0.869931 0.0696139
14530 0.86992 0.0695971
14531 0.869926 0.0695821
14532 0.869923 0.0695821
14533 0.869913 0.0695956
14534 0.869896 0.0696213
14535 0.869874 0.069658
14536 0.869869 0.0696911
14537 0.86988 0.0697211
14538 0.869906 0.0697482
14539 0.869945 0.0697727
14540 0.869965 0.0697883
14541 0.86997 0.0697958
14542 0.869959 0.0697961
14543 0.869936 0.0697899
14544 0.869901 0.0697779
14545 0.869885 0.0697673
14546 0.869886 0.0697579
14547 0.869879 0.0697631
14548 0.869866 0.0697814
14549 0.869846 0.0698115
14550 0.869821 0.0698522
14551 0.869784 0.0698824
14552 0.869737 0.0699032
14553 0.86968 0.0699155
14554 0.869615 0.0699202
14555 0.869542 0.0699181
14556 0.869491 0.0699163
14557 0.869462 0.0699149
14558 0.869451 0.0699138
14559 0.869456 0.069913
14560 0.869447 0.0699059
14561 0.869425 0.0698932
14562 0.86939 0.0698753
14563 0.869345 0.0698529
14564 0.869291 0.0698264
14565 0.869257 0.0698027
14566 0.869242 0.0697815
14567 0.869244 0.0697626
14568 0.869261 0.0697457
14569 0.869292 0.0697306
14570 0.869336 0.0697172
14571 0.869361 0.0696988
14572 0.869369 0.069676
14573 0.869363 0.0696491
14574 0.869343 0.0696186
14575 0.86931 0.0695849
14576 0.869267 0.0695481
14577 0.869243 0.0695151
14578 0.869238 0.0694855
14579 0.869225 0.0694723
14580 0.869221 0.0694739
14581 0.869226 0.0694889
14582 0.869237 0.0695159
14583 0.869255 0.0695538
14584 0.869279 0.0696014
14585 0.869309 0.0696578
14586 0.869321 0.0697022
14587 0.869317 0.069736
14588 0.8693 0.0697601
14589 0.8693 0.0697819
14590 0.869315 0.0698017
14591 0.869345 0.0698195
14592 0.869387 0.0698356
14593 0.869411 0.0698439
14594 0.869418 0.0698451
14595 0.86941 0.0698399
14596 0.869389 0.069829
14597 0.869355 0.0698129
14598 0.86934 0.0697985
14599 0.869343 0.0697856
14600 0.86936 0.069774
14601 0.869392 0.0697636
14602 0.869406 0.0697481
14603 0.869405 0.0697278
14604 0.869389 0.0697032
14605 0.86936 0.0696749
14606 0.869342 0.0696631
14607 0.869333 0.0696664
14608 0.869332 0.0696831
14609 0.869339 0.069712
14610 0.869353 0.0697519
14611 0.869381 0.0697877
14612 0.869391 0.0698138
14613 0.869387 0.069831
14614 0.869368 0.0698402
14615 0.869337 0.0698423
14616 0.869325 0.0698442
14617 0.869299 0.0698397
14618 0.869292 0.0698357
14619 0.869271 0.0698258
14620 0.869238 0.0698106
14621 0.869215 0.0698108
14622 0.869202 0.0698248
14623 0.869198 0.0698512
14624 0.869202 0.0698889
14625 0.869212 0.0699367
14626 0.869229 0.0699935
14627 0.869252 0.0700586
14628 0.869279 0.0701311
14629 0.869311 0.0702102
14630 0.869347 0.0702952
14631 0.869365 0.0703656
14632 0.869367 0.0704226
14633 0.869355 0.0704678
14634 0.869329 0.0705022
14635 0.869291 0.070527
14636 0.869243 0.0705432
14637 0.869216 0.0705577
14638 0.869206 0.0705708
14639 0.869214 0.0705827
14640 0.869236 0.0705933
14641 0.869271 0.0706029
14642 0.869289 0.0706053
14643 0.869291 0.0706013
14644 0.869278 0.0705915
14645 0.869252 0.0705764
14646 0.869244 0.0705629
14647 0.869223 0.0705444
14648 0.86921 0.0705418
14649 0.869206 0.0705535
14650 0.86921 0.0705779
14651 0.86922 0.0706139
14652 0.869215 0.0706401
14653 0.869196 0.0706575
14654 0.869186 0.0706871
14655 0.869184 0.0707278
14656 0.869168 0.0707583
14657 0.86916 0.0707998
14658 0.86916 0.0708511
14659 0.869167 0.0709114
14660 0.869159 0.0709595
14661 0.869137 0.0709967
14662 0.869124 0.0710442
14663 0.869098 0.0710809
14664 0.869061 0.0711078
14665 0.869012 0.0711258
14666 0.868976 0.0711562
14667 0.868958 0.0711835
14668 0.868958 0.0712082
14669 0.868974 0.0712305
14670 0.869004 0.0712506
14671 0.869046 0.0712688
14672 0.8691 0.0712853
14673 0.869134 0.071294
14674 0.86915 0.0712958
14675 0.86915 0.0712914
14676 0.869136 0.0712813
14677 0.869109 0.0712662
14678 0.8691 0.0712526
14679 0.869107 0.0712404
14680 0.8691 0.0712234
14681 0.869078 0.0712019
14682 0.869075 0.0711826
14683 0.869088 0.0711653
14684 0.869115 0.0711497
14685 0.869155 0.0711357
14686 0.869197 0.0711373
14687 0.869243 0.0711528
14688 0.86929 0.071181
14689 0.869339 0.0712206
14690 0.86939 0.0712703
14691 0.869422 0.0713089
14692 0.869436 0.0713375
14693 0.869434 0.0713571
14694 0.869418 0.0713686
14695 0.869389 0.0713727
14696 0.869379 0.0713765
14697 0.869386 0.0713799
14698 0.869407 0.0713831
14699 0.869412 0.0713797
14700 0.869402 0.0713704
14701 0.869379 0.0713557
14702 0.869373 0.0713426
14703 0.869375 0.0713449
14704 0.869384 0.0713612
14705 0.869398 0.0713901
14706 0.869417 0.0714302
14707 0.869441 0.0714805
14708 0.869448 0.0715196
14709 0.869441 0.0715485
14710 0.86944 0.0715887
14711 0.869446 0.0716391
14712 0.869458 0.0716987
14713 0.869476 0.0717667
14714 0.869477 0.0718216
14715 0.869463 0.0718647
14716 0.869458 0.0719179
14717 0.869459 0.07198
14718 0.869446 0.0720297
14719 0.86945 0.0720745
14720 0.869469 0.0721149
14721 0.869502 0.0721514
14722 0.869517 0.072178
14723 0.869516 0.0721958
14724 0.869501 0.0722056
14725 0.869503 0.0722146
14726 0.869521 0.0722227
14727 0.869552 0.0722301
14728 0.869566 0.0722306
14729 0.869595 0.0722311
14730 0.869636 0.0722317
14731 0.869658 0.0722259
14732 0.869664 0.0722145
14733 0.869655 0.072198
14734 0.869633 0.0721768
14735 0.869628 0.0721578
14736 0.86964 0.0721409
14737 0.869666 0.0721257
14738 0.869705 0.0721122
14739 0.869756 0.0721001
14740 0.869818 0.0720893
14741 0.869859 0.0720732
14742 0.869881 0.0720525
14743 0.869887 0.0720274
14744 0.869878 0.0719986
14745 0.869856 0.0719662
14746 0.869852 0.0719372
14747 0.869854 0.0719254
14748 0.869862 0.071929
14749 0.869876 0.0719467
14750 0.869875 0.0719561
14751 0.869889 0.0719647
14752 0.869917 0.0719725
14753 0.869958 0.0719796
14754 0.869981 0.0719795
14755 0.870008 0.0719938
14756 0.870038 0.072021
14757 0.870051 0.0720391
14758 0.870049 0.072049
14759 0.870062 0.072058
14760 0.87009 0.0720662
14761 0.87013 0.0720736
14762 0.870183 0.0720803
14763 0.870245 0.0720865
14764 0.870287 0.0720855
14765 0.870311 0.0720783
14766 0.870318 0.0720653
14767 0.87034 0.0720537
14768 0.870345 0.0720367
14769 0.870366 0.0720215
14770 0.8704 0.0720079
14771 0.870417 0.0719891
14772 0.870447 0.0719723
14773 0.870461 0.0719506
14774 0.870479 0.0719455
14775 0.870502 0.0719551
14776 0.870508 0.0719572
14777 0.870499 0.0719526
14778 0.870498 0.0719628
14779 0.870503 0.0719863
14780 0.870523 0.0720075
14781 0.870557 0.0720266
14782 0.870603 0.0720439
14783 0.87063 0.0720529
14784 0.870641 0.0720546
14785 0.870636 0.0720495
14786 0.870647 0.072045
14787 0.870673 0.0720409
14788 0.870711 0.0720372
14789 0.870762 0.0720338
14790 0.870793 0.0720242
14791 0.870807 0.0720091
14792 0.870806 0.0719888
14793 0.87081 0.0719851
14794 0.870821 0.0719961
14795 0.870836 0.0720204
14796 0.870857 0.0720568
14797 0.870881 0.0721039
14798 0.870889 0.0721397
14799 0.870881 0.0721654
14800 0.870861 0.0721819
14801 0.870828 0.0721902
14802 0.870784 0.072191
14803 0.87075 0.0722061
14804 0.870726 0.0722342
14805 0.870711 0.0722739
14806 0.870703 0.072324
14807 0.870703 0.0723836
14808 0.870688 0.0724306
14809 0.87066 0.0724664
14810 0.870621 0.0724921
14811 0.870601 0.0725153
14812 0.870599 0.0725362
14813 0.870613 0.0725552
14814 0.870611 0.0725658
14815 0.870596 0.0725688
14816 0.870597 0.0725716
14817 0.870614 0.0725742
14818 0.870645 0.0725767
14819 0.870688 0.072579
14820 0.870713 0.0725746
14821 0.870722 0.072564
14822 0.870715 0.072548
14823 0.870694 0.072527
14824 0.870691 0.0725083
14825 0.870705 0.0724915
14826 0.870732 0.0724766
14827 0.870743 0.0724565
14828 0.870738 0.0724319
14829 0.87075 0.0724099
14830 0.870776 0.0723903
14831 0.870815 0.0723728
14832 0.870865 0.0723573
14833 0.870897 0.0723368
14834 0.870911 0.0723116
14835 0.87091 0.0722823
14836 0.870894 0.0722493
14837 0.870896 0.0722198
14838 0.870913 0.0721933
14839 0.870945 0.0721698
14840 0.870988 0.0721487
14841 0.871043 0.0721299
14842 0.871109 0.0721131
14843 0.871153 0.0720914
14844 0.871179 0.072065
14845 0.871188 0.0720346
14846 0.871212 0.0720073
14847 0.87125 0.071983
14848 0.871299 0.0719612
14849 0.871329 0.0719348
14850 0.871342 0.0719042
14851 0.871339 0.0718699
14852 0.871323 0.0718322
14853 0.871324 0.0717984
14854 0.871341 0.0717681
14855 0.871371 0.0717409
14856 0.871414 0.0717165
14857 0.871469 0.0716946
14858 0.871534 0.0716749
14859 0.871578 0.0716503
14860 0.871604 0.0716213
14861 0.871613 0.0715883
14862 0.871607 0.0715517
14863 0.871587 0.0715118
14864 0.871577 0.0714902
14865 0.871573 0.071485
14866 0.871577 0.0714946
14867 0.871587 0.0715175
14868 0.871602 0.0715523
14869 0.871632 0.0715837
14870 0.871674 0.0716121
14871 0.871698 0.0716307
14872 0.871705 0.0716406
14873 0.871698 0.0716426
14874 0.871707 0.0716445
14875 0.87173 0.0716463
14876 0.871768 0.0716481
14877 0.871787 0.0716427
14878 0.87179 0.071631
14879 0.871779 0.0716135
14880 0.871755 0.0715909
14881 0.871719 0.0715635
14882 0.871703 0.0715389
14883 0.871704 0.0715169
14884 0.87169 0.07149
14885 0.871664 0.0714588
14886 0.871627 0.0714238
14887 0.8716 0.0714064
14888 0.871583 0.0714049
14889 0.871573 0.0714178
14890 0.871572 0.0714436
14891 0.871577 0.071481
14892 0.871588 0.0715289
14893 0.871605 0.0715862
14894 0.871626 0.0716519
14895 0.871652 0.0717254
14896 0.871682 0.0718057
14897 0.871695 0.071871
14898 0.871692 0.0719229
14899 0.871676 0.0719627
14900 0.871647 0.0719916
14901 0.871607 0.0720107
14902 0.871557 0.072021
14903 0.871527 0.0720303
14904 0.871517 0.0720387
14905 0.871523 0.0720464
14906 0.871544 0.0720534
14907 0.871578 0.0720598
14908 0.871625 0.0720656
14909 0.871653 0.072064
14910 0.871665 0.0720557
14911 0.871661 0.0720413
14912 0.871643 0.0720215
14913 0.871642 0.0720037
14914 0.871658 0.0719878
14915 0.871688 0.0719736
14916 0.87173 0.0719609
14917 0.871784 0.0719495
14918 0.871818 0.0719323
14919 0.871835 0.07191
14920 0.871836 0.071883
14921 0.871822 0.0718518
14922 0.871796 0.0718169
14923 0.871789 0.0717854
14924 0.871788 0.0717714
14925 0.871794 0.0717732
14926 0.871805 0.0717891
14927 0.871802 0.0717966
14928 0.871805 0.0718176
14929 0.871793 0.0718296
14930 0.871789 0.0718548
14931 0.871792 0.0718918
14932 0.871801 0.0719394
14933 0.871795 0.0719753
14934 0.871775 0.0720007
14935 0.871744 0.0720167
14936 0.871722 0.0720454
14937 0.871708 0.0720856
14938 0.871702 0.0721361
14939 0.871702 0.0721961
14940 0.871709 0.0722644
14941 0.871722 0.0723402
14942 0.871719 0.0724017
14943 0.871702 0.0724502
14944 0.871672 0.072487
14945 0.871662 0.0725202
14946 0.871668 0.0725502
14947 0.871689 0.0725772
14948 0.871694 0.0725947
14949 0.871684 0.0726037
14950 0.871691 0.0726119
14951 0.871713 0.0726193
14952 0.871719 0.0726192
14953 0.871709 0.0726123
14954 0.871687 0.0725993
14955 0.871683 0.0725876
14956 0.871694 0.0725772
14957 0.871721 0.0725679
14958 0.87173 0.0725526
14959 0.871725 0.0725322
14960 0.871735 0.0725137
14961 0.871731 0.0724903
14962 0.871712 0.0724624
14963 0.871702 0.0724519
14964 0.871698 0.072457
14965 0.871701 0.0724761
14966 0.871709 0.0725079
14967 0.871723 0.072551
14968 0.871721 0.0725831
14969 0.871725 0.0726265
14970 0.871734 0.0726801
14971 0.871728 0.0727216
14972 0.871709 0.0727521
14973 0.871678 0.0727728
14974 0.871655 0.072806
14975 0.87165 0.0728359
14976 0.871632 0.072856
14977 0.871621 0.0728887
14978 0.871617 0.0729328
14979 0.871619 0.0729871
14980 0.871627 0.0730507
14981 0.871619 0.0731011
14982 0.871598 0.0731397
14983 0.871565 0.0731677
14984 0.871521 0.0731862
14985 0.871468 0.073196
14986 0.871405 0.073198
14987 0.871355 0.0732146
14988 0.871314 0.0732443
14989 0.871284 0.0732857
14990 0.871261 0.0733377
14991 0.871247 0.0733992
14992 0.871239 0.0734693
14993 0.871237 0.0735472
14994 0.871222 0.0736105
14995 0.871193 0.0736609
14996 0.871173 0.0737209
14997 0.87116 0.0737897
14998 0.871134 0.073845
14999 0.871097 0.073888
15000 0.871049 0.0739202
