14000 0.873794 0.38216
14001 0.873761 0.382149
14002 0.873717 0.382147
14003 0.873663 0.382153
14004 0.873617 0.382174
14005 0.873576 0.382208
14006 0.87354 0.382254
14007 0.873508 0.382311
14008 0.873489 0.38235
14009 0.873472 0.3824
14010 0.873466 0.382433
14011 0.873461 0.382477
14012 0.873458 0.382533
14013 0.873456 0.382598
14014 0.873463 0.382644
14015 0.873478 0.382673
14016 0.8735 0.382686
14017 0.873529 0.382684
14018 0.873563 0.38267
14019 0.873603 0.382644
14020 0.873647 0.382608
14021 0.873696 0.382563
14022 0.87374 0.382538
14023 0.873781 0.38253
14024 0.873827 0.382511
14025 0.873877 0.382481
14026 0.873931 0.382441
14027 0.87398 0.38242
14028 0.874026 0.382417
14029 0.874068 0.38243
14030 0.874092 0.382449
14031 0.874122 0.382454
14032 0.874159 0.382445
14033 0.8742 0.382424
14034 0.874224 0.382414
14035 0.874232 0.382412
14036 0.874248 0.382397
14037 0.874271 0.382371
14038 0.8743 0.382335
14039 0.874336 0.38229
14040 0.874355 0.382257
14041 0.874358 0.382235
14042 0.874347 0.382223
14043 0.874324 0.38222
14044 0.87429 0.382225
14045 0.874268 0.382217
14046 0.874257 0.382197
14047 0.874256 0.382166
14048 0.874242 0.382146
14049 0.874216 0.382136
14050 0.874178 0.382134
14051 0.874132 0.382141
14052 0.874098 0.382134
14053 0.874054 0.382135
14054 0.874024 0.382124
14055 0.873983 0.382121
14056 0.873955 0.382106
14057 0.873938 0.382079
14058 0.873932 0.382042
14059 0.873934 0.381996
14060 0.873924 0.381962
14061 0.8739 0.381939
14062 0.873866 0.381927
14063 0.873843 0.381902
14064 0.873824 0.381896
14065 0.873808 0.381905
14066 0.873802 0.381901
14067 0.873805 0.381884
14068 0.873809 0.381885
14069 0.873813 0.381901
14070 0.873826 0.381902
14071 0.873846 0.38189
14072 0.873872 0.381866
14073 0.873905 0.381832
14074 0.873935 0.381817
14075 0.873963 0.381819
14076 0.87399 0.381836
14077 0.874014 0.381867
14078 0.874038 0.38191
14079 0.874068 0.381936
14080 0.874103 0.381947
14081 0.874143 0.381943
14082 0.874166 0.381947
14083 0.874173 0.381959
14084 0.874166 0.381978
14085 0.874146 0.382002
14086 0.874136 0.382011
14087 0.874137 0.382006
14088 0.874145 0.381988
14089 0.874161 0.381959
14090 0.874184 0.38192
14091 0.874214 0.381872
14092 0.874249 0.381815
14093 0.874289 0.381751
14094 0.874326 0.381709
14095 0.874361 0.381687
14096 0.874393 0.381683
14097 0.874431 0.381665
14098 0.874474 0.381637
14099 0.874498 0.381619
14100 0.874507 0.381611
14101 0.874501 0.381611
14102 0.874482 0.381618
14103 0.874451 0.381633
14104 0.874432 0.381633
14105 0.874423 0.38162
14106 0.874424 0.381595
14107 0.874433 0.381559
14108 0.874427 0.381535
14109 0.874423 0.381529
14110 0.874421 0.381538
14111 0.874421 0.381563
14112 0.874429 0.381572
14113 0.874444 0.381567
14114 0.874467 0.381549
14115 0.874474 0.381541
14116 0.874466 0.381541
14117 0.874446 0.381549
14118 0.874414 0.381563
14119 0.874371 0.381584
14120 0.874342 0.38159
14121 0.874323 0.381582
14122 0.874316 0.381562
14123 0.874295 0.381552
14124 0.874263 0.38155
14125 0.874221 0.381556
14126 0.874184 0.381577
14127 0.874152 0.381611
14128 0.874124 0.381657
14129 0.874107 0.381686
14130 0.874101 0.381699
14131 0.874104 0.381697
14132 0.874108 0.381711
14133 0.874112 0.38174
14134 0.874117 0.381781
14135 0.874123 0.381833
14136 0.874129 0.381896
14137 0.874136 0.381968
14138 0.87415 0.382019
14139 0.874172 0.382053
14140 0.8742 0.382069
14141 0.874233 0.382071
14142 0.874272 0.38206
14143 0.874315 0.382037
14144 0.874362 0.382003
14145 0.874413 0.381959
14146 0.874468 0.381906
14147 0.874526 0.381846
14148 0.874564 0.3818
14149 0.874585 0.381765
14150 0.87459 0.381742
14151 0.874581 0.381729
14152 0.874559 0.381725
14153 0.874541 0.381737
14154 0.874526 0.381763
14155 0.874513 0.381802
14156 0.874503 0.381853
14157 0.874495 0.381914
14158 0.874497 0.381956
14159 0.874507 0.381981
14160 0.874525 0.381991
14161 0.874549 0.381986
14162 0.874573 0.381998
14163 0.87458 0.382016
14164 0.874573 0.38204
14165 0.874553 0.382069
14166 0.874522 0.382103
14167 0.874481 0.382142
14168 0.874429 0.382184
14169 0.874392 0.382209
14170 0.874367 0.382219
14171 0.874346 0.382243
14172 0.874328 0.38228
14173 0.874313 0.382329
14174 0.8743 0.382389
14175 0.874298 0.38243
14176 0.874304 0.382454
14177 0.874318 0.382462
14178 0.87434 0.382457
14179 0.87436 0.382468
14180 0.874365 0.382485
14181 0.874356 0.382508
14182 0.874335 0.382537
14183 0.874302 0.382571
14184 0.874259 0.382609
14185 0.874207 0.382651
14186 0.874168 0.382676
14187 0.874142 0.382686
14188 0.874128 0.382681
14189 0.874123 0.382664
14190 0.874128 0.382636
14191 0.874141 0.382598
14192 0.874139 0.382571
14193 0.874124 0.382555
14194 0.874096 0.382548
14195 0.874058 0.38255
14196 0.874033 0.382538
14197 0.874018 0.382515
14198 0.874014 0.382481
14199 0.874019 0.382437
14200 0.874031 0.382385
14201 0.874044 0.382353
14202 0.874056 0.38234
14203 0.874068 0.382344
14204 0.874088 0.382335
14205 0.874107 0.382342
14206 0.874124 0.382364
14207 0.874149 0.382371
14208 0.87418 0.382364
14209 0.874209 0.382373
14210 0.874243 0.382369
14211 0.874283 0.382352
14212 0.874305 0.382344
14213 0.874311 0.382344
14214 0.874303 0.382353
14215 0.874283 0.382368
14216 0.874251 0.382389
14217 0.874208 0.382415
14218 0.874156 0.382447
14219 0.874096 0.382483
14220 0.874028 0.382523
14221 0.873954 0.382567
14222 0.873895 0.382593
14223 0.873851 0.382604
14224 0.87382 0.3826
14225 0.8738 0.382584
14226 0.873791 0.382556
14227 0.873791 0.382518
14228 0.873799 0.382471
14229 0.873793 0.382436
14230 0.873775 0.382412
14231 0.873744 0.382398
14232 0.873717 0.382401
14233 0.873694 0.382419
14234 0.873681 0.382423
14235 0.873678 0.382412
14236 0.873684 0.38239
14237 0.873698 0.382357
14238 0.873711 0.382343
14239 0.873724 0.382346
14240 0.873744 0.382335
14241 0.87377 0.382313
14242 0.873802 0.38228
14243 0.873839 0.382236
14244 0.873859 0.382205
14245 0.873864 0.382185
14246 0.873854 0.382174
14247 0.873847 0.38218
14248 0.87384 0.382201
14249 0.873843 0.382207
14250 0.873855 0.382199
14251 0.873873 0.382179
14252 0.873898 0.382148
14253 0.873929 0.382107
14254 0.873958 0.382085
14255 0.873985 0.382081
14256 0.873996 0.382086
14257 0.873992 0.382097
14258 0.873996 0.382094
14259 0.874009 0.382079
14260 0.874022 0.382081
14261 0.874034 0.382098
14262 0.874046 0.382129
14263 0.874065 0.382143
14264 0.874083 0.382172
14265 0.8741 0.382214
14266 0.874124 0.382238
14267 0.874146 0.382276
14268 0.874153 0.382317
14269 0.874145 0.382362
14270 0.874147 0.382389
14271 0.874135 0.382422
14272 0.874133 0.382438
14273 0.87414 0.38244
14274 0.874132 0.382449
14275 0.874134 0.382444
14276 0.874144 0.382426
14277 0.874162 0.382398
14278 0.874164 0.38238
14279 0.874175 0.38235
14280 0.874193 0.382311
14281 0.874196 0.382283
14282 0.874185 0.382265
14283 0.874176 0.382265
14284 0.874168 0.382281
14285 0.87417 0.382282
14286 0.874181 0.38227
14287 0.874199 0.382246
14288 0.874223 0.382211
14289 0.874246 0.382195
14290 0.874268 0.382197
14291 0.874274 0.382206
14292 0.87428 0.382229
14293 0.874287 0.382266
14294 0.874294 0.382315
14295 0.874302 0.382374
14296 0.874317 0.382415
14297 0.874339 0.382438
14298 0.874367 0.382446
14299 0.874401 0.38244
14300 0.874441 0.382422
14301 0.874484 0.382392
14302 0.87451 0.382373
14303 0.87452 0.382364
14304 0.874515 0.382364
14305 0.874498 0.382371
14306 0.87449 0.382364
14307 0.874492 0.382346
14308 0.874502 0.382315
14309 0.874498 0.382296
14310 0.87448 0.382286
14311 0.874465 0.382293
14312 0.874453 0.382315
14313 0.874444 0.38235
14314 0.874443 0.382369
14315 0.874451 0.382372
14316 0.874467 0.382362
14317 0.874489 0.38234
14318 0.874518 0.382307
14319 0.874552 0.382264
14320 0.874569 0.382233
14321 0.874571 0.382213
14322 0.874559 0.382203
14323 0.874535 0.382202
14324 0.874522 0.382188
14325 0.874518 0.382161
14326 0.874523 0.382125
14327 0.874536 0.382079
14328 0.874556 0.382024
14329 0.874561 0.381983
14330 0.874551 0.381953
14331 0.874529 0.381935
14332 0.874496 0.381926
14333 0.874467 0.381933
14334 0.874443 0.381956
14335 0.874421 0.381991
14336 0.874403 0.382039
14337 0.874403 0.382082
14338 0.874418 0.382121
14339 0.874447 0.382157
14340 0.874489 0.38219
14341 0.874542 0.382219
14342 0.874606 0.382246
14343 0.874679 0.382271
14344 0.87476 0.382294
14345 0.874849 0.382315
14346 0.874945 0.382334
14347 0.875017 0.382344
14348 0.875069 0.382345
14349 0.875102 0.382338
14350 0.875147 0.382332
14351 0.875203 0.382327
14352 0.87527 0.382323
14353 0.875345 0.38232
14354 0.875399 0.38231
14355 0.875435 0.382292
14356 0.875453 0.382269
14357 0.875456 0.38224
14358 0.875445 0.382206
14359 0.875421 0.382168
14360 0.875416 0.382134
14361 0.875426 0.382104
14362 0.875452 0.382077
14363 0.87549 0.382054
14364 0.875541 0.382033
14365 0.875572 0.382023
14366 0.875587 0.382021
14367 0.875587 0.382027
14368 0.875573 0.382041
14369 0.875577 0.382054
14370 0.875595 0.382066
14371 0.875628 0.382077
14372 0.875673 0.382088
14373 0.875729 0.382098
14374 0.875766 0.382115
14375 0.875785 0.382138
14376 0.87579 0.382167
14377 0.87578 0.382201
14378 0.875757 0.382239
14379 0.875724 0.382281
14380 0.87568 0.382327
14381 0.875627 0.382376
14382 0.875595 0.382421
14383 0.875582 0.382462
14384 0.875585 0.3825
14385 0.875575 0.382542
14386 0.875553 0.382587
14387 0.875519 0.382636
14388 0.875504 0.382681
14389 0.875506 0.382722
14390 0.875524 0.382759
14391 0.875555 0.382794
14392 0.875599 0.382826
14393 0.875626 0.382862
14394 0.875636 0.382903
14395 0.875631 0.382948
14396 0.875643 0.382989
14397 0.87564 0.383034
14398 0.875623 0.383082
14399 0.875595 0.383134
14400 0.875556 0.383188
14401 0.87553 0.383224
14402 0.875515 0.383243
14403 0.87551 0.383247
14404 0.875514 0.383237
14405 0.875526 0.383216
14406 0.875553 0.383197
14407 0.875593 0.383181
14408 0.875644 0.383168
14409 0.875706 0.383157
14410 0.875748 0.38314
14411 0.875773 0.383116
14412 0.875781 0.383087
14413 0.875804 0.383062
14414 0.875841 0.38304
14415 0.875889 0.383022
14416 0.875948 0.383006
14417 0.876017 0.382993
14418 0.876065 0.382989
14419 0.876096 0.382994
14420 0.876109 0.383006
14421 0.876108 0.383025
14422 0.876094 0.383049
14423 0.876067 0.38308
14424 0.876059 0.383108
14425 0.876067 0.383135
14426 0.87609 0.38316
14427 0.876126 0.383183
14428 0.876145 0.383212
14429 0.876149 0.383247
14430 0.876168 0.383279
14431 0.876201 0.383309
14432 0.876246 0.383337
14433 0.876302 0.383363
14434 0.876368 0.383388
14435 0.876414 0.383419
14436 0.876442 0.383455
14437 0.876454 0.383495
14438 0.876451 0.383539
14439 0.876436 0.383587
14440 0.876408 0.383638
14441 0.876369 0.383692
14442 0.876321 0.383749
14443 0.876294 0.383801
14444 0.876285 0.38385
14445 0.876285 0.383881
14446 0.876295 0.383896
14447 0.87629 0.383917
14448 0.876272 0.383944
14449 0.876265 0.383956
14450 0.876245 0.383975
14451 0.876243 0.383993
14452 0.876256 0.384011
14453 0.876284 0.384028
14454 0.876325 0.384045
14455 0.876348 0.384053
14456 0.876355 0.384052
14457 0.876377 0.384052
14458 0.876413 0.384054
14459 0.87646 0.384057
14460 0.876519 0.384061
14461 0.876587 0.384066
14462 0.876664 0.384072
14463 0.876749 0.384079
14464 0.876841 0.384086
14465 0.87691 0.384085
14466 0.876959 0.384076
14467 0.87699 0.38406
14468 0.877033 0.384047
14469 0.877087 0.384037
14470 0.877122 0.38402
14471 0.877141 0.384013
14472 0.877144 0.384014
14473 0.877133 0.384024
14474 0.87714 0.384034
14475 0.877161 0.384044
14476 0.877195 0.384055
14477 0.877242 0.384066
14478 0.877271 0.384068
14479 0.877283 0.384062
14480 0.87728 0.384049
14481 0.877264 0.384029
14482 0.877266 0.384013
14483 0.877283 0.383999
14484 0.877313 0.383989
14485 0.877356 0.38398
14486 0.877382 0.383981
14487 0.877392 0.38399
14488 0.877387 0.384006
14489 0.877398 0.384021
14490 0.877424 0.384037
14491 0.877434 0.384059
14492 0.87743 0.384087
14493 0.877412 0.38412
14494 0.877412 0.384152
14495 0.877428 0.384181
14496 0.877428 0.384216
14497 0.877445 0.384248
14498 0.877475 0.384279
14499 0.877518 0.384307
14500 0.877572 0.384334
14501 0.877637 0.38436
14502 0.877681 0.384391
14503 0.877708 0.384428
14504 0.877719 0.384469
14505 0.877716 0.384514
14506 0.877699 0.384564
14507 0.877671 0.384616
14508 0.877632 0.384672
14509 0.877584 0.38473
14510 0.877557 0.384784
14511 0.877547 0.384834
14512 0.877555 0.384881
14513 0.877577 0.384924
14514 0.877613 0.384964
14515 0.877661 0.385002
14516 0.87769 0.385028
14517 0.877703 0.385044
14518 0.877701 0.38505
14519 0.877715 0.385057
14520 0.877743 0.385065
14521 0.877784 0.385073
14522 0.877837 0.385082
14523 0.8779 0.385092
14524 0.877972 0.385103
14525 0.878053 0.385113
14526 0.878141 0.385125
14527 0.878207 0.385127
14528 0.878253 0.385121
14529 0.87828 0.385108
14530 0.878291 0.385088
14531 0.878288 0.385062
14532 0.878272 0.38503
14533 0.878243 0.384994
14534 0.878204 0.384953
14535 0.878156 0.384925
14536 0.878098 0.384892
14537 0.878034 0.38487
14538 0.877962 0.384859
14539 0.877885 0.384857
14540 0.877801 0.384863
14541 0.877713 0.384877
14542 0.877649 0.384892
14543 0.877608 0.384906
14544 0.877586 0.384921
14545 0.877581 0.384935
14546 0.877593 0.38495
14547 0.877619 0.384965
14548 0.877658 0.384979
14549 0.877709 0.384994
14550 0.87777 0.385009
14551 0.877812 0.385015
14552 0.877836 0.385012
14553 0.877873 0.385011
14554 0.877922 0.385011
14555 0.877982 0.385014
14556 0.878022 0.385024
14557 0.878045 0.385025
14558 0.878052 0.385035
14559 0.878046 0.385052
14560 0.878026 0.385075
14561 0.877995 0.385105
14562 0.877983 0.385133
14563 0.877959 0.385166
14564 0.877924 0.385205
14565 0.877908 0.385241
14566 0.877909 0.385276
14567 0.877926 0.385308
14568 0.877928 0.385346
14569 0.877945 0.385381
14570 0.877976 0.385415
14571 0.877991 0.385438
14572 0.87799 0.38545
14573 0.878005 0.385463
14574 0.878034 0.385476
14575 0.878076 0.38549
14576 0.8781 0.385494
14577 0.878108 0.38549
14578 0.878102 0.385478
14579 0.878083 0.38546
14580 0.878052 0.385436
14581 0.878039 0.385415
14582 0.878044 0.385399
14583 0.878035 0.385376
14584 0.878013 0.385348
14585 0.877979 0.385314
14586 0.877935 0.385276
14587 0.877912 0.385244
14588 0.877906 0.385216
14589 0.877887 0.385183
14590 0.877857 0.385146
14591 0.877816 0.385105
14592 0.877766 0.385059
14593 0.877707 0.385011
14594 0.87764 0.384975
14595 0.877567 0.384952
14596 0.877488 0.384939
14597 0.877433 0.384929
14598 0.877398 0.384921
14599 0.877383 0.384916
14600 0.877384 0.384913
14601 0.877373 0.384918
14602 0.877377 0.384925
14603 0.877368 0.384923
14604 0.877346 0.384914
14605 0.877342 0.384907
14606 0.877354 0.384902
14607 0.877381 0.3849
14608 0.87742 0.384899
14609 0.877442 0.38489
14610 0.877448 0.384875
14611 0.877469 0.384862
14612 0.877503 0.384853
14613 0.87755 0.384846
14614 0.877608 0.384841
14615 0.877675 0.384838
14616 0.877722 0.384827
14617 0.877751 0.38481
14618 0.877764 0.384802
14619 0.877762 0.384804
14620 0.877746 0.384813
14621 0.877719 0.38483
14622 0.877681 0.384853
14623 0.877634 0.384882
14624 0.877577 0.384916
14625 0.877542 0.384948
14626 0.877526 0.384978
14627 0.877528 0.385007
14628 0.877515 0.385026
14629 0.87749 0.385034
14630 0.877455 0.38505
14631 0.877409 0.385072
14632 0.877384 0.385094
14633 0.877348 0.385121
14634 0.877302 0.385154
14635 0.877276 0.385185
14636 0.877268 0.385214
14637 0.87727 0.385228
14638 0.877259 0.385248
14639 0.877257 0.385254
14640 0.877265 0.385246
14641 0.877281 0.385226
14642 0.877282 0.3852
14643 0.87727 0.385169
14644 0.877245 0.385134
14645 0.877231 0.385089
14646 0.877228 0.385035
14647 0.877212 0.384995
14648 0.877183 0.384967
14649 0.877145 0.38495
14650 0.877096 0.384942
14651 0.877039 0.384943
14652 0.876974 0.384952
14653 0.876902 0.384968
14654 0.876846 0.384969
14655 0.876805 0.384958
14656 0.876783 0.384949
14657 0.876779 0.384942
14658 0.876792 0.384937
14659 0.876818 0.384934
14660 0.876858 0.384933
14661 0.87691 0.384933
14662 0.876972 0.384934
14663 0.877043 0.384937
14664 0.877123 0.384941
14665 0.877211 0.384945
14666 0.877305 0.384951
14667 0.877377 0.384948
14668 0.877427 0.384937
14669 0.877459 0.38492
14670 0.877475 0.384912
14671 0.877475 0.384913
14672 0.877462 0.384922
14673 0.877436 0.384938
14674 0.877399 0.384961
14675 0.877353 0.384989
14676 0.877327 0.385015
14677 0.877319 0.385041
14678 0.877327 0.385065
14679 0.877351 0.385088
14680 0.877387 0.38511
14681 0.877407 0.385137
14682 0.877411 0.38517
14683 0.877401 0.385192
14684 0.877378 0.385204
14685 0.877345 0.385207
14686 0.877301 0.385217
14687 0.877248 0.385234
14688 0.877187 0.385258
14689 0.877147 0.38528
14690 0.877127 0.385301
14691 0.877125 0.385322
14692 0.877139 0.385341
14693 0.877137 0.385367
14694 0.877152 0.385391
14695 0.877181 0.385415
14696 0.877222 0.385437
14697 0.877275 0.385458
14698 0.877338 0.385478
14699 0.877411 0.385497
14700 0.877492 0.385516
14701 0.877551 0.385541
14702 0.877591 0.385571
14703 0.877614 0.385606
14704 0.87762 0.385646
14705 0.877613 0.38569
14706 0.877622 0.385731
14707 0.877616 0.385775
14708 0.877627 0.385817
14709 0.877623 0.385862
14710 0.877635 0.385904
14711 0.877662 0.385943
14712 0.877673 0.385987
14713 0.877669 0.386018
14714 0.877651 0.386038
14715 0.877622 0.386048
14716 0.877582 0.386049
14717 0.877533 0.386043
14718 0.877475 0.386029
14719 0.877409 0.386008
14720 0.877365 0.385991
14721 0.877342 0.385977
14722 0.877336 0.385966
14723 0.877318 0.385947
14724 0.877287 0.385923
14725 0.877276 0.385903
14726 0.877281 0.385886
14727 0.877272 0.385878
14728 0.87725 0.385879
14729 0.877247 0.385882
14730 0.87723 0.385892
14731 0.877201 0.385909
14732 0.877191 0.385925
14733 0.877197 0.385941
14734 0.877219 0.385957
14735 0.877225 0.385979
14736 0.877216 0.386007
14737 0.877195 0.38604
14738 0.877163 0.386077
14739 0.877143 0.386098
14740 0.877133 0.386104
14741 0.877134 0.386096
14742 0.877143 0.386077
14743 0.877161 0.386046
14744 0.877163 0.386026
14745 0.877152 0.386017
14746 0.877128 0.386016
14747 0.877115 0.386002
14748 0.877113 0.385977
14749 0.877126 0.385955
14750 0.877154 0.385937
14751 0.877195 0.385923
14752 0.877218 0.385917
14753 0.877225 0.38592
14754 0.877247 0.385924
14755 0.877283 0.385929
14756 0.87733 0.385934
14757 0.87736 0.385947
14758 0.877372 0.385967
14759 0.87737 0.385977
14760 0.877355 0.385977
14761 0.877357 0.38598
14762 0.877374 0.385983
14763 0.877376 0.385978
14764 0.877393 0.385975
14765 0.877425 0.385973
14766 0.877468 0.385973
14767 0.877523 0.385975
14768 0.877588 0.385978
14769 0.877663 0.385982
14770 0.877716 0.385993
14771 0.87775 0.385996
14772 0.877797 0.385999
14773 0.877855 0.386004
14774 0.877893 0.386016
14775 0.877914 0.386035
14776 0.877919 0.38606
14777 0.877939 0.386084
14778 0.877973 0.386107
14779 0.87802 0.386129
14780 0.878077 0.38615
14781 0.878115 0.386177
14782 0.878136 0.386194
14783 0.87817 0.38621
14784 0.878187 0.386217
14785 0.878189 0.386215
14786 0.878178 0.386205
14787 0.878153 0.386189
14788 0.878147 0.386175
14789 0.878157 0.386165
14790 0.878153 0.386147
14791 0.878136 0.386139
14792 0.878135 0.386133
14793 0.878122 0.386136
14794 0.878096 0.386147
14795 0.87806 0.386165
14796 0.878014 0.386189
14797 0.877959 0.386219
14798 0.877896 0.386254
14799 0.877854 0.386287
14800 0.877833 0.386317
14801 0.8778 0.386353
14802 0.877758 0.386393
14803 0.877735 0.386431
14804 0.87773 0.386466
14805 0.877741 0.386499
14806 0.877737 0.386537
14807 0.877721 0.386579
14808 0.877693 0.386625
14809 0.877654 0.386675
14810 0.877605 0.386728
14811 0.877548 0.386783
14812 0.877484 0.386842
14813 0.877412 0.386902
14814 0.877334 0.386965
14815 0.87725 0.387029
14816 0.877162 0.387096
14817 0.877098 0.387157
14818 0.877056 0.387213
14819 0.877027 0.387251
14820 0.87701 0.387273
14821 0.877005 0.38728
14822 0.877009 0.387273
14823 0.877022 0.387255
14824 0.877043 0.387225
14825 0.877071 0.387186
14826 0.877082 0.387143
14827 0.877079 0.387097
14828 0.877063 0.387047
14829 0.877034 0.386995
14830 0.876995 0.38694
14831 0.876946 0.386883
14832 0.876889 0.386823
14833 0.876824 0.386762
14834 0.876751 0.3867
14835 0.876673 0.386635
14836 0.876618 0.386579
14837 0.876583 0.38653
14838 0.876568 0.386488
14839 0.87657 0.386451
14840 0.876558 0.386426
14841 0.876534 0.386411
14842 0.876527 0.3864
14843 0.876523 0.386405
14844 0.876519 0.386425
14845 0.876517 0.386458
14846 0.876516 0.386504
14847 0.876516 0.386561
14848 0.876517 0.386628
14849 0.876519 0.386703
14850 0.876508 0.386764
14851 0.876483 0.38681
14852 0.876448 0.386844
14853 0.876402 0.386867
14854 0.876348 0.386881
14855 0.876285 0.386885
14856 0.876215 0.386881
14857 0.876138 0.386869
14858 0.876055 0.386851
14859 0.875967 0.386828
14860 0.875903 0.386808
14861 0.875861 0.386792
14862 0.875839 0.386778
14863 0.875835 0.386768
14864 0.875847 0.38676
14865 0.875873 0.386755
14866 0.875912 0.386751
14867 0.875963 0.386749
14868 0.876025 0.386749
14869 0.876066 0.386741
14870 0.87609 0.386727
14871 0.876098 0.386706
14872 0.87612 0.386689
14873 0.876156 0.386674
14874 0.876204 0.386663
14875 0.876263 0.386654
14876 0.876331 0.386646
14877 0.876408 0.386641
14878 0.876464 0.386629
14879 0.876501 0.386611
14880 0.87652 0.386587
14881 0.876523 0.386557
14882 0.876512 0.386523
14883 0.876489 0.386485
14884 0.876454 0.386443
14885 0.876439 0.386406
14886 0.87644 0.386374
14887 0.876428 0.386338
14888 0.876403 0.386298
14889 0.876397 0.386263
14890 0.876406 0.386232
14891 0.876401 0.386197
14892 0.876383 0.386158
14893 0.876353 0.386115
14894 0.876342 0.386077
14895 0.876347 0.386045
14896 0.876368 0.386017
14897 0.876402 0.385993
14898 0.876448 0.385972
14899 0.876505 0.385955
14900 0.876543 0.385931
14901 0.876564 0.385902
14902 0.876598 0.385878
14903 0.876644 0.385857
14904 0.876702 0.385839
14905 0.87674 0.385831
14906 0.87676 0.385831
14907 0.876765 0.38584
14908 0.876756 0.385855
14909 0.876735 0.385877
14910 0.876731 0.385897
14911 0.876743 0.385917
14912 0.876769 0.385936
14913 0.876809 0.385955
14914 0.87686 0.385972
14915 0.876893 0.385996
14916 0.876938 0.386018
14917 0.876994 0.38604
14918 0.877031 0.386067
14919 0.87705 0.386099
14920 0.877054 0.386136
14921 0.877073 0.38617
14922 0.877106 0.386202
14923 0.877151 0.386233
14924 0.877208 0.386261
14925 0.877245 0.386295
14926 0.877265 0.386332
14927 0.877298 0.386368
14928 0.877344 0.386401
14929 0.877401 0.386432
14930 0.877467 0.386462
14931 0.877543 0.386489
14932 0.877598 0.386507
14933 0.877633 0.386514
14934 0.877652 0.386513
14935 0.877684 0.386514
14936 0.877728 0.386515
14937 0.877784 0.386518
14938 0.877821 0.386529
14939 0.87784 0.386531
14940 0.877844 0.386524
14941 0.877834 0.386526
14942 0.877812 0.386536
14943 0.877778 0.386553
14944 0.877763 0.386569
14945 0.877765 0.386586
14946 0.877783 0.386602
14947 0.877785 0.386624
14948 0.877774 0.386652
14949 0.87775 0.386685
14950 0.877715 0.386723
14951 0.87767 0.386765
14952 0.877645 0.386805
14953 0.877639 0.386842
14954 0.877648 0.386876
14955 0.877643 0.386915
14956 0.877625 0.386958
14957 0.877596 0.387005
14958 0.877556 0.387055
14959 0.877506 0.387108
14960 0.877477 0.387157
14961 0.877437 0.387194
14962 0.877417 0.387228
14963 0.877414 0.38726
14964 0.877398 0.387297
14965 0.8774 0.387332
14966 0.877417 0.387365
14967 0.877418 0.387402
14968 0.877406 0.387444
14969 0.877411 0.387483
14970 0.877402 0.38751
14971 0.87738 0.387527
14972 0.877375 0.387543
14973 0.877387 0.38756
14974 0.877414 0.387576
14975 0.877453 0.387592
14976 0.877475 0.387598
14977 0.877481 0.387612
14978 0.877473 0.387632
14979 0.877481 0.387652
14980 0.877504 0.387671
14981 0.877541 0.38769
14982 0.877589 0.387708
14983 0.877619 0.387717
14984 0.877633 0.387717
14985 0.87766 0.387718
14986 0.877672 0.387727
14987 0.877668 0.387743
14988 0.877652 0.38775
14989 0.877623 0.387748
14990 0.877584 0.387738
14991 0.877535 0.387721
14992 0.877477 0.387698
14993 0.877441 0.387679
14994 0.877424 0.387663
14995 0.877395 0.387641
14996 0.877356 0.387613
14997 0.877307 0.38758
14998 0.877278 0.387552
14999 0.877268 0.387527
15000 0.877275 0.387507
