14000 0.945953 0.498317
14001 0.945959 0.498276
14002 0.945955 0.498226
14003 0.945941 0.498169
14004 0.945943 0.49811
14005 0.945957 0.498049
14006 0.945984 0.498003
14007 0.946021 0.497969
14008 0.946068 0.497947
14009 0.946123 0.497935
14010 0.946164 0.497936
14011 0.946213 0.497946
14012 0.946271 0.497963
14013 0.946336 0.497986
14014 0.946386 0.497995
14015 0.94642 0.49799
14016 0.946442 0.497974
14017 0.946451 0.497947
14018 0.94645 0.49791
14019 0.94644 0.497865
14020 0.94642 0.497812
14021 0.946393 0.497752
14022 0.94636 0.497686
14023 0.946319 0.497614
14024 0.946297 0.497557
14025 0.946289 0.497514
14026 0.946296 0.497484
14027 0.946316 0.497464
14028 0.946347 0.497455
14029 0.946388 0.497455
14030 0.946415 0.497442
14031 0.946453 0.497439
14032 0.946478 0.497424
14033 0.946513 0.497419
14034 0.946536 0.497402
14035 0.946546 0.497374
14036 0.946546 0.497337
14037 0.946536 0.497291
14038 0.946517 0.497262
14039 0.946491 0.497248
14040 0.946481 0.497228
14041 0.946485 0.497201
14042 0.946479 0.49719
14043 0.946464 0.497192
14044 0.946441 0.497206
14045 0.946411 0.497232
14046 0.946373 0.497266
14047 0.946353 0.49729
14048 0.946349 0.497303
14049 0.946358 0.497307
14050 0.94638 0.497302
14051 0.946413 0.497291
14052 0.946434 0.497268
14053 0.946442 0.497234
14054 0.946463 0.497213
14055 0.946496 0.497202
14056 0.946538 0.497199
14057 0.94659 0.497205
14058 0.946627 0.497199
14059 0.94665 0.49718
14060 0.946685 0.497172
14061 0.946729 0.497172
14062 0.946783 0.49718
14063 0.946845 0.497196
14064 0.946914 0.497218
14065 0.946989 0.497246
14066 0.94707 0.497279
14067 0.947157 0.497316
14068 0.947225 0.497338
14069 0.947277 0.49737
14070 0.947315 0.497411
14071 0.947339 0.49746
14072 0.947352 0.497517
14073 0.947353 0.497581
14074 0.947345 0.49765
14075 0.947329 0.497726
14076 0.947305 0.497806
14077 0.947273 0.497891
14078 0.947235 0.497979
14079 0.947192 0.498072
14080 0.947143 0.498167
14081 0.947113 0.498245
14082 0.9471 0.498308
14083 0.947101 0.498357
14084 0.947117 0.498394
14085 0.947121 0.498439
14086 0.947115 0.498492
14087 0.947123 0.498532
14088 0.947145 0.498561
14089 0.947155 0.498599
14090 0.947154 0.498646
14091 0.947143 0.498701
14092 0.947148 0.498743
14093 0.947166 0.498773
14094 0.947172 0.498812
14095 0.947192 0.49884
14096 0.947223 0.498858
14097 0.947242 0.498861
14098 0.947249 0.498852
14099 0.947246 0.498831
14100 0.947234 0.4988
14101 0.947214 0.49876
14102 0.947186 0.498711
14103 0.947151 0.498654
14104 0.947134 0.498612
14105 0.947131 0.498581
14106 0.947142 0.498562
14107 0.947166 0.498538
14108 0.947201 0.498508
14109 0.947246 0.498474
14110 0.947277 0.498431
14111 0.947296 0.498379
14112 0.947303 0.49832
14113 0.947323 0.49826
14114 0.947355 0.498198
14115 0.947398 0.498135
14116 0.947449 0.49807
14117 0.94751 0.498005
14118 0.947578 0.497938
14119 0.94763 0.49789
14120 0.947667 0.49786
14121 0.947691 0.497846
14122 0.947703 0.497845
14123 0.947705 0.497857
14124 0.947698 0.49788
14125 0.947704 0.497893
14126 0.947724 0.497898
14127 0.947755 0.497894
14128 0.947797 0.497884
14129 0.947826 0.497886
14130 0.947842 0.497876
14131 0.947847 0.497855
14132 0.947843 0.497823
14133 0.94783 0.497782
14134 0.947831 0.497737
14135 0.947824 0.497684
14136 0.94783 0.497645
14137 0.947849 0.497617
14138 0.94788 0.497601
14139 0.947898 0.497573
14140 0.947928 0.497556
14141 0.947945 0.497529
14142 0.947952 0.497516
14143 0.947948 0.497518
14144 0.947936 0.497507
14145 0.947915 0.497484
14146 0.947888 0.497451
14147 0.947853 0.497409
14148 0.947813 0.497358
14149 0.947768 0.497325
14150 0.947717 0.497308
14151 0.947686 0.497285
14152 0.947671 0.497257
14153 0.947671 0.497223
14154 0.947662 0.497206
14155 0.947644 0.497202
14156 0.947619 0.497212
14157 0.947587 0.497233
14158 0.947548 0.497265
14159 0.947504 0.497306
14160 0.947455 0.497355
14161 0.947401 0.497387
14162 0.947344 0.497403
14163 0.947305 0.49741
14164 0.947285 0.497409
14165 0.947279 0.4974
14166 0.947288 0.497384
14167 0.94731 0.497362
14168 0.94732 0.497354
14169 0.947342 0.497356
14170 0.947353 0.497369
14171 0.947376 0.49739
14172 0.947387 0.497421
14173 0.947388 0.497461
14174 0.947379 0.49751
14175 0.947362 0.497566
14176 0.947337 0.497629
14177 0.947305 0.497698
14178 0.94729 0.497753
14179 0.94729 0.497794
14180 0.94728 0.497844
14181 0.947262 0.497902
14182 0.947236 0.497966
14183 0.947203 0.498036
14184 0.947164 0.498111
14185 0.94712 0.498192
14186 0.94707 0.498277
14187 0.947016 0.498365
14188 0.946957 0.498458
14189 0.946895 0.498553
14190 0.946829 0.498627
14191 0.946761 0.498681
14192 0.946689 0.498717
14193 0.946615 0.498737
14194 0.946562 0.498747
14195 0.946529 0.498749
14196 0.946512 0.498743
14197 0.94651 0.498731
14198 0.946523 0.498711
14199 0.946524 0.498682
14200 0.946539 0.498663
14201 0.946566 0.498655
14202 0.946603 0.498656
14203 0.946627 0.498644
14204 0.946662 0.498641
14205 0.946706 0.498647
14206 0.94676 0.498661
14207 0.946798 0.498661
14208 0.946846 0.498669
14209 0.94688 0.498663
14210 0.946924 0.498667
14211 0.946977 0.498662
14212 0.947015 0.498646
14213 0.94704 0.498618
14214 0.947076 0.498586
14215 0.947121 0.498549
14216 0.947176 0.498508
14217 0.947239 0.498464
14218 0.947286 0.498436
14219 0.947319 0.498423
14220 0.947339 0.4984
14221 0.947348 0.498366
14222 0.947347 0.498323
14223 0.947336 0.498272
14224 0.947316 0.498213
14225 0.947313 0.498169
14226 0.947323 0.498137
14227 0.947322 0.498095
14228 0.947335 0.49805
14229 0.947361 0.498002
14230 0.947397 0.49795
14231 0.947443 0.497896
14232 0.947475 0.49786
14233 0.947495 0.497839
14234 0.947503 0.497834
14235 0.947501 0.497841
14236 0.947489 0.49786
14237 0.947493 0.49787
14238 0.947509 0.497886
14239 0.947537 0.497909
14240 0.947553 0.497917
14241 0.947558 0.497912
14242 0.947553 0.497894
14243 0.947562 0.497871
14244 0.947584 0.497842
14245 0.947617 0.497808
14246 0.947637 0.497766
14247 0.947647 0.497739
14248 0.947645 0.497729
14249 0.947635 0.497731
14250 0.947616 0.497746
14251 0.94759 0.497772
14252 0.947557 0.497808
14253 0.947541 0.497832
14254 0.94754 0.497846
14255 0.947553 0.497851
14256 0.947555 0.497868
14257 0.947547 0.497896
14258 0.947531 0.497934
14259 0.947507 0.49798
14260 0.947476 0.498034
14261 0.947439 0.498071
14262 0.947396 0.498091
14263 0.947348 0.498121
14264 0.947295 0.498161
14265 0.947238 0.49821
14266 0.947177 0.498266
14267 0.947112 0.498329
14268 0.947045 0.498398
14269 0.946998 0.498452
14270 0.946946 0.498514
14271 0.94689 0.498581
14272 0.94683 0.498655
14273 0.946766 0.498733
14274 0.946722 0.498796
14275 0.946696 0.498845
14276 0.946686 0.498897
14277 0.946691 0.498952
14278 0.946708 0.49901
14279 0.946737 0.499071
14280 0.946753 0.499113
14281 0.946758 0.499139
14282 0.946753 0.499149
14283 0.946739 0.499147
14284 0.94674 0.499137
14285 0.946754 0.49912
14286 0.946781 0.499097
14287 0.946819 0.499069
14288 0.946866 0.499036
14289 0.946923 0.498999
14290 0.946988 0.498958
14291 0.94706 0.498913
14292 0.947138 0.498865
14293 0.947222 0.498814
14294 0.947311 0.498761
14295 0.947382 0.498725
14296 0.947437 0.498706
14297 0.947476 0.498701
14298 0.947525 0.498688
14299 0.947583 0.49867
14300 0.947649 0.498645
14301 0.947721 0.498615
14302 0.9478 0.49858
14303 0.947885 0.498541
14304 0.947975 0.498498
14305 0.948046 0.498472
14306 0.948101 0.498436
14307 0.948142 0.498391
14308 0.948169 0.498338
14309 0.948184 0.498277
14310 0.948188 0.49821
14311 0.948205 0.498142
14312 0.948234 0.498072
14313 0.948274 0.498002
14314 0.948323 0.497931
14315 0.948358 0.497879
14316 0.948381 0.497846
14317 0.948392 0.497828
14318 0.948392 0.497825
14319 0.948406 0.497814
14320 0.948432 0.497812
14321 0.948469 0.497819
14322 0.948516 0.497833
14323 0.948571 0.497854
14324 0.948634 0.497881
14325 0.948704 0.497913
14326 0.948781 0.497951
14327 0.948863 0.497992
14328 0.948928 0.498017
14329 0.948977 0.498026
14330 0.949013 0.498022
14331 0.949058 0.498027
14332 0.949112 0.498039
14333 0.949152 0.498037
14334 0.949179 0.498022
14335 0.949216 0.498017
14336 0.949241 0.498025
14337 0.949254 0.498046
14338 0.949257 0.498077
14339 0.949251 0.498117
14340 0.949236 0.498167
14341 0.949214 0.498224
14342 0.949185 0.498289
14343 0.94915 0.49836
14344 0.949109 0.498436
14345 0.949064 0.498492
14346 0.949013 0.49853
14347 0.948982 0.498572
14348 0.948944 0.498597
14349 0.948901 0.498607
14350 0.948875 0.498624
14351 0.948866 0.498648
14352 0.948848 0.498657
14353 0.948823 0.498651
14354 0.948791 0.498634
14355 0.948776 0.498627
14356 0.948776 0.498628
14357 0.948789 0.498638
14358 0.948792 0.498634
14359 0.948807 0.498639
14360 0.948835 0.498651
14361 0.948873 0.49867
14362 0.948898 0.498675
14363 0.948911 0.498667
14364 0.948937 0.498667
14365 0.948973 0.498676
14366 0.949019 0.498692
14367 0.949074 0.498714
14368 0.949137 0.498743
14369 0.949184 0.498756
14370 0.949218 0.498754
14371 0.949239 0.498766
14372 0.949249 0.498789
14373 0.949272 0.498802
14374 0.949306 0.498807
14375 0.949351 0.498803
14376 0.949404 0.498792
14377 0.949443 0.498769
14378 0.94947 0.498736
14379 0.949485 0.498693
14380 0.949489 0.498641
14381 0.949484 0.498582
14382 0.949471 0.498516
14383 0.94945 0.498444
14384 0.949423 0.498391
14385 0.949389 0.498357
14386 0.949349 0.498314
14387 0.949305 0.498287
14388 0.949256 0.498276
14389 0.949203 0.498279
14390 0.949146 0.498295
14391 0.949086 0.498321
14392 0.949045 0.498338
14393 0.949022 0.498345
14394 0.948993 0.498338
14395 0.948957 0.498319
14396 0.948916 0.49829
14397 0.948869 0.49825
14398 0.948818 0.498228
14399 0.948763 0.49822
14400 0.948705 0.498226
14401 0.948643 0.498244
14402 0.948578 0.498273
14403 0.94851 0.498311
14404 0.94844 0.498359
14405 0.948368 0.498389
14406 0.948316 0.498424
14407 0.948283 0.498464
14408 0.948267 0.498508
14409 0.948265 0.498556
14410 0.948255 0.498586
14411 0.948236 0.4986
14412 0.94821 0.498601
14413 0.948177 0.498589
14414 0.948161 0.498586
14415 0.948137 0.498571
14416 0.948107 0.498545
14417 0.94807 0.498508
14418 0.94805 0.498484
14419 0.948046 0.49847
14420 0.948055 0.498466
14421 0.948077 0.49847
14422 0.948087 0.498461
14423 0.94811 0.498462
14424 0.948143 0.49847
14425 0.948164 0.498465
14426 0.948174 0.498448
14427 0.948174 0.49842
14428 0.948164 0.498382
14429 0.948169 0.498356
14430 0.948187 0.498341
14431 0.948216 0.498335
14432 0.948233 0.498317
14433 0.948262 0.498309
14434 0.948301 0.498311
14435 0.94835 0.498319
14436 0.948384 0.498315
14437 0.948406 0.498298
14438 0.948417 0.49827
14439 0.948417 0.498233
14440 0.948408 0.498186
14441 0.948391 0.498131
14442 0.948389 0.49809
14443 0.9484 0.498061
14444 0.948401 0.498023
14445 0.948393 0.497975
14446 0.948377 0.497945
14447 0.948353 0.49793
14448 0.948344 0.497925
14449 0.94835 0.497929
14450 0.948369 0.49794
14451 0.948377 0.497963
14452 0.948375 0.497996
14453 0.948364 0.498038
14454 0.948367 0.498084
14455 0.948384 0.498118
14456 0.948412 0.498141
14457 0.948452 0.498153
14458 0.9485 0.498157
14459 0.948558 0.498152
14460 0.948623 0.49814
14461 0.948673 0.498116
14462 0.948709 0.498082
14463 0.948732 0.498064
14464 0.948743 0.498061
14465 0.948767 0.49805
14466 0.948802 0.498032
14467 0.948847 0.498008
14468 0.948901 0.497979
14469 0.948963 0.497944
14470 0.94901 0.497926
14471 0.949043 0.497923
14472 0.949086 0.497911
14473 0.949139 0.497893
14474 0.949199 0.497885
14475 0.949267 0.497885
14476 0.94932 0.497898
14477 0.949358 0.497923
14478 0.949383 0.497958
14479 0.949397 0.498002
14480 0.949423 0.498034
14481 0.94946 0.498055
14482 0.949507 0.498066
14483 0.949562 0.498068
14484 0.949603 0.498083
14485 0.949631 0.498109
14486 0.949648 0.498145
14487 0.949654 0.498191
14488 0.949673 0.498224
14489 0.949681 0.498266
14490 0.949679 0.498292
14491 0.949669 0.498302
14492 0.949651 0.498324
14493 0.949625 0.498331
14494 0.949594 0.498324
14495 0.949556 0.498305
14496 0.949514 0.498275
14497 0.949467 0.498236
14498 0.949438 0.498208
14499 0.949403 0.49817
14500 0.949362 0.498123
14501 0.949317 0.498068
14502 0.949267 0.498005
14503 0.949213 0.497936
14504 0.949178 0.497882
14505 0.94916 0.497841
14506 0.949157 0.497811
14507 0.949168 0.497793
14508 0.94917 0.497789
14509 0.949162 0.497799
14510 0.949145 0.49782
14511 0.949121 0.497852
14512 0.949091 0.497894
14513 0.949077 0.497923
14514 0.949078 0.497942
14515 0.949093 0.497967
14516 0.949119 0.497996
14517 0.949157 0.498015
14518 0.949182 0.498045
14519 0.949195 0.498085
14520 0.949198 0.498133
14521 0.949191 0.49819
14522 0.949199 0.498233
14523 0.949196 0.498284
14524 0.949185 0.498343
14525 0.949167 0.498409
14526 0.94914 0.498481
14527 0.949108 0.498559
14528 0.949092 0.498621
14529 0.949069 0.49869
14530 0.949039 0.498764
14531 0.949003 0.498844
14532 0.948961 0.498929
14533 0.948937 0.498997
14534 0.948907 0.499072
14535 0.948893 0.49913
14536 0.948894 0.499176
14537 0.948886 0.499229
14538 0.948892 0.499269
14539 0.948888 0.499318
14540 0.948876 0.499349
14541 0.948856 0.499365
14542 0.948829 0.499366
14543 0.948795 0.499354
14544 0.948756 0.499331
14545 0.948711 0.499297
14546 0.948684 0.499275
14547 0.948674 0.499263
14548 0.948655 0.499239
14549 0.948629 0.499205
14550 0.948597 0.499162
14551 0.948558 0.499111
14552 0.948537 0.499056
14553 0.948532 0.498999
14554 0.948517 0.498936
14555 0.948496 0.498865
14556 0.948467 0.49879
14557 0.948431 0.498709
14558 0.94839 0.498623
14559 0.948344 0.498559
14560 0.948294 0.498514
14561 0.948239 0.498486
14562 0.94818 0.498473
14563 0.948141 0.498454
14564 0.948119 0.498428
14565 0.948112 0.498397
14566 0.94812 0.498361
14567 0.948141 0.49832
14568 0.948172 0.498276
14569 0.948215 0.498228
14570 0.948266 0.498176
14571 0.948303 0.498143
14572 0.948327 0.498125
14573 0.948362 0.498101
14574 0.948407 0.498072
14575 0.948438 0.498058
14576 0.948457 0.498058
14577 0.948465 0.498071
14578 0.948463 0.498095
14579 0.948451 0.49813
14580 0.948432 0.498173
14581 0.948405 0.498226
14582 0.948372 0.498285
14583 0.948355 0.498331
14584 0.948354 0.498364
14585 0.948366 0.498385
14586 0.948391 0.498397
14587 0.948404 0.49842
14588 0.948406 0.498454
14589 0.948399 0.498496
14590 0.948383 0.498547
14591 0.948383 0.498602
14592 0.948396 0.498658
14593 0.948421 0.498718
14594 0.948457 0.498779
14595 0.948502 0.498842
14596 0.948557 0.498907
14597 0.948619 0.498974
14598 0.948689 0.499042
14599 0.948765 0.499096
14600 0.948847 0.499136
14601 0.948912 0.49916
14602 0.948961 0.499168
14603 0.948997 0.499163
14604 0.949019 0.499145
14605 0.949031 0.499117
14606 0.949032 0.499078
14607 0.949024 0.499031
14608 0.94903 0.498996
14609 0.949049 0.498973
14610 0.949079 0.498961
14611 0.94912 0.498958
14612 0.94917 0.498963
14613 0.949228 0.498976
14614 0.949294 0.498996
14615 0.949345 0.499001
14616 0.949381 0.498992
14617 0.949405 0.498972
14618 0.949417 0.498941
14619 0.94942 0.4989
14620 0.949413 0.49885
14621 0.949397 0.498792
14622 0.949397 0.498748
14623 0.94941 0.498717
14624 0.949435 0.498697
14625 0.949449 0.498665
14626 0.949453 0.49865
14627 0.949447 0.498649
14628 0.949433 0.498662
14629 0.949411 0.498685
14630 0.949383 0.498694
14631 0.949348 0.498689
14632 0.949308 0.498671
14633 0.949262 0.498643
14634 0.949213 0.498604
14635 0.949159 0.498557
14636 0.949101 0.498501
14637 0.949063 0.498459
14638 0.94902 0.498408
14639 0.948972 0.49835
14640 0.948919 0.498284
14641 0.948863 0.498213
14642 0.948803 0.498135
14643 0.94874 0.498053
14644 0.948696 0.497987
14645 0.948671 0.497935
14646 0.948662 0.497897
14647 0.948668 0.49787
14648 0.948686 0.497853
14649 0.948716 0.497846
14650 0.948757 0.497848
14651 0.948808 0.497857
14652 0.948867 0.497873
14653 0.948911 0.497901
14654 0.948941 0.497938
14655 0.94896 0.497984
14656 0.948967 0.498039
14657 0.948965 0.498101
14658 0.948954 0.498169
14659 0.948934 0.498243
14660 0.948931 0.498302
14661 0.948941 0.498347
14662 0.948964 0.49838
14663 0.948998 0.498402
14664 0.949042 0.498413
14665 0.949072 0.498436
14666 0.949091 0.49847
14667 0.949099 0.498513
14668 0.949119 0.498544
14669 0.949151 0.498564
14670 0.949193 0.498574
14671 0.949245 0.498575
14672 0.949282 0.498588
14673 0.949307 0.498588
14674 0.94932 0.498575
14675 0.949322 0.49855
14676 0.949316 0.498515
14677 0.949324 0.498475
14678 0.949344 0.498447
14679 0.949376 0.49843
14680 0.949419 0.498422
14681 0.949471 0.498423
14682 0.949508 0.498437
14683 0.949533 0.498462
14684 0.949547 0.498498
14685 0.94955 0.498543
14686 0.949544 0.498596
14687 0.94953 0.498657
14688 0.949508 0.498724
14689 0.949479 0.498798
14690 0.949444 0.498877
14691 0.949427 0.498941
14692 0.949424 0.499005
14693 0.949436 0.499072
14694 0.949437 0.499118
14695 0.949429 0.499148
14696 0.949413 0.499161
14697 0.94939 0.49916
14698 0.94936 0.499147
14699 0.949324 0.499122
14700 0.949282 0.499086
14701 0.949236 0.499042
14702 0.949185 0.498989
14703 0.949153 0.498949
14704 0.949138 0.498921
14705 0.949138 0.498903
14706 0.949151 0.498896
14707 0.949177 0.498896
14708 0.949214 0.498905
14709 0.94926 0.498921
14710 0.949316 0.498943
14711 0.94938 0.49897
14712 0.949451 0.499003
14713 0.949505 0.499019
14714 0.949568 0.499042
14715 0.949616 0.49905
14716 0.94965 0.499069
14717 0.949672 0.4991
14718 0.949682 0.49914
14719 0.949683 0.49919
14720 0.949674 0.499247
14721 0.949658 0.499312
14722 0.949634 0.499383
14723 0.949626 0.499454
14724 0.94961 0.499506
14725 0.949587 0.499539
14726 0.949557 0.499557
14727 0.949521 0.499559
14728 0.94948 0.499549
14729 0.949456 0.499547
14730 0.949426 0.499533
14731 0.94939 0.499508
14732 0.949348 0.499472
14733 0.949302 0.499426
14734 0.949251 0.499373
14735 0.949196 0.499312
14736 0.949161 0.499264
14737 0.949142 0.49923
14738 0.949139 0.499206
14739 0.949127 0.499198
14740 0.949108 0.499203
14741 0.949081 0.499221
14742 0.949048 0.49925
14743 0.949009 0.499288
14744 0.948965 0.499336
14745 0.948916 0.499392
14746 0.948862 0.499429
14747 0.948828 0.49947
14748 0.948811 0.499516
14749 0.948809 0.499564
14750 0.948798 0.499595
14751 0.948779 0.499611
14752 0.948753 0.499612
14753 0.94872 0.4996
14754 0.948681 0.499576
14755 0.948659 0.499563
14756 0.948631 0.499538
14757 0.948619 0.499524
14758 0.948599 0.499499
14759 0.948571 0.499463
14760 0.948537 0.499419
14761 0.948521 0.499386
14762 0.948519 0.499365
14763 0.948531 0.499354
14764 0.948555 0.499352
14765 0.948591 0.499358
14766 0.948636 0.499372
14767 0.948691 0.499392
14768 0.94873 0.499397
14769 0.948757 0.499389
14770 0.948795 0.499374
14771 0.948842 0.499353
14772 0.948876 0.499346
14773 0.948897 0.499353
14774 0.948906 0.499372
14775 0.948906 0.499402
14776 0.948897 0.499441
14777 0.948879 0.49949
14778 0.948877 0.499526
14779 0.948888 0.49955
14780 0.948912 0.499564
14781 0.948925 0.499589
14782 0.948927 0.499625
14783 0.94892 0.49967
14784 0.948904 0.499723
14785 0.948881 0.499758
14786 0.948851 0.499777
14787 0.948814 0.499806
14788 0.948772 0.499846
14789 0.948726 0.499894
14790 0.948674 0.49995
14791 0.948619 0.500013
14792 0.948583 0.500062
14793 0.948564 0.500099
14794 0.94856 0.500124
14795 0.948571 0.500138
14796 0.948594 0.500143
14797 0.948628 0.50014
14798 0.948673 0.500129
14799 0.948704 0.500132
14800 0.948723 0.500148
14801 0.94873 0.500175
14802 0.948728 0.500211
14803 0.948717 0.500232
14804 0.948697 0.500237
14805 0.948671 0.50023
14806 0.948638 0.50021
14807 0.948621 0.5002
14808 0.948598 0.500179
14809 0.948567 0.500147
14810 0.94853 0.500105
14811 0.948488 0.500055
14812 0.94844 0.499997
14813 0.948388 0.499933
14814 0.948355 0.499883
14815 0.948316 0.499825
14816 0.948271 0.49976
14817 0.948222 0.499689
14818 0.948191 0.499617
14819 0.948177 0.499545
14820 0.948155 0.499492
14821 0.948126 0.499458
14822 0.94809 0.499414
14823 0.948049 0.499362
14824 0.948002 0.499303
14825 0.947951 0.499237
14826 0.947895 0.499165
14827 0.947836 0.499087
14828 0.947774 0.499005
14829 0.947708 0.498918
14830 0.947639 0.498828
14831 0.947591 0.498738
14832 0.947561 0.49865
14833 0.947525 0.498583
14834 0.947483 0.498535
14835 0.947458 0.498485
14836 0.94745 0.498431
14837 0.947456 0.498374
14838 0.947474 0.498316
14839 0.947505 0.498255
14840 0.947546 0.498192
14841 0.947597 0.498128
14842 0.947632 0.498082
14843 0.947678 0.498033
14844 0.947733 0.497981
14845 0.947773 0.497947
14846 0.9478 0.497929
14847 0.947837 0.497904
14848 0.947884 0.497874
14849 0.94794 0.497839
14850 0.948004 0.4978
14851 0.948075 0.497756
14852 0.948152 0.497709
14853 0.948212 0.497679
14854 0.948258 0.497665
14855 0.948289 0.497665
14856 0.948308 0.497652
14857 0.948316 0.497654
14858 0.948313 0.497667
14859 0.948302 0.497692
14860 0.948283 0.497727
14861 0.948279 0.497751
14862 0.948266 0.497785
14863 0.948268 0.497823
14864 0.948284 0.497865
14865 0.948312 0.49791
14866 0.948327 0.497964
14867 0.948332 0.498025
14868 0.948328 0.498092
14869 0.948314 0.498165
14870 0.948293 0.498244
14871 0.948264 0.498327
14872 0.948252 0.498395
14873 0.948254 0.498447
14874 0.94827 0.498487
14875 0.948298 0.498514
14876 0.948337 0.498547
14877 0.948386 0.498584
14878 0.94842 0.49863
14879 0.948442 0.498685
14880 0.948452 0.498746
14881 0.948452 0.498789
14882 0.948442 0.498815
14883 0.948425 0.498825
14884 0.948422 0.498843
14885 0.948434 0.498867
14886 0.948457 0.498896
14887 0.94847 0.49891
14888 0.948471 0.498909
14889 0.948464 0.498896
14890 0.948447 0.498872
14891 0.948424 0.498862
14892 0.948393 0.498867
14893 0.948356 0.498883
14894 0.948314 0.498911
14895 0.948267 0.498948
14896 0.948215 0.498995
14897 0.948159 0.499049
14898 0.948099 0.499111
14899 0.948059 0.499174
14900 0.948036 0.499239
14901 0.948029 0.499306
14902 0.948036 0.499373
14903 0.948056 0.499442
14904 0.948065 0.499492
14905 0.948064 0.499524
14906 0.948053 0.49954
14907 0.948057 0.499547
14908 0.948074 0.499545
14909 0.948104 0.499536
14910 0.948144 0.49952
14911 0.948193 0.499514
14912 0.948251 0.499516
14913 0.948317 0.499527
14914 0.94839 0.499544
14915 0.948469 0.499567
14916 0.948531 0.499575
14917 0.948577 0.49957
14918 0.94861 0.499553
14919 0.94863 0.499524
14920 0.948639 0.499486
14921 0.948638 0.499439
14922 0.948628 0.499384
14923 0.94861 0.499347
14924 0.948584 0.499301
14925 0.948552 0.499272
14926 0.948536 0.499255
14927 0.948536 0.499246
14928 0.948549 0.499247
14929 0.948574 0.499255
14930 0.948611 0.499271
14931 0.948657 0.499293
14932 0.948713 0.49932
14933 0.948776 0.499353
14934 0.948847 0.49939
14935 0.948901 0.499411
14936 0.948941 0.499417
14937 0.948968 0.49941
14938 0.949005 0.499411
14939 0.94903 0.499425
14940 0.949043 0.499451
14941 0.949046 0.499486
14942 0.949039 0.499531
14943 0.949024 0.499584
14944 0.949001 0.499645
14945 0.948972 0.499687
14946 0.948936 0.499712
14947 0.948894 0.499721
14948 0.948848 0.499717
14949 0.948797 0.499726
14950 0.948742 0.499747
14951 0.948684 0.499778
14952 0.948644 0.499815
14953 0.9486 0.49986
14954 0.948551 0.499914
14955 0.94852 0.499954
14956 0.948506 0.499983
14957 0.948484 0.499995
14958 0.948478 0.500015
14959 0.948486 0.500041
14960 0.948507 0.500072
14961 0.948539 0.500108
14962 0.948559 0.500127
14963 0.948567 0.500132
14964 0.948566 0.500124
14965 0.948555 0.500104
14966 0.948537 0.500073
14967 0.948533 0.500053
14968 0.948544 0.500043
14969 0.948567 0.500042
14970 0.948602 0.500049
14971 0.948623 0.500068
14972 0.948634 0.500072
14973 0.948634 0.500089
14974 0.948625 0.500116
14975 0.948608 0.500128
14976 0.948583 0.500127
14977 0.948552 0.500112
14978 0.948537 0.500107
14979 0.948537 0.500111
14980 0.948551 0.500122
14981 0.948577 0.500139
14982 0.948592 0.500143
14983 0.948595 0.500133
14984 0.948589 0.500111
14985 0.948574 0.500079
14986 0.948552 0.500037
14987 0.948545 0.500008
14988 0.948553 0.499989
14989 0.948574 0.49998
14990 0.948606 0.499979
14991 0.948626 0.499966
14992 0.948634 0.499942
14993 0.948633 0.499907
14994 0.948622 0.499863
14995 0.948603 0.499811
14996 0.948577 0.499776
14997 0.948544 0.499758
14998 0.948505 0.499754
14999 0.948484 0.499759
15000 0.948479 0.49977
