14000 0.985 0.449734
14001 0.985 0.44967
14002 0.985 0.449601
14003 0.985 0.449526
14004 0.985 0.449447
14005 0.985 0.449391
14006 0.985 0.449356
14007 0.985 0.449313
14008 0.985 0.449262
14009 0.985 0.449203
14010 0.985 0.449139
14011 0.985 0.449068
14012 0.985 0.448992
14013 0.985 0.448912
14014 0.985 0.448827
14015 0.985 0.448739
14016 0.985 0.448647
14017 0.985 0.44858
14018 0.985 0.448535
14019 0.985 0.448482
14020 0.985 0.448423
14021 0.985 0.448385
14022 0.985 0.448366
14023 0.985 0.448337
14024 0.985 0.448326
14025 0.985 0.448333
14026 0.985 0.448354
14027 0.985 0.44836
14028 0.985 0.448354
14029 0.985 0.448364
14030 0.985 0.448361
14031 0.985 0.448345
14032 0.985 0.448319
14033 0.985 0.448284
14034 0.985 0.448239
14035 0.985 0.448187
14036 0.985 0.448156
14037 0.985 0.448143
14038 0.985 0.448147
14039 0.985 0.448167
14040 0.985 0.4482
14041 0.985 0.448246
14042 0.985 0.448302
14043 0.985 0.448341
14044 0.985 0.448364
14045 0.985 0.448372
14046 0.985 0.448367
14047 0.985 0.44835
14048 0.985 0.448322
14049 0.985 0.448285
14050 0.985 0.44824
14051 0.985 0.448187
14052 0.985 0.448126
14053 0.985 0.44806
14054 0.985 0.447988
14055 0.985 0.447911
14056 0.985 0.447857
14057 0.985 0.447824
14058 0.985 0.447782
14059 0.985 0.447732
14060 0.985 0.447675
14061 0.985 0.447639
14062 0.985 0.447622
14063 0.985 0.447622
14064 0.985 0.44761
14065 0.985 0.447615
14066 0.985 0.447635
14067 0.985 0.447641
14068 0.985 0.447661
14069 0.985 0.447695
14070 0.985 0.447742
14071 0.985 0.447799
14072 0.985 0.447867
14073 0.985 0.447943
14074 0.985 0.448027
14075 0.985 0.448119
14076 0.985 0.448217
14077 0.985 0.448321
14078 0.985 0.44843
14079 0.985 0.448544
14080 0.985 0.448662
14081 0.985 0.448784
14082 0.985 0.448909
14083 0.985 0.449038
14084 0.985 0.449141
14085 0.985 0.449222
14086 0.985 0.449282
14087 0.985 0.449323
14088 0.985 0.449348
14089 0.985 0.449359
14090 0.985 0.449355
14091 0.985 0.44934
14092 0.985 0.449313
14093 0.985 0.449277
14094 0.985 0.449232
14095 0.985 0.449179
14096 0.985 0.449119
14097 0.985 0.449053
14098 0.985 0.449008
14099 0.985 0.448984
14100 0.985 0.448978
14101 0.985 0.448988
14102 0.985 0.448985
14103 0.985 0.448969
14104 0.985 0.448943
14105 0.985 0.448907
14106 0.985 0.448862
14107 0.985 0.448809
14108 0.985 0.448749
14109 0.985 0.448683
14110 0.985 0.448611
14111 0.985 0.448533
14112 0.985 0.448451
14113 0.985 0.448365
14114 0.985 0.448274
14115 0.985 0.448209
14116 0.985 0.448165
14117 0.985 0.448114
14118 0.985 0.448055
14119 0.985 0.44799
14120 0.985 0.447918
14121 0.985 0.447841
14122 0.985 0.447788
14123 0.985 0.447755
14124 0.985 0.447741
14125 0.985 0.447716
14126 0.985 0.447682
14127 0.985 0.447638
14128 0.985 0.447586
14129 0.985 0.447526
14130 0.985 0.447488
14131 0.985 0.44747
14132 0.985 0.447469
14133 0.985 0.447483
14134 0.985 0.447512
14135 0.985 0.447554
14136 0.985 0.447579
14137 0.985 0.447589
14138 0.985 0.447585
14139 0.985 0.447569
14140 0.985 0.447542
14141 0.985 0.447505
14142 0.985 0.447459
14143 0.985 0.447434
14144 0.985 0.447427
14145 0.985 0.447408
14146 0.985 0.447378
14147 0.985 0.447338
14148 0.985 0.447319
14149 0.985 0.447316
14150 0.985 0.44733
14151 0.985 0.447358
14152 0.985 0.447399
14153 0.985 0.447451
14154 0.985 0.447486
14155 0.985 0.447505
14156 0.985 0.447537
14157 0.985 0.447582
14158 0.985 0.44761
14159 0.985 0.447623
14160 0.985 0.447621
14161 0.985 0.447636
14162 0.985 0.447637
14163 0.985 0.447625
14164 0.985 0.447602
14165 0.985 0.447569
14166 0.985 0.447554
14167 0.985 0.447557
14168 0.985 0.447575
14169 0.985 0.447607
14170 0.985 0.447651
14171 0.985 0.447707
14172 0.985 0.447773
14173 0.985 0.447819
14174 0.985 0.447877
14175 0.985 0.447944
14176 0.985 0.448021
14177 0.985 0.448105
14178 0.985 0.448197
14179 0.985 0.448295
14180 0.985 0.448399
14181 0.985 0.448508
14182 0.985 0.448622
14183 0.985 0.448741
14184 0.985 0.448863
14185 0.985 0.44896
14186 0.985 0.449064
14187 0.985 0.449145
14188 0.985 0.449233
14189 0.985 0.4493
14190 0.985 0.449348
14191 0.985 0.449379
14192 0.985 0.449394
14193 0.985 0.449396
14194 0.985 0.449385
14195 0.985 0.449391
14196 0.985 0.449384
14197 0.985 0.449365
14198 0.985 0.449336
14199 0.985 0.449297
14200 0.985 0.449251
14201 0.985 0.449196
14202 0.985 0.449135
14203 0.985 0.449067
14204 0.985 0.449022
14205 0.985 0.448997
14206 0.985 0.44899
14207 0.985 0.448971
14208 0.985 0.448942
14209 0.985 0.448931
14210 0.985 0.448937
14211 0.985 0.44893
14212 0.985 0.448911
14213 0.985 0.448882
14214 0.985 0.448872
14215 0.985 0.44885
14216 0.985 0.448817
14217 0.985 0.448776
14218 0.985 0.448726
14219 0.985 0.448669
14220 0.985 0.448605
14221 0.985 0.448535
14222 0.985 0.448487
14223 0.985 0.44846
14224 0.985 0.448423
14225 0.985 0.448378
14226 0.985 0.448324
14227 0.985 0.448292
14228 0.985 0.448278
14229 0.985 0.448282
14230 0.985 0.448272
14231 0.985 0.448251
14232 0.985 0.44822
14233 0.985 0.448179
14234 0.985 0.44813
14235 0.985 0.448073
14236 0.985 0.44801
14237 0.985 0.447968
14238 0.985 0.447946
14239 0.985 0.447914
14240 0.985 0.447873
14241 0.985 0.447823
14242 0.985 0.447766
14243 0.985 0.447702
14244 0.985 0.44766
14245 0.985 0.447638
14246 0.985 0.447633
14247 0.985 0.447645
14248 0.985 0.447671
14249 0.985 0.44771
14250 0.985 0.447761
14251 0.985 0.447822
14252 0.985 0.447893
14253 0.985 0.447972
14254 0.985 0.448031
14255 0.985 0.448072
14256 0.985 0.448096
14257 0.985 0.448133
14258 0.985 0.448182
14259 0.985 0.448242
14260 0.985 0.448312
14261 0.985 0.44839
14262 0.985 0.448476
14263 0.985 0.448569
14264 0.985 0.448669
14265 0.985 0.448746
14266 0.985 0.448831
14267 0.985 0.448923
14268 0.985 0.449022
14269 0.985 0.449126
14270 0.985 0.449236
14271 0.985 0.449322
14272 0.985 0.449388
14273 0.985 0.449434
14274 0.985 0.449491
14275 0.985 0.449559
14276 0.985 0.449607
14277 0.985 0.449638
14278 0.985 0.449653
14279 0.985 0.449655
14280 0.985 0.449644
14281 0.985 0.449622
14282 0.985 0.44959
14283 0.985 0.449549
14284 0.985 0.449499
14285 0.985 0.44947
14286 0.985 0.44946
14287 0.985 0.449466
14288 0.985 0.449459
14289 0.985 0.449441
14290 0.985 0.449412
14291 0.985 0.449373
14292 0.985 0.449326
14293 0.985 0.449271
14294 0.985 0.449209
14295 0.985 0.449141
14296 0.985 0.449068
14297 0.985 0.448989
14298 0.985 0.448905
14299 0.985 0.448817
14300 0.985 0.448726
14301 0.985 0.448631
14302 0.985 0.448533
14303 0.985 0.448432
14304 0.985 0.448329
14305 0.985 0.448224
14306 0.985 0.448116
14307 0.985 0.448007
14308 0.985 0.447896
14309 0.985 0.447811
14310 0.985 0.447751
14311 0.985 0.447713
14312 0.985 0.447694
14313 0.985 0.447692
14314 0.985 0.447678
14315 0.985 0.447653
14316 0.985 0.447617
14317 0.985 0.447573
14318 0.985 0.44752
14319 0.985 0.44746
14320 0.985 0.447393
14321 0.985 0.44732
14322 0.985 0.447242
14323 0.985 0.447159
14324 0.985 0.447071
14325 0.985 0.44698
14326 0.985 0.446885
14327 0.985 0.446815
14328 0.985 0.446768
14329 0.985 0.446741
14330 0.985 0.446732
14331 0.985 0.44674
14332 0.985 0.446763
14333 0.985 0.446799
14334 0.985 0.446847
14335 0.985 0.446906
14336 0.985 0.446975
14337 0.985 0.447053
14338 0.985 0.447138
14339 0.985 0.447231
14340 0.985 0.44733
14341 0.985 0.447435
14342 0.985 0.447516
14343 0.985 0.447577
14344 0.985 0.447647
14345 0.985 0.447726
14346 0.985 0.447813
14347 0.985 0.447878
14348 0.985 0.447924
14349 0.985 0.447952
14350 0.985 0.447965
14351 0.985 0.447964
14352 0.985 0.44795
14353 0.985 0.447925
14354 0.985 0.44789
14355 0.985 0.447874
14356 0.985 0.447875
14357 0.985 0.447863
14358 0.985 0.44784
14359 0.985 0.447806
14360 0.985 0.447763
14361 0.985 0.44774
14362 0.985 0.447706
14363 0.985 0.447663
14364 0.985 0.447612
14365 0.985 0.447581
14366 0.985 0.447569
14367 0.985 0.447574
14368 0.985 0.447594
14369 0.985 0.447599
14370 0.985 0.447591
14371 0.985 0.447571
14372 0.985 0.44754
14373 0.985 0.447499
14374 0.985 0.44745
14375 0.985 0.447421
14376 0.985 0.447382
14377 0.985 0.447335
14378 0.985 0.447279
14379 0.985 0.447244
14380 0.985 0.447229
14381 0.985 0.447231
14382 0.985 0.447248
14383 0.985 0.44725
14384 0.985 0.44724
14385 0.985 0.447246
14386 0.985 0.447267
14387 0.985 0.447302
14388 0.985 0.447349
14389 0.985 0.447407
14390 0.985 0.447475
14391 0.985 0.447551
14392 0.985 0.447608
14393 0.985 0.447646
14394 0.985 0.447695
14395 0.985 0.447756
14396 0.985 0.447797
14397 0.985 0.447822
14398 0.985 0.447832
14399 0.985 0.447856
14400 0.985 0.447893
14401 0.985 0.447943
14402 0.985 0.447975
14403 0.985 0.447991
14404 0.985 0.447992
14405 0.985 0.447981
14406 0.985 0.447958
14407 0.985 0.447925
14408 0.985 0.447911
14409 0.985 0.447886
14410 0.985 0.44785
14411 0.985 0.447834
14412 0.985 0.447807
14413 0.985 0.44777
14414 0.985 0.447724
14415 0.985 0.44767
14416 0.985 0.447609
14417 0.985 0.447569
14418 0.985 0.447549
14419 0.985 0.447547
14420 0.985 0.44756
14421 0.985 0.447559
14422 0.985 0.447546
14423 0.985 0.44755
14424 0.985 0.44754
14425 0.985 0.447519
14426 0.985 0.447516
14427 0.985 0.447529
14428 0.985 0.447556
14429 0.985 0.447567
14430 0.985 0.447593
14431 0.985 0.447632
14432 0.985 0.447654
14433 0.985 0.44769
14434 0.985 0.447738
14435 0.985 0.447768
14436 0.985 0.447783
14437 0.985 0.447784
14438 0.985 0.447772
14439 0.985 0.447748
14440 0.985 0.447742
14441 0.985 0.447725
14442 0.985 0.447696
14443 0.985 0.447658
14444 0.985 0.447639
14445 0.985 0.447609
14446 0.985 0.447598
14447 0.985 0.447604
14448 0.985 0.447625
14449 0.985 0.447659
14450 0.985 0.447706
14451 0.985 0.447735
14452 0.985 0.447749
14453 0.985 0.447748
14454 0.985 0.447736
14455 0.985 0.447711
14456 0.985 0.447677
14457 0.985 0.447633
14458 0.985 0.447581
14459 0.985 0.44755
14460 0.985 0.447537
14461 0.985 0.447513
14462 0.985 0.447479
14463 0.985 0.447436
14464 0.985 0.447384
14465 0.985 0.447353
14466 0.985 0.447312
14467 0.985 0.447263
14468 0.985 0.447205
14469 0.985 0.447141
14470 0.985 0.447071
14471 0.985 0.446994
14472 0.985 0.446913
14473 0.985 0.446827
14474 0.985 0.446765
14475 0.985 0.446725
14476 0.985 0.446704
14477 0.985 0.446673
14478 0.985 0.446653
14479 0.985 0.446642
14480 0.985 0.446641
14481 0.985 0.446648
14482 0.985 0.446661
14483 0.985 0.446681
14484 0.985 0.446707
14485 0.985 0.446739
14486 0.985 0.446775
14487 0.985 0.446815
14488 0.985 0.446859
14489 0.985 0.446907
14490 0.985 0.446958
14491 0.985 0.447012
14492 0.985 0.447068
14493 0.985 0.447106
14494 0.985 0.447127
14495 0.985 0.447133
14496 0.985 0.447125
14497 0.985 0.447106
14498 0.985 0.447075
14499 0.985 0.447035
14500 0.985 0.446986
14501 0.985 0.44695
14502 0.985 0.446933
14503 0.985 0.446933
14504 0.985 0.446949
14505 0.985 0.44698
14506 0.985 0.447015
14507 0.985 0.447054
14508 0.985 0.447097
14509 0.985 0.447123
14510 0.985 0.447134
14511 0.985 0.447131
14512 0.985 0.447136
14513 0.985 0.447148
14514 0.985 0.447167
14515 0.985 0.447192
14516 0.985 0.447222
14517 0.985 0.447257
14518 0.985 0.447296
14519 0.985 0.447339
14520 0.985 0.447386
14521 0.985 0.447436
14522 0.985 0.447489
14523 0.985 0.447544
14524 0.985 0.447602
14525 0.985 0.447662
14526 0.985 0.447724
14527 0.985 0.447787
14528 0.985 0.447852
14529 0.985 0.447919
14530 0.985 0.447987
14531 0.985 0.448056
14532 0.985 0.448126
14533 0.985 0.448197
14534 0.985 0.448269
14535 0.985 0.448342
14536 0.985 0.448416
14537 0.985 0.44849
14538 0.985 0.448565
14539 0.985 0.44862
14540 0.985 0.448656
14541 0.985 0.448676
14542 0.985 0.448681
14543 0.985 0.448673
14544 0.985 0.448653
14545 0.985 0.448623
14546 0.985 0.448582
14547 0.985 0.448533
14548 0.985 0.448477
14549 0.985 0.448413
14550 0.985 0.448363
14551 0.985 0.448327
14552 0.985 0.448302
14553 0.985 0.448288
14554 0.985 0.448284
14555 0.985 0.448287
14556 0.985 0.448299
14557 0.985 0.448317
14558 0.985 0.448342
14559 0.985 0.448372
14560 0.985 0.448408
14561 0.985 0.448427
14562 0.985 0.448432
14563 0.985 0.448423
14564 0.985 0.448403
14565 0.985 0.448372
14566 0.985 0.448332
14567 0.985 0.448283
14568 0.985 0.448226
14569 0.985 0.448183
14570 0.985 0.448131
14571 0.985 0.448073
14572 0.985 0.448028
14573 0.985 0.447995
14574 0.985 0.447974
14575 0.985 0.447963
14576 0.985 0.44796
14577 0.985 0.447967
14578 0.985 0.44798
14579 0.985 0.448
14580 0.985 0.448026
14581 0.985 0.448058
14582 0.985 0.448094
14583 0.985 0.448135
14584 0.985 0.448179
14585 0.985 0.448227
14586 0.985 0.448279
14587 0.985 0.448312
14588 0.985 0.44833
14589 0.985 0.448333
14590 0.985 0.448323
14591 0.985 0.448301
14592 0.985 0.448269
14593 0.985 0.448248
14594 0.985 0.448238
14595 0.985 0.448236
14596 0.985 0.448243
14597 0.985 0.448257
14598 0.985 0.448277
14599 0.985 0.448283
14600 0.985 0.448276
14601 0.985 0.448257
14602 0.985 0.448226
14603 0.985 0.448187
14604 0.985 0.448138
14605 0.985 0.448081
14606 0.985 0.448017
14607 0.985 0.447947
14608 0.985 0.447872
14609 0.985 0.44779
14610 0.985 0.447705
14611 0.985 0.447636
14612 0.985 0.447581
14613 0.985 0.447541
14614 0.985 0.447512
14615 0.985 0.447494
14616 0.985 0.447486
14617 0.985 0.447486
14618 0.985 0.447495
14619 0.985 0.44751
14620 0.985 0.447532
14621 0.985 0.44756
14622 0.985 0.447593
14623 0.985 0.447631
14624 0.985 0.447673
14625 0.985 0.447698
14626 0.985 0.447707
14627 0.985 0.447703
14628 0.985 0.447686
14629 0.985 0.447658
14630 0.985 0.447641
14631 0.985 0.447633
14632 0.985 0.447634
14633 0.985 0.447643
14634 0.985 0.447659
14635 0.985 0.447681
14636 0.985 0.447688
14637 0.985 0.447682
14638 0.985 0.447663
14639 0.985 0.447634
14640 0.985 0.447595
14641 0.985 0.447547
14642 0.985 0.447491
14643 0.985 0.447456
14644 0.985 0.44744
14645 0.985 0.447442
14646 0.985 0.447431
14647 0.985 0.447408
14648 0.985 0.447375
14649 0.985 0.447332
14650 0.985 0.447281
14651 0.985 0.44725
14652 0.985 0.447239
14653 0.985 0.447244
14654 0.985 0.447264
14655 0.985 0.447298
14656 0.985 0.447345
14657 0.985 0.447402
14658 0.985 0.447469
14659 0.985 0.447546
14660 0.985 0.447601
14661 0.985 0.447639
14662 0.985 0.44766
14663 0.985 0.447694
14664 0.985 0.447713
14665 0.985 0.447716
14666 0.985 0.447735
14667 0.985 0.447768
14668 0.985 0.447785
14669 0.985 0.447787
14670 0.985 0.447776
14671 0.985 0.447754
14672 0.985 0.44772
14673 0.985 0.447678
14674 0.985 0.447627
14675 0.985 0.447568
14676 0.985 0.447502
14677 0.985 0.44745
14678 0.985 0.447412
14679 0.985 0.447385
14680 0.985 0.447368
14681 0.985 0.447361
14682 0.985 0.447371
14683 0.985 0.447395
14684 0.985 0.447432
14685 0.985 0.447482
14686 0.985 0.447542
14687 0.985 0.447604
14688 0.985 0.447667
14689 0.985 0.447732
14690 0.985 0.447778
14691 0.985 0.447827
14692 0.985 0.447858
14693 0.985 0.447873
14694 0.985 0.447874
14695 0.985 0.447883
14696 0.985 0.447898
14697 0.985 0.44792
14698 0.985 0.447948
14699 0.985 0.44798
14700 0.985 0.448018
14701 0.985 0.448059
14702 0.985 0.448105
14703 0.985 0.448153
14704 0.985 0.448184
14705 0.985 0.448199
14706 0.985 0.4482
14707 0.985 0.448188
14708 0.985 0.448164
14709 0.985 0.44813
14710 0.985 0.448107
14711 0.985 0.448094
14712 0.985 0.448091
14713 0.985 0.448095
14714 0.985 0.448107
14715 0.985 0.448126
14716 0.985 0.44813
14717 0.985 0.44812
14718 0.985 0.448119
14719 0.985 0.448127
14720 0.985 0.448141
14721 0.985 0.448162
14722 0.985 0.448188
14723 0.985 0.448219
14724 0.985 0.448256
14725 0.985 0.448296
14726 0.985 0.44834
14727 0.985 0.448388
14728 0.985 0.448439
14729 0.985 0.448472
14730 0.985 0.448488
14731 0.985 0.448491
14732 0.985 0.44848
14733 0.985 0.448457
14734 0.985 0.448424
14735 0.985 0.44841
14736 0.985 0.448413
14737 0.985 0.448431
14738 0.985 0.448463
14739 0.985 0.448508
14740 0.985 0.448564
14741 0.985 0.448631
14742 0.985 0.448706
14743 0.985 0.44879
14744 0.985 0.448881
14745 0.985 0.44895
14746 0.985 0.448999
14747 0.985 0.449031
14748 0.985 0.449046
14749 0.985 0.449048
14750 0.985 0.449036
14751 0.985 0.449013
14752 0.985 0.449008
14753 0.985 0.449019
14754 0.985 0.449017
14755 0.985 0.449001
14756 0.985 0.448975
14757 0.985 0.448939
14758 0.985 0.448893
14759 0.985 0.44884
14760 0.985 0.448779
14761 0.985 0.448739
14762 0.985 0.44872
14763 0.985 0.448689
14764 0.985 0.44867
14765 0.985 0.44866
14766 0.985 0.448659
14767 0.985 0.448667
14768 0.985 0.448681
14769 0.985 0.448702
14770 0.985 0.448729
14771 0.985 0.448761
14772 0.985 0.448797
14773 0.985 0.448818
14774 0.985 0.448844
14775 0.985 0.448876
14776 0.985 0.448912
14777 0.985 0.448953
14778 0.985 0.448998
14779 0.985 0.449047
14780 0.985 0.449098
14781 0.985 0.449153
14782 0.985 0.449189
14783 0.985 0.44923
14784 0.985 0.449274
14785 0.985 0.449323
14786 0.985 0.449374
14787 0.985 0.449429
14788 0.985 0.449486
14789 0.985 0.449525
14790 0.985 0.449568
14791 0.985 0.449614
14792 0.985 0.449665
14793 0.985 0.449718
14794 0.985 0.449774
14795 0.985 0.449811
14796 0.985 0.449832
14797 0.985 0.449839
14798 0.985 0.449832
14799 0.985 0.449813
14800 0.985 0.449783
14801 0.985 0.449743
14802 0.985 0.449695
14803 0.985 0.449638
14804 0.985 0.449575
14805 0.985 0.449526
14806 0.985 0.44949
14807 0.985 0.449465
14808 0.985 0.449451
14809 0.985 0.449446
14810 0.985 0.449449
14811 0.985 0.449461
14812 0.985 0.449479
14813 0.985 0.449503
14814 0.985 0.449532
14815 0.985 0.449567
14816 0.985 0.449585
14817 0.985 0.449589
14818 0.985 0.44958
14819 0.985 0.449559
14820 0.985 0.449528
14821 0.985 0.449487
14822 0.985 0.449438
14823 0.985 0.449381
14824 0.985 0.449317
14825 0.985 0.449247
14826 0.985 0.449171
14827 0.985 0.44909
14828 0.985 0.449033
14829 0.985 0.448998
14830 0.985 0.448981
14831 0.985 0.448982
14832 0.985 0.448999
14833 0.985 0.449001
14834 0.985 0.448991
14835 0.985 0.448969
14836 0.985 0.448937
14837 0.985 0.448896
14838 0.985 0.448846
14839 0.985 0.448788
14840 0.985 0.448724
14841 0.985 0.448654
14842 0.985 0.448578
14843 0.985 0.448498
14844 0.985 0.448412
14845 0.985 0.448323
14846 0.985 0.44823
14847 0.985 0.448134
14848 0.985 0.448035
14849 0.985 0.447933
14850 0.985 0.447829
14851 0.985 0.447722
14852 0.985 0.447642
14853 0.985 0.447557
14854 0.985 0.447468
14855 0.985 0.447404
14856 0.985 0.447362
14857 0.985 0.447339
14858 0.985 0.447335
14859 0.985 0.447346
14860 0.985 0.447373
14861 0.985 0.447412
14862 0.985 0.447463
14863 0.985 0.447524
14864 0.985 0.447595
14865 0.985 0.447647
14866 0.985 0.447708
14867 0.985 0.44778
14868 0.985 0.447859
14869 0.985 0.447947
14870 0.985 0.448041
14871 0.985 0.448142
14872 0.985 0.448248
14873 0.985 0.44836
14874 0.985 0.448447
14875 0.985 0.448513
14876 0.985 0.44856
14877 0.985 0.44859
14878 0.985 0.448603
14879 0.985 0.448603
14880 0.985 0.44859
14881 0.985 0.448566
14882 0.985 0.448531
14883 0.985 0.448488
14884 0.985 0.448464
14885 0.985 0.448458
14886 0.985 0.448469
14887 0.985 0.448494
14888 0.985 0.448532
14889 0.985 0.448583
14890 0.985 0.448615
14891 0.985 0.448632
14892 0.985 0.448662
14893 0.985 0.448706
14894 0.985 0.44876
14895 0.985 0.448825
14896 0.985 0.448899
14897 0.985 0.448981
14898 0.985 0.449043
14899 0.985 0.449086
14900 0.985 0.449112
14901 0.985 0.44915
14902 0.985 0.449173
14903 0.985 0.449209
14904 0.985 0.449228
14905 0.985 0.449233
14906 0.985 0.449225
14907 0.985 0.449206
14908 0.985 0.449203
14909 0.985 0.449217
14910 0.985 0.449217
14911 0.985 0.449204
14912 0.985 0.44918
14913 0.985 0.449145
14914 0.985 0.449101
14915 0.985 0.449049
14916 0.985 0.44899
14917 0.985 0.448952
14918 0.985 0.448934
14919 0.985 0.448933
14920 0.985 0.448947
14921 0.985 0.448948
14922 0.985 0.448936
14923 0.985 0.448912
14924 0.985 0.448878
14925 0.985 0.448835
14926 0.985 0.448783
14927 0.985 0.448724
14928 0.985 0.448687
14929 0.985 0.448668
14930 0.985 0.448668
14931 0.985 0.448683
14932 0.985 0.448704
14933 0.985 0.448731
14934 0.985 0.448764
14935 0.985 0.448801
14936 0.985 0.448842
14937 0.985 0.448887
14938 0.985 0.448935
14939 0.985 0.448966
14940 0.985 0.448981
14941 0.985 0.449002
14942 0.985 0.449029
14943 0.985 0.449062
14944 0.985 0.449098
14945 0.985 0.44914
14946 0.985 0.449185
14947 0.985 0.449233
14948 0.985 0.449284
14949 0.985 0.449338
14950 0.985 0.449395
14951 0.985 0.449454
14952 0.985 0.449515
14953 0.985 0.449557
14954 0.985 0.449583
14955 0.985 0.449613
14956 0.985 0.449649
14957 0.985 0.449689
14958 0.985 0.449712
14959 0.985 0.449721
14960 0.985 0.449715
14961 0.985 0.449698
14962 0.985 0.44967
14963 0.985 0.449652
14964 0.985 0.449644
14965 0.985 0.449645
14966 0.985 0.449654
14967 0.985 0.449669
14968 0.985 0.449671
14969 0.985 0.449659
14970 0.985 0.449636
14971 0.985 0.449623
14972 0.985 0.44962
14973 0.985 0.449632
14974 0.985 0.449659
14975 0.985 0.449699
14976 0.985 0.449742
14977 0.985 0.44979
14978 0.985 0.44984
14979 0.985 0.449893
14980 0.985 0.449928
14981 0.985 0.449947
14982 0.985 0.449952
14983 0.985 0.449943
14984 0.985 0.449922
14985 0.985 0.449891
14986 0.985 0.44987
14987 0.985 0.44986
14988 0.985 0.449838
14989 0.985 0.449805
14990 0.985 0.449763
14991 0.985 0.449712
14992 0.985 0.449683
14993 0.985 0.449672
14994 0.985 0.449649
14995 0.985 0.449616
14996 0.985 0.449573
14997 0.985 0.449522
14998 0.985 0.449492
14999 0.985 0.44948
15000 0.985 0.449457
