14000 0.810289 0.130712
14001 0.810293 0.130677
14002 0.810297 0.130629
14003 0.810301 0.13057
14004 0.810306 0.130502
14005 0.810311 0.130425
14006 0.810317 0.130372
14007 0.810323 0.130339
14008 0.81033 0.130325
14009 0.810337 0.130328
14010 0.810344 0.130346
14011 0.810351 0.130379
14012 0.810358 0.130423
14013 0.810365 0.130447
14014 0.810373 0.130454
14015 0.810381 0.130444
14016 0.810389 0.13042
14017 0.810397 0.130382
14018 0.810405 0.130364
14019 0.810413 0.130363
14020 0.810421 0.130347
14021 0.810429 0.130317
14022 0.810437 0.130274
14023 0.810446 0.13022
14024 0.810454 0.130187
14025 0.810463 0.130172
14026 0.810471 0.130175
14027 0.81048 0.130193
14028 0.810488 0.130194
14029 0.810497 0.130179
14030 0.810505 0.130181
14031 0.810514 0.130199
14032 0.810523 0.13023
14033 0.810531 0.130274
14034 0.81054 0.130329
14035 0.810549 0.130395
14036 0.810558 0.130469
14037 0.810567 0.130551
14038 0.810576 0.13061
14039 0.810584 0.130647
14040 0.810593 0.130696
14041 0.810602 0.130756
14042 0.810612 0.130825
14043 0.810621 0.130872
14044 0.81063 0.130898
14045 0.810639 0.130907
14046 0.810648 0.130899
14047 0.810657 0.130907
14048 0.810666 0.13093
14049 0.810675 0.130935
14050 0.810685 0.130924
14051 0.810694 0.130899
14052 0.810703 0.13086
14053 0.810712 0.13081
14054 0.810721 0.130749
14055 0.810731 0.130678
14056 0.81074 0.1306
14057 0.810749 0.130544
14058 0.810759 0.13051
14059 0.810768 0.130495
14060 0.810778 0.130465
14061 0.810787 0.130454
14062 0.810797 0.13046
14063 0.810806 0.130481
14064 0.810816 0.130516
14065 0.810826 0.130562
14066 0.810835 0.13062
14067 0.810845 0.130687
14068 0.810855 0.130763
14069 0.810865 0.130847
14070 0.810875 0.130939
14071 0.810885 0.131005
14072 0.810895 0.13105
14073 0.810905 0.131074
14074 0.810915 0.131081
14075 0.810925 0.131071
14076 0.810935 0.131046
14077 0.810945 0.13104
14078 0.810955 0.13105
14079 0.810965 0.131074
14080 0.810975 0.131112
14081 0.810985 0.13113
14082 0.810995 0.131131
14083 0.811005 0.131116
14084 0.811015 0.131087
14085 0.811025 0.131045
14086 0.811036 0.130992
14087 0.811046 0.13096
14088 0.811056 0.130947
14089 0.811066 0.13095
14090 0.811076 0.130969
14091 0.811086 0.131001
14092 0.811096 0.131015
14093 0.811107 0.131012
14094 0.811117 0.130993
14095 0.811127 0.130961
14096 0.811137 0.130916
14097 0.811147 0.13086
14098 0.811158 0.130826
14099 0.811168 0.130779
14100 0.811178 0.130721
14101 0.811189 0.130654
14102 0.811199 0.130609
14103 0.811209 0.130584
14104 0.81122 0.130577
14105 0.81123 0.130586
14106 0.811241 0.13061
14107 0.811251 0.130647
14108 0.811262 0.130696
14109 0.811272 0.130756
14110 0.811282 0.130825
14111 0.811293 0.130872
14112 0.811303 0.13093
14113 0.811314 0.130966
14114 0.811324 0.130984
14115 0.811334 0.130983
14116 0.811345 0.130999
14117 0.811355 0.131028
14118 0.811365 0.131039
14119 0.811376 0.131034
14120 0.811386 0.131013
14121 0.811396 0.130979
14122 0.811407 0.130932
14123 0.811417 0.130875
14124 0.811428 0.130808
14125 0.811438 0.130731
14126 0.811448 0.130678
14127 0.811459 0.130646
14128 0.811469 0.130633
14129 0.81148 0.130637
14130 0.81149 0.130656
14131 0.8115 0.130688
14132 0.811511 0.130733
14133 0.811521 0.130789
14134 0.811532 0.130855
14135 0.811542 0.130898
14136 0.811553 0.130922
14137 0.811563 0.130959
14138 0.811574 0.131008
14139 0.811584 0.131067
14140 0.811595 0.131137
14141 0.811605 0.131214
14142 0.811616 0.1313
14143 0.811627 0.131393
14144 0.811637 0.13146
14145 0.811648 0.131506
14146 0.811659 0.131531
14147 0.81167 0.131538
14148 0.811681 0.131529
14149 0.811692 0.131505
14150 0.811703 0.1315
14151 0.811714 0.13151
14152 0.811725 0.131504
14153 0.811737 0.131482
14154 0.811748 0.131448
14155 0.811759 0.131401
14156 0.811771 0.131343
14157 0.811782 0.131275
14158 0.811794 0.131199
14159 0.811806 0.131145
14160 0.811817 0.131113
14161 0.811828 0.1311
14162 0.81184 0.131072
14163 0.811851 0.131063
14164 0.811863 0.13107
14165 0.811874 0.131092
14166 0.811886 0.131096
14167 0.811897 0.131084
14168 0.811909 0.131089
14169 0.811921 0.131109
14170 0.811932 0.131112
14171 0.811944 0.131099
14172 0.811956 0.131102
14173 0.811968 0.131121
14174 0.81198 0.131154
14175 0.811992 0.131198
14176 0.812005 0.131223
14177 0.812017 0.13123
14178 0.812029 0.131221
14179 0.812025 0.131212
14180 0.812022 0.13122
14181 0.812021 0.131243
14182 0.812021 0.131278
14183 0.812023 0.131326
14184 0.812025 0.131354
14185 0.812029 0.131363
14186 0.812034 0.131356
14187 0.81204 0.131334
14188 0.812046 0.13133
14189 0.812053 0.131341
14190 0.812061 0.131367
14191 0.812069 0.131375
14192 0.812078 0.131367
14193 0.812087 0.131375
14194 0.812096 0.131398
14195 0.812106 0.131434
14196 0.812099 0.131466
14197 0.812078 0.131495
14198 0.81206 0.131506
14199 0.812045 0.1315
14200 0.812032 0.131479
14201 0.812023 0.131476
14202 0.812015 0.131458
14203 0.81201 0.131426
14204 0.812006 0.131412
14205 0.812004 0.131385
14206 0.812003 0.131344
14207 0.812004 0.131293
14208 0.812005 0.13123
14209 0.812008 0.131159
14210 0.812012 0.131078
14211 0.812016 0.130991
14212 0.812022 0.130927
14213 0.812028 0.130886
14214 0.812034 0.130864
14215 0.812041 0.13086
14216 0.812049 0.130872
14217 0.812057 0.130899
14218 0.812066 0.130938
14219 0.812074 0.130958
14220 0.812083 0.13096
14221 0.812093 0.130978
14222 0.812103 0.131009
14223 0.812112 0.131053
14224 0.812123 0.131108
14225 0.812133 0.131174
14226 0.812143 0.131248
14227 0.812154 0.131299
14228 0.812165 0.13133
14229 0.812176 0.131341
14230 0.812187 0.131368
14231 0.812198 0.131407
14232 0.81221 0.131427
14233 0.812221 0.131429
14234 0.812233 0.131415
14235 0.812245 0.131388
14236 0.812256 0.131347
14237 0.812268 0.131295
14238 0.812281 0.131233
14239 0.812293 0.131161
14240 0.812305 0.131081
14241 0.812318 0.130993
14242 0.81233 0.13093
14243 0.812342 0.130888
14244 0.812354 0.130866
14245 0.812366 0.130831
14246 0.812379 0.130784
14247 0.812391 0.130726
14248 0.812404 0.130658
14249 0.812417 0.130582
14250 0.812429 0.130528
14251 0.812442 0.130496
14252 0.812454 0.130482
14253 0.812466 0.130486
14254 0.812478 0.130504
14255 0.81249 0.130537
14256 0.812502 0.130582
14257 0.812514 0.130638
14258 0.812526 0.130703
14259 0.812538 0.130778
14260 0.81255 0.130861
14261 0.812562 0.130921
14262 0.812574 0.130958
14263 0.812587 0.130977
14264 0.8126 0.130978
14265 0.812613 0.130963
14266 0.812609 0.130949
14267 0.81259 0.130937
14268 0.812557 0.130926
14269 0.812511 0.130916
14270 0.812455 0.130906
14271 0.812405 0.130913
14272 0.812362 0.130935
14273 0.812324 0.130971
14274 0.812292 0.131018
14275 0.812263 0.131076
14276 0.812254 0.131129
14277 0.81226 0.131176
14278 0.812282 0.131218
14279 0.812303 0.13124
14280 0.812323 0.131245
14281 0.812342 0.131234
14282 0.812361 0.131208
14283 0.812379 0.131169
14284 0.812396 0.13115
14285 0.812413 0.131117
14286 0.812429 0.131103
14287 0.812445 0.131075
14288 0.812461 0.131065
14289 0.812476 0.13104
14290 0.812491 0.131003
14291 0.812506 0.130953
14292 0.81252 0.130893
14293 0.812535 0.130855
14294 0.812549 0.130836
14295 0.812563 0.130834
14296 0.812577 0.130848
14297 0.812591 0.130877
14298 0.812604 0.130918
14299 0.812618 0.13094
14300 0.812631 0.130974
14301 0.812644 0.131022
14302 0.812658 0.131079
14303 0.812671 0.131147
14304 0.812684 0.131193
14305 0.812697 0.131218
14306 0.81271 0.131225
14307 0.812723 0.131216
14308 0.812737 0.131192
14309 0.81275 0.131155
14310 0.812763 0.131106
14311 0.812777 0.131078
14312 0.81279 0.131068
14313 0.812803 0.131074
14314 0.812816 0.131096
14315 0.812829 0.131131
14316 0.812842 0.131178
14317 0.812855 0.131205
14318 0.812868 0.131245
14319 0.812881 0.131296
14320 0.812894 0.131358
14321 0.812907 0.131429
14322 0.81292 0.131509
14323 0.812932 0.131596
14324 0.812945 0.13169
14325 0.812941 0.131774
14326 0.812921 0.131851
14327 0.812905 0.131904
14328 0.812892 0.131936
14329 0.812882 0.131949
14330 0.812875 0.131945
14331 0.812869 0.131927
14332 0.812849 0.13191
14333 0.812832 0.131879
14334 0.812818 0.131836
14335 0.812807 0.131782
14336 0.812781 0.131733
14337 0.81276 0.131673
14338 0.812725 0.131619
14339 0.812678 0.131571
14340 0.81262 0.131528
14341 0.812583 0.131489
14342 0.812566 0.131454
14343 0.812566 0.131423
14344 0.812582 0.131395
14345 0.812612 0.13137
14346 0.812623 0.131348
14347 0.812617 0.131328
14348 0.812628 0.13131
14349 0.812653 0.131294
14350 0.812691 0.13128
14351 0.812742 0.131267
14352 0.812802 0.131256
14353 0.812873 0.131246
14354 0.812952 0.131238
14355 0.813024 0.131246
14356 0.813091 0.131268
14357 0.813152 0.131304
14358 0.813192 0.131336
14359 0.813212 0.131365
14360 0.813215 0.131391
14361 0.813202 0.131414
14362 0.813191 0.13145
14363 0.813184 0.131499
14364 0.813178 0.131558
14365 0.813174 0.131595
14366 0.813173 0.131613
14367 0.813156 0.13163
14368 0.813142 0.131629
14369 0.813131 0.131612
14370 0.813122 0.131582
14371 0.813116 0.13157
14372 0.813112 0.131575
14373 0.81311 0.131564
14374 0.813109 0.131539
14375 0.81311 0.1315
14376 0.813112 0.131481
14377 0.813116 0.13148
14378 0.813121 0.131463
14379 0.813126 0.131432
14380 0.813133 0.131419
14381 0.81314 0.131393
14382 0.813148 0.131385
14383 0.813157 0.131362
14384 0.813166 0.131325
14385 0.813176 0.131277
14386 0.813187 0.131218
14387 0.813198 0.13118
14388 0.813209 0.131162
14389 0.81322 0.131161
14390 0.813232 0.131176
14391 0.813244 0.131205
14392 0.813256 0.131247
14393 0.813268 0.1313
14394 0.813263 0.131347
14395 0.81326 0.131406
14396 0.81326 0.131443
14397 0.81326 0.131461
14398 0.813262 0.131461
14399 0.813266 0.131446
14400 0.813271 0.131417
14401 0.813277 0.131375
14402 0.813284 0.131322
14403 0.813292 0.131258
14404 0.8133 0.131185
14405 0.81331 0.131104
14406 0.81332 0.131047
14407 0.81333 0.131011
14408 0.813341 0.130994
14409 0.813352 0.130995
14410 0.813364 0.13098
14411 0.813376 0.13095
14412 0.813388 0.13094
14413 0.813401 0.130946
14414 0.813413 0.130967
14415 0.813426 0.131001
14416 0.813439 0.131017
14417 0.813453 0.131015
14418 0.813467 0.130998
14419 0.813481 0.130998
14420 0.813495 0.131014
14421 0.813509 0.131013
14422 0.813524 0.130996
14423 0.813538 0.130965
14424 0.813553 0.130953
14425 0.813568 0.130958
14426 0.813583 0.130947
14427 0.813599 0.130921
14428 0.813614 0.130883
14429 0.81363 0.130832
14430 0.813646 0.130771
14431 0.813662 0.130732
14432 0.813678 0.130712
14433 0.813694 0.13071
14434 0.81371 0.130724
14435 0.813725 0.130752
14436 0.813741 0.130793
14437 0.813757 0.130814
14438 0.813773 0.130817
14439 0.813789 0.130836
14440 0.813805 0.130868
14441 0.813821 0.130913
14442 0.81382 0.130953
14443 0.813803 0.130988
14444 0.813772 0.13102
14445 0.813729 0.131048
14446 0.813674 0.131073
14447 0.813627 0.13108
14448 0.813586 0.131071
14449 0.813551 0.131047
14450 0.813522 0.13101
14451 0.813497 0.130961
14452 0.81349 0.130918
14453 0.8135 0.130878
14454 0.81351 0.130859
14455 0.813521 0.130856
14456 0.813532 0.13087
14457 0.813543 0.130898
14458 0.813555 0.130908
14459 0.813567 0.130901
14460 0.81358 0.130879
14461 0.813594 0.130844
14462 0.813608 0.130796
14463 0.813622 0.130769
14464 0.813636 0.130761
14465 0.81365 0.130769
14466 0.813664 0.130792
14467 0.813678 0.130828
14468 0.813693 0.130844
14469 0.813707 0.130844
14470 0.813722 0.130859
14471 0.813737 0.130889
14472 0.813751 0.130931
14473 0.813765 0.130984
14474 0.81378 0.131048
14475 0.813794 0.131121
14476 0.813808 0.131171
14477 0.813823 0.1312
14478 0.813839 0.131211
14479 0.813854 0.131206
14480 0.81387 0.131216
14481 0.813885 0.131241
14482 0.8139 0.131279
14483 0.813915 0.131329
14484 0.81393 0.13139
14485 0.813945 0.131429
14486 0.813961 0.131448
14487 0.813977 0.13145
14488 0.813993 0.131436
14489 0.813992 0.131424
14490 0.813992 0.131397
14491 0.813995 0.131357
14492 0.813998 0.131336
14493 0.814003 0.131334
14494 0.814008 0.131347
14495 0.814029 0.131359
14496 0.814063 0.131371
14497 0.814078 0.131381
14498 0.814108 0.13139
14499 0.814136 0.131415
14500 0.814162 0.131452
14501 0.814188 0.131501
14502 0.814212 0.131561
14503 0.814219 0.131614
14504 0.814209 0.131662
14505 0.814185 0.131705
14506 0.814147 0.131744
14507 0.814129 0.131778
14508 0.814128 0.13181
14509 0.814143 0.13184
14510 0.814172 0.131867
14511 0.814214 0.131891
14512 0.814236 0.131913
14513 0.81424 0.131933
14514 0.814228 0.13195
14515 0.814233 0.131967
14516 0.814253 0.131982
14517 0.814273 0.13198
14518 0.814293 0.131962
14519 0.814312 0.131931
14520 0.814332 0.131888
14521 0.814351 0.131833
14522 0.814371 0.131768
14523 0.81439 0.131694
14524 0.814409 0.131612
14525 0.814411 0.131538
14526 0.814397 0.131471
14527 0.814386 0.131426
14528 0.814378 0.131401
14529 0.814355 0.131378
14530 0.814319 0.131357
14531 0.814288 0.131323
14532 0.814245 0.131292
14533 0.81419 0.131263
14534 0.814157 0.131238
14535 0.814142 0.131216
14536 0.814145 0.131197
14537 0.814163 0.13118
14538 0.814194 0.131165
14539 0.814239 0.131152
14540 0.81428 0.131125
14541 0.814319 0.131085
14542 0.814356 0.131034
14543 0.814374 0.130987
14544 0.814374 0.130945
14545 0.814377 0.130922
14546 0.81438 0.130917
14547 0.814385 0.130897
14548 0.814392 0.130894
14549 0.814399 0.130908
14550 0.814408 0.130935
14551 0.814417 0.130976
14552 0.814428 0.131027
14553 0.814439 0.13109
14554 0.814434 0.131145
14555 0.814413 0.131195
14556 0.814397 0.131224
14557 0.814397 0.13125
14558 0.814399 0.131259
14559 0.814417 0.131267
14560 0.814417 0.131273
14561 0.814402 0.131279
14562 0.814404 0.131285
14563 0.814421 0.13129
14564 0.814452 0.131296
14565 0.814496 0.131301
14566 0.814551 0.131307
14567 0.814616 0.131312
14568 0.814659 0.131316
14569 0.814682 0.13132
14570 0.814719 0.131324
14571 0.814753 0.131312
14572 0.814786 0.131285
14573 0.814817 0.131246
14574 0.814847 0.131195
14575 0.814858 0.131149
14576 0.81487 0.131092
14577 0.814883 0.131025
14578 0.814896 0.130949
14579 0.81491 0.130896
14580 0.814924 0.130864
14581 0.814939 0.130819
14582 0.814955 0.130795
14583 0.814971 0.130789
14584 0.814988 0.130798
14585 0.815005 0.130823
14586 0.815022 0.13086
14587 0.81504 0.130909
14588 0.815058 0.130969
14589 0.815077 0.131038
14590 0.815095 0.131085
14591 0.815114 0.131112
14592 0.815132 0.13112
14593 0.815151 0.131143
14594 0.81517 0.13118
14595 0.815189 0.131228
14596 0.81519 0.131271
14597 0.815176 0.131309
14598 0.815148 0.131343
14599 0.815124 0.131358
14600 0.815104 0.131356
14601 0.815088 0.131339
14602 0.815058 0.131323
14603 0.815016 0.131308
14604 0.814993 0.131295
14605 0.814988 0.131285
14606 0.815 0.131276
14607 0.814994 0.131268
14608 0.814992 0.131277
14609 0.814973 0.131284
14610 0.814959 0.131306
14611 0.814948 0.131341
14612 0.81494 0.131389
14613 0.814917 0.131431
14614 0.814881 0.131469
14615 0.81485 0.131487
14616 0.814806 0.131504
14617 0.814751 0.131518
14618 0.814704 0.131547
14619 0.814663 0.131588
14620 0.814629 0.131641
14621 0.814613 0.131689
14622 0.814615 0.131734
14623 0.814632 0.131776
14624 0.814663 0.131814
14625 0.814706 0.13185
14626 0.81473 0.131882
14627 0.814735 0.13191
14628 0.814742 0.131952
14629 0.814751 0.132004
14630 0.81476 0.132036
14631 0.814769 0.132049
14632 0.81478 0.132045
14633 0.814791 0.132058
14634 0.814803 0.132084
14635 0.814816 0.132123
14636 0.814829 0.132143
14637 0.814843 0.132176
14638 0.814858 0.132222
14639 0.814873 0.132279
14640 0.814871 0.132329
14641 0.814854 0.132375
14642 0.814822 0.132415
14643 0.814778 0.132452
14644 0.814754 0.132486
14645 0.814748 0.132519
14646 0.814759 0.13255
14647 0.814783 0.132579
14648 0.814807 0.13259
14649 0.81483 0.132585
14650 0.814853 0.132564
14651 0.814874 0.13253
14652 0.814896 0.132483
14653 0.814916 0.132426
14654 0.814937 0.132359
14655 0.814957 0.132282
14656 0.814976 0.132198
14657 0.814996 0.132138
14658 0.815016 0.132099
14659 0.815036 0.13208
14660 0.815056 0.132079
14661 0.815077 0.132093
14662 0.815097 0.132121
14663 0.815118 0.132162
14664 0.815138 0.132214
14665 0.815159 0.132277
14666 0.81518 0.132349
14667 0.815201 0.132398
14668 0.815221 0.132458
14669 0.815242 0.132527
14670 0.815262 0.132574
14671 0.815282 0.132601
14672 0.815303 0.13264
14673 0.815323 0.132691
14674 0.815343 0.132722
14675 0.815363 0.132733
14676 0.815382 0.132728
14677 0.815384 0.132724
14678 0.81537 0.132719
14679 0.815342 0.132715
14680 0.815301 0.13271
14681 0.815248 0.132706
14682 0.815203 0.132687
14683 0.815163 0.132654
14684 0.81513 0.13264
14685 0.815102 0.132643
14686 0.815078 0.13263
14687 0.815059 0.132603
14688 0.815043 0.132594
14689 0.815031 0.132601
14690 0.815022 0.132624
14691 0.815017 0.132659
14692 0.815013 0.132707
14693 0.815012 0.132765
14694 0.815013 0.132833
14695 0.815016 0.132879
14696 0.81502 0.132936
14697 0.815026 0.132971
14698 0.815032 0.132988
14699 0.81504 0.133018
14700 0.815031 0.133045
14701 0.815008 0.133069
14702 0.814971 0.13309
14703 0.814922 0.133109
14704 0.81488 0.133142
14705 0.814844 0.133187
14706 0.814814 0.133243
14707 0.814789 0.133309
14708 0.814768 0.133383
14709 0.814751 0.133466
14710 0.814737 0.133525
14711 0.814727 0.133563
14712 0.814718 0.133581
14713 0.814712 0.133582
14714 0.814708 0.133567
14715 0.814706 0.133538
14716 0.814706 0.133496
14717 0.814707 0.133443
14718 0.81471 0.133379
14719 0.814714 0.133338
14720 0.81472 0.133316
14721 0.814727 0.133312
14722 0.814735 0.133324
14723 0.814745 0.13335
14724 0.814755 0.133389
14725 0.814766 0.13344
14726 0.814778 0.13347
14727 0.81479 0.133482
14728 0.814802 0.133477
14729 0.814815 0.133456
14730 0.814828 0.133422
14731 0.814841 0.133408
14732 0.814855 0.13341
14733 0.81487 0.133396
14734 0.814884 0.133399
14735 0.814899 0.133418
14736 0.814915 0.13345
14737 0.814931 0.133494
14738 0.814947 0.13355
14739 0.814963 0.133616
14740 0.814979 0.133659
14741 0.814996 0.133683
14742 0.815012 0.133688
14743 0.815028 0.133678
14744 0.815045 0.133653
14745 0.815061 0.133646
14746 0.815078 0.133624
14747 0.815094 0.133589
14748 0.81511 0.133541
14749 0.815127 0.133483
14750 0.815144 0.133446
14751 0.815161 0.133429
14752 0.815177 0.133397
14753 0.815194 0.133354
14754 0.815211 0.13333
14755 0.815229 0.133324
14756 0.815246 0.133303
14757 0.815263 0.1333
14758 0.815281 0.133312
14759 0.815299 0.133339
14760 0.815316 0.133379
14761 0.815334 0.133431
14762 0.815352 0.133493
14763 0.81537 0.133533
14764 0.815388 0.133553
14765 0.815406 0.133556
14766 0.815424 0.133574
14767 0.815442 0.133575
14768 0.815459 0.13356
14769 0.815477 0.133531
14770 0.815495 0.133489
14771 0.815513 0.133436
14772 0.815531 0.133404
14773 0.815549 0.133391
14774 0.815567 0.133394
14775 0.815585 0.133413
14776 0.815603 0.133414
14777 0.815621 0.133431
14778 0.815639 0.133461
14779 0.815657 0.133473
14780 0.815676 0.133469
14781 0.815694 0.13348
14782 0.815712 0.133506
14783 0.81573 0.133544
14784 0.815749 0.133595
14785 0.815767 0.133656
14786 0.815785 0.133726
14787 0.815804 0.133806
14788 0.815822 0.133892
14789 0.81584 0.133986
14790 0.815841 0.13407
14791 0.815826 0.134145
14792 0.815797 0.134212
14793 0.815755 0.134272
14794 0.815701 0.134326
14795 0.815638 0.134374
14796 0.815565 0.134416
14797 0.815483 0.134455
14798 0.815412 0.134473
14799 0.815349 0.134475
14800 0.815294 0.13446
14801 0.815247 0.134432
14802 0.815206 0.13439
14803 0.815171 0.134338
14804 0.815141 0.134274
14805 0.815115 0.134202
14806 0.815094 0.134121
14807 0.815077 0.134033
14808 0.815063 0.133938
14809 0.815053 0.133868
14810 0.815045 0.13382
14811 0.815039 0.133793
14812 0.815036 0.133784
14813 0.815035 0.133792
14814 0.815035 0.133815
14815 0.815038 0.133851
14816 0.815041 0.133867
14817 0.815046 0.133867
14818 0.815052 0.133882
14819 0.815059 0.13388
14820 0.815067 0.133862
14821 0.815076 0.133831
14822 0.815086 0.133787
14823 0.815096 0.133732
14824 0.815107 0.133667
14825 0.815118 0.133592
14826 0.81513 0.13351
14827 0.815142 0.133419
14828 0.815155 0.133323
14829 0.815168 0.13322
14830 0.815181 0.133112
14831 0.815195 0.13303
14832 0.815209 0.132972
14833 0.815223 0.132936
14834 0.815238 0.132919
14835 0.815253 0.132919
14836 0.815268 0.132935
14837 0.815283 0.132965
14838 0.815298 0.133008
14839 0.815314 0.133031
14840 0.81533 0.133035
14841 0.815345 0.133056
14842 0.815361 0.133058
14843 0.815377 0.133044
14844 0.815393 0.133048
14845 0.815409 0.133067
14846 0.815425 0.133099
14847 0.815442 0.133144
14848 0.815458 0.133169
14849 0.815474 0.133176
14850 0.815491 0.133166
14851 0.815507 0.133142
14852 0.815524 0.133136
14853 0.81554 0.133146
14854 0.815556 0.13317
14855 0.815573 0.133208
14856 0.815589 0.133258
14857 0.815606 0.133287
14858 0.815622 0.133297
14859 0.815638 0.133291
14860 0.815654 0.13327
14861 0.815671 0.133235
14862 0.815687 0.133219
14863 0.815703 0.133221
14864 0.815702 0.133222
14865 0.815685 0.133221
14866 0.815655 0.13322
14867 0.815611 0.133219
14868 0.815557 0.133217
14869 0.815492 0.133214
14870 0.815449 0.133216
14871 0.815425 0.133222
14872 0.815418 0.133232
14873 0.815397 0.13324
14874 0.815393 0.133252
14875 0.815373 0.133262
14876 0.815357 0.133287
14877 0.815344 0.133325
14878 0.815317 0.133358
14879 0.815276 0.133387
14880 0.815224 0.133413
14881 0.815162 0.133436
14882 0.81509 0.133455
14883 0.81501 0.133473
14884 0.814953 0.133493
14885 0.814916 0.133515
14886 0.814898 0.133541
14887 0.814897 0.133568
14888 0.814911 0.133598
14889 0.814938 0.133629
14890 0.814978 0.133662
14891 0.815028 0.133697
14892 0.815089 0.133733
14893 0.815128 0.133764
14894 0.815147 0.133792
14895 0.815149 0.133817
14896 0.815135 0.133838
14897 0.815137 0.133862
14898 0.81514 0.133869
14899 0.815145 0.133858
14900 0.81515 0.133834
14901 0.815157 0.133796
14902 0.815164 0.133746
14903 0.815172 0.133685
14904 0.815181 0.133615
14905 0.815204 0.133557
14906 0.81524 0.133509
14907 0.815287 0.133472
14908 0.815344 0.133443
14909 0.81541 0.133421
14910 0.815472 0.133387
14911 0.815528 0.133371
14912 0.815581 0.133373
14913 0.81563 0.13339
14914 0.815675 0.133421
14915 0.815718 0.133464
14916 0.815758 0.133519
14917 0.815795 0.133553
14918 0.815831 0.133598
14919 0.815864 0.133655
14920 0.815878 0.133706
14921 0.815876 0.133751
14922 0.815857 0.133791
14923 0.815825 0.133826
14924 0.815781 0.133857
14925 0.815756 0.133889
14926 0.815748 0.133924
14927 0.815756 0.13396
14928 0.815765 0.133977
14929 0.815787 0.133997
14930 0.81581 0.134
14931 0.815832 0.133987
14932 0.815853 0.133959
14933 0.815874 0.133919
14934 0.815908 0.133888
14935 0.815953 0.133865
14936 0.815978 0.133843
14937 0.815985 0.133823
14938 0.816006 0.13381
14939 0.81604 0.133803
14940 0.816086 0.133802
14941 0.816128 0.133817
14942 0.816168 0.133846
14943 0.816206 0.133888
14944 0.816241 0.133941
14945 0.816275 0.133973
14946 0.81629 0.134001
14947 0.816288 0.134026
14948 0.81627 0.134048
14949 0.816238 0.134066
14950 0.816194 0.134083
14951 0.816139 0.134096
14952 0.816073 0.134108
14953 0.816029 0.134124
14954 0.816004 0.134144
14955 0.815996 0.134167
14956 0.816004 0.134193
14957 0.816025 0.134222
14958 0.81606 0.134253
14959 0.816075 0.134281
14960 0.816073 0.134305
14961 0.816056 0.134326
14962 0.816042 0.134329
14963 0.816032 0.134317
14964 0.816007 0.134305
14965 0.815968 0.134294
14966 0.815949 0.134289
14967 0.815946 0.13429
14968 0.815958 0.134297
14969 0.815953 0.134302
14970 0.81595 0.134322
14971 0.81595 0.134356
14972 0.815951 0.134402
14973 0.815953 0.134459
14974 0.815957 0.134526
14975 0.815962 0.134602
14976 0.815968 0.134686
14977 0.815976 0.134746
14978 0.815985 0.134784
14979 0.815977 0.134818
14980 0.815954 0.134848
14981 0.815918 0.134874
14982 0.815887 0.134914
14983 0.815861 0.134965
14984 0.815839 0.135026
14985 0.815821 0.135097
14986 0.815807 0.135176
14987 0.815796 0.135232
14988 0.815788 0.135267
14989 0.815783 0.135283
14990 0.81578 0.135312
14991 0.815761 0.135339
14992 0.815729 0.135361
14993 0.815684 0.135381
14994 0.815646 0.135415
14995 0.815613 0.135461
14996 0.815568 0.135502
14997 0.815512 0.135538
14998 0.815463 0.135554
14999 0.815421 0.135554
15000 0.815385 0.135538
