14000 0.743864 0.07023
14001 0.743898 0.0701886
14002 0.743942 0.0701434
14003 0.743995 0.0700949
14004 0.744036 0.0700649
14005 0.744065 0.0700517
14006 0.744084 0.0700536
14007 0.744093 0.0700691
14008 0.744094 0.0700967
14009 0.744109 0.0701138
14010 0.744136 0.0701214
14011 0.744173 0.0701205
14012 0.744221 0.0701118
14013 0.744256 0.0701178
14014 0.74428 0.070137
14015 0.744295 0.070168
14016 0.744301 0.0702097
14017 0.744305 0.0702317
14018 0.744308 0.0702358
14019 0.744311 0.0702239
14020 0.744312 0.0701976
14021 0.744312 0.0701583
14022 0.744312 0.0701074
14023 0.74431 0.0700459
14024 0.744302 0.0700043
14025 0.744287 0.0699807
14026 0.744266 0.0699732
14027 0.74424 0.0699802
14028 0.744209 0.0700003
14029 0.744195 0.0700107
14030 0.744195 0.0700122
14031 0.74421 0.0700059
14032 0.744236 0.0699925
14033 0.744273 0.0699726
14034 0.7443 0.0699686
14035 0.744316 0.0699787
14036 0.744323 0.0700016
14037 0.744329 0.0700065
14038 0.744333 0.0699954
14039 0.744336 0.0699697
14040 0.744338 0.069931
14041 0.744324 0.0698966
14042 0.744305 0.0698794
14043 0.744279 0.0698776
14044 0.744249 0.0698897
14045 0.744235 0.0698928
14046 0.744237 0.0698879
14047 0.744251 0.0698758
14048 0.744278 0.0698571
14049 0.744287 0.0698406
14050 0.744279 0.069826
14051 0.744256 0.0698133
14052 0.74422 0.0698021
14053 0.744201 0.0697843
14054 0.744197 0.0697605
14055 0.744208 0.0697313
14056 0.744231 0.0696972
14057 0.744265 0.0696588
14058 0.744288 0.0696379
14059 0.744301 0.0696327
14060 0.744305 0.0696417
14061 0.744302 0.0696635
14062 0.744291 0.0696968
14063 0.744274 0.0697404
14064 0.744272 0.069772
14065 0.744284 0.0697927
14066 0.744308 0.0698036
14067 0.744329 0.0697979
14068 0.74434 0.0698064
14069 0.744335 0.0698144
14070 0.744314 0.0698219
14071 0.74431 0.069821
14072 0.744319 0.0698125
14073 0.744341 0.0697972
14074 0.744374 0.0697757
14075 0.744418 0.0697487
14076 0.74445 0.0697382
14077 0.744471 0.0697424
14078 0.744482 0.0697598
14079 0.744485 0.0697893
14080 0.744502 0.0698082
14081 0.74453 0.0698175
14082 0.74454 0.0698262
14083 0.744533 0.0698343
14084 0.744511 0.0698418
14085 0.744476 0.0698488
14086 0.744443 0.0698396
14087 0.744413 0.0698156
14088 0.744385 0.0697785
14089 0.744359 0.0697294
14090 0.744335 0.0696697
14091 0.744312 0.0696003
14092 0.744305 0.0695301
14093 0.744313 0.0694593
14094 0.744333 0.069388
14095 0.744365 0.069316
14096 0.744386 0.069265
14097 0.744398 0.0692327
14098 0.7444 0.0692173
14099 0.744395 0.069217
14100 0.744382 0.0692305
14101 0.744363 0.0692563
14102 0.74436 0.0692718
14103 0.74437 0.0692781
14104 0.744393 0.0692762
14105 0.744406 0.0692881
14106 0.744411 0.0693124
14107 0.744407 0.069348
14108 0.744396 0.0693936
14109 0.744399 0.069427
14110 0.744416 0.0694494
14111 0.744445 0.069462
14112 0.744463 0.0694869
14113 0.744472 0.069523
14114 0.744472 0.0695691
14115 0.744486 0.069603
14116 0.744512 0.0696258
14117 0.74455 0.0696388
14118 0.744597 0.0696428
14119 0.744653 0.0696388
14120 0.744695 0.0696488
14121 0.744726 0.0696715
14122 0.744753 0.0696763
14123 0.744777 0.069665
14124 0.744797 0.0696393
14125 0.744814 0.0696006
14126 0.744829 0.0695501
14127 0.744841 0.0694891
14128 0.744852 0.0694186
14129 0.744854 0.0693687
14130 0.744847 0.0693376
14131 0.744834 0.0693232
14132 0.744815 0.0693239
14133 0.74479 0.0693383
14134 0.744759 0.0693649
14135 0.744725 0.0694025
14136 0.744707 0.0694288
14137 0.744705 0.0694451
14138 0.744717 0.0694522
14139 0.744741 0.0694512
14140 0.744777 0.0694428
14141 0.744823 0.0694277
14142 0.744878 0.0694068
14143 0.74492 0.0694015
14144 0.74495 0.0694104
14145 0.744969 0.069432
14146 0.744986 0.0694359
14147 0.745 0.0694237
14148 0.745012 0.0693972
14149 0.745021 0.0693577
14150 0.745029 0.0693066
14151 0.745029 0.0692741
14152 0.745021 0.0692585
14153 0.745006 0.069258
14154 0.744984 0.0692711
14155 0.744964 0.0692673
14156 0.744945 0.0692483
14157 0.744927 0.0692157
14158 0.744903 0.0691998
14159 0.744881 0.06917
14160 0.744853 0.0691566
14161 0.74482 0.0691582
14162 0.744804 0.0691521
14163 0.744804 0.0691392
14164 0.744817 0.06912
14165 0.744821 0.0691163
14166 0.744817 0.0691266
14167 0.744805 0.0691494
14168 0.744787 0.0691834
14169 0.74477 0.0691985
14170 0.744754 0.0691964
14171 0.744738 0.069179
14172 0.744716 0.0691769
14173 0.74468 0.069175
14174 0.744633 0.0691734
14175 0.744575 0.069172
14176 0.744506 0.0691707
14177 0.744459 0.069162
14178 0.744429 0.0691466
14179 0.744417 0.069125
14180 0.744419 0.0690979
14181 0.744413 0.0690871
14182 0.7444 0.0690909
14183 0.74438 0.0691078
14184 0.744355 0.0691366
14185 0.744331 0.069147
14186 0.744308 0.0691407
14187 0.74428 0.0691486
14188 0.744247 0.0691692
14189 0.744231 0.06918
14190 0.74423 0.0691819
14191 0.744242 0.0691759
14192 0.744267 0.0691627
14193 0.744281 0.0691643
14194 0.744286 0.0691793
14195 0.744305 0.0691851
14196 0.744306 0.0691903
14197 0.744291 0.069195
14198 0.744291 0.0691915
14199 0.744305 0.0691806
14200 0.744331 0.069163
14201 0.744346 0.0691608
14202 0.744352 0.0691722
14203 0.744371 0.0691748
14204 0.744402 0.0691695
14205 0.744443 0.069157
14206 0.744494 0.069138
14207 0.744532 0.0691345
14208 0.744565 0.0691158
14209 0.744593 0.0690834
14210 0.744611 0.0690677
14211 0.74462 0.0690672
14212 0.744619 0.0690803
14213 0.744611 0.0691056
14214 0.744618 0.0691208
14215 0.744637 0.069127
14216 0.744668 0.0691251
14217 0.744689 0.0691369
14218 0.744699 0.0691611
14219 0.744701 0.0691966
14220 0.744717 0.0692209
14221 0.744744 0.0692354
14222 0.744783 0.0692409
14223 0.74481 0.0692595
14224 0.744826 0.0692898
14225 0.74484 0.0693015
14226 0.744851 0.0692964
14227 0.744861 0.0692763
14228 0.744861 0.0692717
14229 0.744854 0.0692812
14230 0.744839 0.0693032
14231 0.74484 0.0693156
14232 0.744855 0.0693193
14233 0.744881 0.0693151
14234 0.744919 0.0693039
14235 0.744945 0.0693072
14236 0.744968 0.0692947
14237 0.744987 0.0692679
14238 0.744996 0.0692573
14239 0.744997 0.0692613
14240 0.74499 0.0692784
14241 0.744982 0.0692782
14242 0.744975 0.0692625
14243 0.744966 0.0692328
14244 0.744958 0.0691905
14245 0.744943 0.069166
14246 0.744921 0.0691575
14247 0.744894 0.0691634
14248 0.744861 0.0691822
14249 0.744825 0.0692127
14250 0.74479 0.0692245
14251 0.744773 0.0692277
14252 0.744771 0.0692231
14253 0.744784 0.0692115
14254 0.744787 0.0692146
14255 0.744782 0.069231
14256 0.744776 0.0692301
14257 0.744764 0.069243
14258 0.744766 0.0692471
14259 0.74476 0.0692643
14260 0.744769 0.0692724
14261 0.744791 0.0692722
14262 0.744802 0.0692856
14263 0.744805 0.0693112
14264 0.744806 0.0693187
14265 0.744806 0.0693099
14266 0.744805 0.0692864
14267 0.744796 0.0692788
14268 0.74478 0.0692856
14269 0.744765 0.0692761
14270 0.74475 0.069252
14271 0.744735 0.0692147
14272 0.744721 0.0691656
14273 0.7447 0.069135
14274 0.744673 0.069121
14275 0.744642 0.069122
14276 0.744605 0.0691364
14277 0.744586 0.0691419
14278 0.744583 0.0691392
14279 0.744594 0.0691293
14280 0.744617 0.0691127
14281 0.744651 0.0690903
14282 0.744675 0.0690837
14283 0.744688 0.0690912
14284 0.744699 0.0690824
14285 0.744707 0.069059
14286 0.744713 0.0690223
14287 0.744717 0.0689737
14288 0.74472 0.0689143
14289 0.74472 0.0688453
14290 0.74472 0.0687676
14291 0.744711 0.0687112
14292 0.744696 0.0686739
14293 0.744674 0.0686538
14294 0.744647 0.0686493
14295 0.74462 0.0686295
14296 0.744589 0.0686253
14297 0.744559 0.0686058
14298 0.744531 0.0685727
14299 0.744497 0.0685564
14300 0.744459 0.0685552
14301 0.744417 0.0685675
14302 0.744393 0.068571
14303 0.744385 0.0685665
14304 0.744391 0.0685548
14305 0.74441 0.0685367
14306 0.744441 0.0685127
14307 0.744467 0.0684756
14308 0.744483 0.0684556
14309 0.744489 0.068451
14310 0.744493 0.0684312
14311 0.744496 0.0683979
14312 0.744496 0.0683523
14313 0.744495 0.0682957
14314 0.744486 0.0682581
14315 0.74447 0.0682377
14316 0.744447 0.0682328
14317 0.744419 0.0682417
14318 0.744385 0.0682631
14319 0.744346 0.0682957
14320 0.744325 0.0683174
14321 0.74432 0.0683293
14322 0.744329 0.0683323
14323 0.74435 0.0683273
14324 0.744362 0.0683362
14325 0.744364 0.0683576
14326 0.744358 0.0683903
14327 0.744344 0.0684331
14328 0.744324 0.0684851
14329 0.744297 0.0685453
14330 0.744266 0.0686129
14331 0.744251 0.068666
14332 0.744251 0.0687061
14333 0.744265 0.0687345
14334 0.744269 0.0687736
14335 0.744272 0.0687931
14336 0.744272 0.0687951
14337 0.744272 0.0687814
14338 0.744269 0.0687534
14339 0.744266 0.0687126
14340 0.744255 0.0686894
14341 0.744243 0.068653
14342 0.744225 0.0686337
14343 0.7442 0.0686299
14344 0.744177 0.0686108
14345 0.744148 0.0686072
14346 0.744114 0.0686175
14347 0.744081 0.0686111
14348 0.744051 0.0685898
14349 0.744022 0.068555
14350 0.744009 0.068516
14351 0.744011 0.068473
14352 0.744027 0.0684266
14353 0.744033 0.0683983
14354 0.744037 0.0683572
14355 0.744038 0.0683046
14356 0.744032 0.0682707
14357 0.744018 0.0682537
14358 0.743997 0.0682518
14359 0.743971 0.0682635
14360 0.74396 0.0682663
14361 0.743965 0.068261
14362 0.743982 0.0682485
14363 0.744012 0.0682294
14364 0.744052 0.0682044
14365 0.744101 0.0681742
14366 0.744138 0.0681604
14367 0.744162 0.0681613
14368 0.744183 0.0681465
14369 0.7442 0.0681177
14370 0.744207 0.068105
14371 0.744212 0.0680781
14372 0.744214 0.0680383
14373 0.744215 0.067987
14374 0.744207 0.067954
14375 0.744192 0.0679377
14376 0.744177 0.0679074
14377 0.744162 0.0678646
14378 0.74414 0.0678394
14379 0.744112 0.06783
14380 0.744078 0.0678348
14381 0.74404 0.0678525
14382 0.744018 0.0678606
14383 0.744013 0.0678601
14384 0.744022 0.0678518
14385 0.744043 0.0678367
14386 0.744054 0.0678363
14387 0.744056 0.0678492
14388 0.744049 0.0678742
14389 0.744035 0.0679099
14390 0.744014 0.0679554
14391 0.744008 0.0679885
14392 0.744017 0.0680105
14393 0.744038 0.0680225
14394 0.744049 0.0680466
14395 0.744051 0.0680817
14396 0.744066 0.0681054
14397 0.744093 0.0681191
14398 0.744109 0.0681447
14399 0.744137 0.0681599
14400 0.744155 0.068187
14401 0.744184 0.0682037
14402 0.744224 0.0682109
14403 0.744273 0.0682097
14404 0.744331 0.068201
14405 0.744375 0.0682065
14406 0.744407 0.0682248
14407 0.744427 0.0682546
14408 0.744437 0.0682948
14409 0.744438 0.0683443
14410 0.744438 0.0683733
14411 0.744436 0.0683839
14412 0.744432 0.0683778
14413 0.744427 0.0683567
14414 0.744422 0.0683222
14415 0.744415 0.0682755
14416 0.744407 0.0682179
14417 0.744399 0.0681505
14418 0.744383 0.0681032
14419 0.74436 0.068074
14420 0.744332 0.0680612
14421 0.744298 0.068063
14422 0.74426 0.068078
14423 0.744239 0.0680839
14424 0.744234 0.0680815
14425 0.744243 0.0680718
14426 0.744265 0.0680553
14427 0.744276 0.0680539
14428 0.744279 0.068066
14429 0.744272 0.0680903
14430 0.744259 0.0681255
14431 0.744238 0.0681706
14432 0.744233 0.0682036
14433 0.744243 0.0682256
14434 0.744265 0.0682377
14435 0.744277 0.068262
14436 0.744279 0.0682973
14437 0.744273 0.0683424
14438 0.744266 0.0683675
14439 0.744258 0.0683745
14440 0.744249 0.0683652
14441 0.74424 0.0683413
14442 0.744244 0.068312
14443 0.744263 0.0682781
14444 0.744293 0.0682399
14445 0.744333 0.0681978
14446 0.744362 0.0681734
14447 0.744379 0.0681648
14448 0.744387 0.0681705
14449 0.744386 0.0681891
14450 0.744376 0.0682191
14451 0.744382 0.0682385
14452 0.7444 0.0682484
14453 0.74443 0.0682497
14454 0.744456 0.0682352
14455 0.744477 0.0682067
14456 0.744495 0.0681654
14457 0.744509 0.0681127
14458 0.74452 0.0680496
14459 0.744521 0.0680062
14460 0.744515 0.0679806
14461 0.744501 0.0679709
14462 0.74448 0.0679756
14463 0.744453 0.0679932
14464 0.744427 0.0679934
14465 0.744401 0.067978
14466 0.744377 0.0679485
14467 0.744353 0.0679065
14468 0.74433 0.067853
14469 0.744308 0.0677893
14470 0.744279 0.0677453
14471 0.744245 0.067719
14472 0.744213 0.0676797
14473 0.744182 0.0676288
14474 0.744152 0.0675674
14475 0.744117 0.0675254
14476 0.744077 0.0675008
14477 0.744033 0.067492
14478 0.744006 0.0674763
14479 0.743996 0.0674544
14480 0.744001 0.0674269
14481 0.743997 0.0674155
14482 0.743985 0.0674184
14483 0.743965 0.0674342
14484 0.743939 0.0674617
14485 0.743929 0.0674786
14486 0.743934 0.0674861
14487 0.74393 0.0675061
14488 0.743918 0.0675373
14489 0.743899 0.0675788
14490 0.743874 0.0676293
14491 0.743842 0.0676881
14492 0.743806 0.0677544
14493 0.743786 0.0678062
14494 0.743783 0.067845
14495 0.743793 0.067872
14496 0.743794 0.0679098
14497 0.743793 0.0679281
14498 0.743784 0.0679581
14499 0.743767 0.0679984
14500 0.743744 0.0680481
14501 0.743737 0.068085
14502 0.743729 0.0681026
14503 0.743719 0.0681028
14504 0.743708 0.0680876
14505 0.74369 0.0680872
14506 0.743666 0.0681003
14507 0.743636 0.0681255
14508 0.743623 0.0681403
14509 0.743624 0.0681456
14510 0.743639 0.0681425
14511 0.743666 0.0681318
14512 0.743682 0.0681355
14513 0.743694 0.0681233
14514 0.743703 0.0680969
14515 0.743709 0.0680575
14516 0.743707 0.0680354
14517 0.743696 0.0680289
14518 0.743678 0.0680364
14519 0.74366 0.0680277
14520 0.743641 0.0680042
14521 0.743623 0.0679677
14522 0.743604 0.0679192
14523 0.743584 0.0678601
14524 0.743565 0.0677914
14525 0.743539 0.0677428
14526 0.743508 0.0677123
14527 0.743493 0.0676769
14528 0.743493 0.0676371
14529 0.743484 0.0676145
14530 0.743469 0.0676074
14531 0.743468 0.067593
14532 0.743459 0.0675933
14533 0.743442 0.0676069
14534 0.743441 0.0676111
14535 0.743431 0.0676282
14536 0.743414 0.0676569
14537 0.743413 0.0676748
14538 0.743409 0.0676753
14539 0.743404 0.0676601
14540 0.74339 0.0676599
14541 0.74337 0.067673
14542 0.743344 0.0676982
14543 0.743333 0.0677128
14544 0.743338 0.0677179
14545 0.743355 0.0677145
14546 0.743384 0.0677034
14547 0.743402 0.0677068
14548 0.74341 0.0677231
14549 0.743409 0.0677512
14550 0.743399 0.0677898
14551 0.743382 0.0678379
14552 0.743359 0.0678945
14553 0.74333 0.0679589
14554 0.743295 0.0680301
14555 0.743278 0.0680862
14556 0.74326 0.0681211
14557 0.743241 0.068137
14558 0.743222 0.0681358
14559 0.743203 0.0681192
14560 0.743184 0.0680886
14561 0.743164 0.0680456
14562 0.743144 0.0679912
14563 0.743123 0.0679268
14564 0.743096 0.0678823
14565 0.743064 0.0678556
14566 0.743027 0.0678451
14567 0.742986 0.067849
14568 0.742962 0.0678444
14569 0.742953 0.0678321
14570 0.74296 0.0678128
14571 0.742979 0.0677873
14572 0.742987 0.0677778
14573 0.742987 0.0677825
14574 0.742978 0.0678002
14575 0.742984 0.0678079
14576 0.742987 0.0677993
14577 0.742987 0.067776
14578 0.742985 0.0677396
14579 0.74298 0.0676913
14580 0.742973 0.0676323
14581 0.742965 0.0675636
14582 0.742955 0.0674863
14583 0.742944 0.0674012
14584 0.742931 0.0673091
14585 0.742912 0.0672395
14586 0.742885 0.06719
14587 0.742853 0.0671587
14588 0.742816 0.0671437
14589 0.742779 0.0671147
14590 0.742744 0.0670731
14591 0.742726 0.0670274
14592 0.742723 0.066978
14593 0.742717 0.066918
14594 0.74271 0.0668485
14595 0.742695 0.0667991
14596 0.742672 0.0667678
14597 0.74265 0.0667241
14598 0.742621 0.0666978
14599 0.742586 0.0666873
14600 0.742546 0.0666908
14601 0.742523 0.0666857
14602 0.742515 0.0666726
14603 0.742522 0.0666525
14604 0.742541 0.066626
14605 0.742572 0.0665938
14606 0.742591 0.0665778
14607 0.742599 0.0665764
14608 0.742597 0.0665881
14609 0.742593 0.0665831
14610 0.742587 0.0665632
14611 0.742579 0.0665298
14612 0.74257 0.0664843
14613 0.742558 0.0664278
14614 0.742545 0.0663614
14615 0.742531 0.0662862
14616 0.742516 0.066203
14617 0.7425 0.0661126
14618 0.742476 0.0660442
14619 0.742446 0.0659956
14620 0.74241 0.0659648
14621 0.742369 0.06595
14622 0.742322 0.0659496
14623 0.742278 0.0659337
14624 0.742236 0.0659039
14625 0.742195 0.0658617
14626 0.742156 0.0658082
14627 0.742118 0.0657445
14628 0.742081 0.0656718
14629 0.742045 0.0655909
14630 0.74201 0.0655027
14631 0.741969 0.065436
14632 0.741923 0.0653887
14633 0.741879 0.0653307
14634 0.741837 0.0652631
14635 0.741796 0.0651867
14636 0.741757 0.0651026
14637 0.741718 0.0650115
14638 0.741674 0.0649421
14639 0.741626 0.0648922
14640 0.741572 0.06486
14641 0.741515 0.0648436
14642 0.741454 0.0648414
14643 0.741412 0.0648306
14644 0.741388 0.0648121
14645 0.741379 0.0647867
14646 0.741383 0.064755
14647 0.741401 0.0647176
14648 0.741413 0.0646686
14649 0.741422 0.0646091
14650 0.741426 0.06454
14651 0.741428 0.0644625
14652 0.741426 0.0643773
14653 0.741421 0.0642852
14654 0.741408 0.0642148
14655 0.741386 0.0641638
14656 0.741357 0.0641304
14657 0.741321 0.0641128
14658 0.741279 0.0641093
14659 0.741238 0.0640907
14660 0.741199 0.0640587
14661 0.74116 0.0640144
14662 0.741122 0.0639592
14663 0.741085 0.0638941
14664 0.741042 0.0638478
14665 0.740993 0.0638186
14666 0.74094 0.0638045
14667 0.740905 0.0637829
14668 0.740886 0.0637545
14669 0.740882 0.0637199
14670 0.740892 0.0636798
14671 0.740913 0.0636347
14672 0.740929 0.0635788
14673 0.74094 0.063513
14674 0.740941 0.0634661
14675 0.740931 0.0634362
14676 0.740935 0.0634003
14677 0.740929 0.0633802
14678 0.740921 0.0633467
14679 0.74091 0.0633012
14680 0.740897 0.0632449
14681 0.740882 0.0631788
14682 0.740866 0.0631039
14683 0.740848 0.0630211
14684 0.740828 0.0629313
14685 0.7408 0.0628625
14686 0.740766 0.0628127
14687 0.740724 0.06278
14688 0.740677 0.0627626
14689 0.740631 0.0627316
14690 0.740587 0.0626883
14691 0.740544 0.0626341
14692 0.740495 0.0625972
14693 0.74044 0.0625761
14694 0.740404 0.062548
14695 0.740385 0.0625135
14696 0.740364 0.062467
14697 0.740342 0.0624099
14698 0.740318 0.0623431
14699 0.740294 0.0622676
14700 0.740269 0.0621843
14701 0.740243 0.062094
14702 0.740216 0.0619974
14703 0.740182 0.0619223
14704 0.740141 0.0618665
14705 0.740101 0.061801
14706 0.740061 0.0617268
14707 0.740022 0.0616446
14708 0.739999 0.0615613
14709 0.739991 0.0614771
14710 0.739997 0.0613919
14711 0.739992 0.061327
14712 0.739977 0.0612803
14713 0.739976 0.061229
14714 0.739987 0.0611734
14715 0.739994 0.0611081
14716 0.739997 0.0610341
14717 0.739997 0.0609521
14718 0.739993 0.060863
14719 0.739978 0.0607944
14720 0.739955 0.0607442
14721 0.739923 0.0607105
14722 0.739891 0.0606649
14723 0.739859 0.0606086
14724 0.739819 0.0605694
14725 0.739773 0.0605456
14726 0.739743 0.0605148
14727 0.73973 0.0604777
14728 0.739707 0.0604557
14729 0.739675 0.0604474
14730 0.739659 0.0604305
14731 0.739634 0.0604268
14732 0.739624 0.0604139
14733 0.739605 0.0604139
14734 0.739576 0.0604253
14735 0.73954 0.060447
14736 0.739497 0.060478
14737 0.73947 0.0604964
14738 0.739459 0.0605035
14739 0.739461 0.0605004
14740 0.739476 0.0604881
14741 0.739502 0.0604676
14742 0.739521 0.0604338
14743 0.739551 0.060394
14744 0.73959 0.0603486
14745 0.739615 0.0603193
14746 0.739627 0.0603043
14747 0.73965 0.0602814
14748 0.739667 0.0602455
14749 0.739679 0.0601979
14750 0.739686 0.0601398
14751 0.739688 0.0600722
14752 0.739687 0.0599961
14753 0.739682 0.0599123
14754 0.739674 0.0598216
14755 0.739664 0.0597247
14756 0.739643 0.0596489
14757 0.739614 0.0595919
14758 0.739576 0.0595519
14759 0.739532 0.0595272
14760 0.73948 0.0595163
14761 0.739447 0.0594969
14762 0.739429 0.05947
14763 0.739426 0.0594363
14764 0.739419 0.0593907
14765 0.739409 0.0593344
14766 0.739397 0.0592685
14767 0.739381 0.059194
14768 0.739364 0.0591116
14769 0.739337 0.0590487
14770 0.739302 0.0590032
14771 0.739267 0.058947
14772 0.739231 0.0588812
14773 0.739195 0.0588067
14774 0.739159 0.0587244
14775 0.739138 0.0586408
14776 0.739109 0.0585766
14777 0.739071 0.0585299
14778 0.73905 0.0584782
14779 0.739043 0.0584221
14780 0.739049 0.0583619
14781 0.739051 0.0582926
14782 0.739049 0.058215
14783 0.739043 0.0581299
14784 0.739033 0.0580381
14785 0.73902 0.0579403
14786 0.739005 0.0578371
14787 0.738987 0.0577289
14788 0.738968 0.0576164
14789 0.738946 0.0575
14790 0.738914 0.0574059
14791 0.738875 0.057332
14792 0.738828 0.0572763
14793 0.738774 0.0572368
14794 0.738714 0.0572119
14795 0.738648 0.0572003
14796 0.738578 0.0572004
14797 0.73851 0.0571854
14798 0.738445 0.0571568
14799 0.738399 0.0571212
14800 0.73837 0.0570794
14801 0.738355 0.0570319
14802 0.738355 0.0569793
14803 0.738343 0.0569425
14804 0.73832 0.05692
14805 0.738289 0.0569104
14806 0.738248 0.0569123
14807 0.738208 0.0568989
14808 0.738167 0.0568718
14809 0.738126 0.0568323
14810 0.738102 0.0567868
14811 0.738091 0.056736
14812 0.738094 0.0566803
14813 0.738085 0.0566407
14814 0.738066 0.0566155
14815 0.738036 0.0566034
14816 0.737998 0.0566029
14817 0.737952 0.0566131
14818 0.737923 0.0566122
14819 0.737909 0.0566014
14820 0.737908 0.0565818
14821 0.737896 0.0565746
14822 0.737873 0.0565786
14823 0.737865 0.0565722
14824 0.73787 0.0565565
14825 0.737862 0.0565528
14826 0.737844 0.05656
14827 0.737815 0.056577
14828 0.737778 0.0566028
14829 0.737733 0.0566365
14830 0.737688 0.0566517
14831 0.737643 0.0566504
14832 0.737615 0.0566391
14833 0.737602 0.0566189
14834 0.737578 0.0566112
14835 0.737545 0.0566148
14836 0.737503 0.0566286
14837 0.737478 0.0566309
14838 0.737468 0.0566228
14839 0.737446 0.056626
14840 0.737415 0.0566395
14841 0.737376 0.0566622
14842 0.737329 0.0566932
14843 0.737299 0.0567109
14844 0.737283 0.0567167
14845 0.737258 0.0567324
14846 0.737223 0.0567572
14847 0.737181 0.0567901
14848 0.737154 0.0568095
14849 0.737142 0.0568167
14850 0.737144 0.0568131
14851 0.737157 0.0567995
14852 0.737157 0.056798
14853 0.737145 0.0568071
14854 0.737123 0.0568259
14855 0.737116 0.0568327
14856 0.737121 0.0568285
14857 0.737137 0.0568145
14858 0.73714 0.0568124
14859 0.737131 0.0568211
14860 0.737112 0.0568395
14861 0.737082 0.0568666
14862 0.737051 0.056876
14863 0.737019 0.0568696
14864 0.736985 0.0568488
14865 0.736949 0.0568152
14866 0.736913 0.05677
14867 0.736875 0.0567143
14868 0.736829 0.0566748
14869 0.736777 0.0566498
14870 0.736725 0.0566123
14871 0.736673 0.0565636
14872 0.736621 0.0565048
14873 0.73657 0.056437
14874 0.736519 0.056361
14875 0.736468 0.0562777
14876 0.736418 0.0561878
14877 0.736368 0.0560919
14878 0.736334 0.0560161
14879 0.736316 0.0559582
14880 0.736311 0.0559166
14881 0.736318 0.0558896
14882 0.736337 0.0558758
14883 0.736366 0.0558737
14884 0.736403 0.0558823
14885 0.736449 0.0559004
14886 0.736485 0.0559018
14887 0.736512 0.0558881
14888 0.736525 0.0558861
14889 0.736549 0.0558947
14890 0.736565 0.0558876
14891 0.736592 0.0558915
14892 0.736627 0.0559054
14893 0.736654 0.0559029
14894 0.736674 0.0558858
14895 0.736687 0.0558555
14896 0.736693 0.0558133
14897 0.736711 0.0557856
14898 0.736739 0.055771
14899 0.736759 0.055743
14900 0.736772 0.0557028
14901 0.736779 0.0556517
14902 0.73678 0.0555908
14903 0.736776 0.0555209
14904 0.736768 0.0554431
14905 0.736772 0.0553834
14906 0.736788 0.05534
14907 0.736814 0.0553112
14908 0.73685 0.0552956
14909 0.736894 0.0552918
14910 0.736945 0.0552987
14911 0.737004 0.0553151
14912 0.737068 0.0553402
14913 0.737121 0.0553478
14914 0.737157 0.0553649
14915 0.737177 0.0553905
14916 0.737184 0.0554238
14917 0.737184 0.0554389
14918 0.73718 0.0554375
14919 0.737171 0.0554213
14920 0.737158 0.0553918
14921 0.737142 0.0553504
14922 0.737122 0.0552982
14923 0.737116 0.0552614
14924 0.737123 0.0552386
14925 0.737141 0.0552282
14926 0.737152 0.055204
14927 0.737174 0.0551924
14928 0.737188 0.055167
14929 0.737214 0.0551544
14930 0.737248 0.0551533
14931 0.737291 0.0551624
14932 0.737342 0.0551808
14933 0.737383 0.0551824
14934 0.737415 0.055169
14935 0.737438 0.0551421
14936 0.737454 0.0551029
14937 0.737464 0.0550527
14938 0.737467 0.0549927
14939 0.737465 0.0549238
14940 0.737458 0.0548468
14941 0.737447 0.0547627
14942 0.737449 0.0546971
14943 0.737463 0.0546481
14944 0.737488 0.0546142
14945 0.737522 0.0545937
14946 0.737565 0.0545854
14947 0.737598 0.054563
14948 0.737623 0.054528
14949 0.737658 0.0545064
14950 0.737701 0.0544971
14951 0.737753 0.0544988
14952 0.737794 0.0544854
14953 0.737825 0.0544585
14954 0.737849 0.0544193
14955 0.737865 0.0543692
14956 0.737874 0.0543092
14957 0.737895 0.0542652
14958 0.737926 0.0542356
14959 0.737949 0.054194
14960 0.737981 0.0541665
14961 0.738005 0.0541269
14962 0.73804 0.0541011
14963 0.738082 0.0540879
14964 0.738133 0.0540859
14965 0.738191 0.054094
14966 0.738255 0.0541112
14967 0.738301 0.0541366
14968 0.738337 0.0541446
14969 0.738365 0.0541368
14970 0.738385 0.0541148
14971 0.738398 0.0540802
14972 0.738405 0.054034
14973 0.738407 0.0539775
14974 0.738403 0.0539118
14975 0.738412 0.0538624
14976 0.738433 0.0538278
14977 0.738447 0.0537818
14978 0.738454 0.0537253
14979 0.738456 0.0536595
14980 0.738453 0.0535853
14981 0.738463 0.0535284
14982 0.738484 0.0534869
14983 0.738515 0.0534594
14984 0.738555 0.0534444
14985 0.738604 0.0534406
14986 0.73866 0.053447
14987 0.738706 0.0534378
14988 0.738742 0.0534145
14989 0.73877 0.0533785
14990 0.738791 0.0533311
14991 0.738822 0.0532982
14992 0.738862 0.0532783
14993 0.738894 0.0532454
14994 0.738917 0.0532007
14995 0.738934 0.0531456
14996 0.738944 0.0530809
14997 0.738948 0.0530077
14998 0.738965 0.0529514
14999 0.738992 0.0529105
15000 0.739029 0.0528832
