14000 0.806479 0.068235
14001 0.80649 0.0681985
14002 0.806499 0.06815
14003 0.806523 0.0681059
14004 0.806544 0.0680507
14005 0.806571 0.0680142
14006 0.806603 0.0679946
14007 0.806641 0.0679902
14008 0.806683 0.0679995
14009 0.806719 0.0679923
14010 0.806752 0.0679702
14011 0.806789 0.0679636
14012 0.806831 0.0679708
14013 0.80686 0.0679906
14014 0.806895 0.0680216
14015 0.806925 0.0680339
14016 0.806952 0.0680294
14017 0.806975 0.0680097
14018 0.806995 0.0679765
14019 0.807012 0.0679309
14020 0.807019 0.0679032
14021 0.807017 0.0678915
14022 0.807006 0.0678942
14023 0.806989 0.0679098
14024 0.806973 0.0679083
14025 0.806957 0.0678914
14026 0.806942 0.0678605
14027 0.806937 0.067846
14028 0.80694 0.0678461
14029 0.806952 0.0678595
14030 0.806954 0.0678848
14031 0.806947 0.0679208
14032 0.806933 0.0679665
14033 0.806913 0.0680208
14034 0.806885 0.068083
14035 0.80686 0.0681234
14036 0.806829 0.068173
14037 0.806793 0.068231
14038 0.806753 0.0682965
14039 0.806732 0.068355
14040 0.806728 0.0684072
14041 0.806741 0.0684539
14042 0.806768 0.0684955
14043 0.806792 0.0685174
14044 0.806812 0.0685216
14045 0.806822 0.0685387
14046 0.80683 0.0685385
14047 0.806829 0.0685517
14048 0.806827 0.068548
14049 0.806818 0.068558
14050 0.806808 0.0685515
14051 0.806799 0.06853
14052 0.806789 0.0684951
14053 0.80678 0.0684481
14054 0.806779 0.0684192
14055 0.806786 0.0684066
14056 0.806792 0.0683796
14057 0.806797 0.0683397
14058 0.806799 0.0682882
14059 0.80681 0.0682552
14060 0.806828 0.0682389
14061 0.806835 0.0682376
14062 0.806834 0.0682498
14063 0.806825 0.0682742
14064 0.806809 0.0683095
14065 0.806786 0.0683546
14066 0.806757 0.0684086
14067 0.806731 0.0684417
14068 0.806722 0.068471
14069 0.80673 0.0684971
14070 0.806729 0.068534
14071 0.806721 0.0685806
14072 0.806728 0.0686222
14073 0.806751 0.0686594
14074 0.806787 0.0686925
14075 0.806835 0.0687221
14076 0.80687 0.0687622
14077 0.806894 0.0688117
14078 0.806914 0.0688407
14079 0.806931 0.0688512
14080 0.806946 0.0688451
14081 0.806958 0.0688239
14082 0.806961 0.0688184
14083 0.806963 0.0687978
14084 0.806963 0.0687637
14085 0.806963 0.0687174
14086 0.806954 0.0686892
14087 0.806939 0.0686773
14088 0.806923 0.0686509
14089 0.806909 0.0686116
14090 0.806888 0.0685897
14091 0.806877 0.0685833
14092 0.806875 0.068591
14093 0.806881 0.0686114
14094 0.806895 0.0686431
14095 0.806906 0.068656
14096 0.806915 0.0686521
14097 0.806922 0.068633
14098 0.806928 0.0686001
14099 0.806931 0.068555
14100 0.806934 0.0684987
14101 0.806935 0.0684325
14102 0.806944 0.0683863
14103 0.80696 0.0683582
14104 0.806982 0.0683464
14105 0.80701 0.0683492
14106 0.807044 0.0683651
14107 0.807082 0.0683929
14108 0.807125 0.0684312
14109 0.807171 0.0684792
14110 0.807221 0.0685357
14111 0.807265 0.0685709
14112 0.807303 0.0685871
14113 0.807337 0.0685861
14114 0.807359 0.0685986
14115 0.807371 0.0686232
14116 0.807373 0.0686588
14117 0.807368 0.0687042
14118 0.807362 0.0687295
14119 0.807356 0.0687367
14120 0.807349 0.0687275
14121 0.807342 0.0687037
14122 0.807334 0.0686667
14123 0.807327 0.0686178
14124 0.807319 0.0685581
14125 0.807311 0.0684888
14126 0.807302 0.0684109
14127 0.807303 0.0683541
14128 0.807311 0.0683165
14129 0.807327 0.068296
14130 0.807349 0.068291
14131 0.807361 0.0682999
14132 0.807364 0.0683213
14133 0.807358 0.068354
14134 0.807345 0.0683968
14135 0.807325 0.0684487
14136 0.807315 0.0685088
14137 0.807298 0.0685763
14138 0.807275 0.0686504
14139 0.807262 0.0687305
14140 0.807266 0.0688025
14141 0.807285 0.068867
14142 0.807318 0.068925
14143 0.807363 0.0689771
14144 0.807419 0.0690239
14145 0.807462 0.0690794
14146 0.807493 0.069143
14147 0.807513 0.0692137
14148 0.807523 0.069291
14149 0.807531 0.0693449
14150 0.807537 0.0693778
14151 0.807542 0.0693918
14152 0.807545 0.0693888
14153 0.807546 0.0693704
14154 0.807547 0.0693383
14155 0.807546 0.0692937
14156 0.807545 0.069238
14157 0.807542 0.0691722
14158 0.807539 0.0690973
14159 0.807535 0.0690143
14160 0.80753 0.0689239
14161 0.807518 0.0688562
14162 0.807499 0.0688087
14163 0.807474 0.0687796
14164 0.807444 0.0687669
14165 0.807409 0.0687689
14166 0.80737 0.0687843
14167 0.807326 0.0688117
14168 0.807279 0.0688499
14169 0.807229 0.0688977
14170 0.807176 0.0689543
14171 0.807127 0.0689896
14172 0.807082 0.0690057
14173 0.80704 0.0690047
14174 0.807001 0.0689882
14175 0.806965 0.0689577
14176 0.80694 0.0689439
14177 0.806926 0.0689449
14178 0.80692 0.0689593
14179 0.806924 0.0689859
14180 0.806934 0.0690232
14181 0.806943 0.0690413
14182 0.806949 0.069042
14183 0.806953 0.0690271
14184 0.806965 0.0690271
14185 0.806968 0.0690407
14186 0.806962 0.0690664
14187 0.80695 0.069103
14188 0.806937 0.0691204
14189 0.806924 0.0691206
14190 0.806912 0.0691051
14191 0.806892 0.0691047
14192 0.806867 0.0691179
14193 0.806843 0.0691142
14194 0.806814 0.0691243
14195 0.806803 0.0691335
14196 0.806809 0.0691417
14197 0.80683 0.0691491
14198 0.806865 0.0691557
14199 0.806894 0.0691462
14200 0.80692 0.069122
14201 0.80695 0.0691138
14202 0.806986 0.0691199
14203 0.807016 0.0691098
14204 0.807043 0.0690852
14205 0.807065 0.0690475
14206 0.807093 0.069027
14207 0.807117 0.0689931
14208 0.807138 0.068947
14209 0.807155 0.0688899
14210 0.807169 0.0688229
14211 0.80719 0.0687761
14212 0.807216 0.0687475
14213 0.807248 0.0687353
14214 0.807275 0.0687087
14215 0.807299 0.0686691
14216 0.807328 0.068647
14217 0.807346 0.0686406
14218 0.807355 0.0686482
14219 0.807354 0.0686686
14220 0.807346 0.0687003
14221 0.80733 0.0687424
14222 0.807309 0.0687937
14223 0.807288 0.0688243
14224 0.807285 0.0688517
14225 0.807297 0.0688763
14226 0.807324 0.0688983
14227 0.807364 0.068918
14228 0.807416 0.0689356
14229 0.80747 0.068965
14230 0.807527 0.0690048
14231 0.807577 0.0690251
14232 0.807621 0.0690278
14233 0.807659 0.0690148
14234 0.807692 0.0689875
14235 0.80773 0.0689763
14236 0.807763 0.0689508
14237 0.807792 0.0689122
14238 0.807816 0.0688619
14239 0.807837 0.0688011
14240 0.807864 0.0687598
14241 0.807887 0.0687071
14242 0.807916 0.0686731
14243 0.80795 0.0686559
14244 0.807979 0.0686249
14245 0.808004 0.0685814
14246 0.808026 0.0685266
14247 0.808037 0.0684908
14248 0.808039 0.0684719
14249 0.80804 0.0684394
14250 0.80804 0.0683944
14251 0.808032 0.0683674
14252 0.808016 0.0683565
14253 0.807994 0.0683602
14254 0.807966 0.0683769
14255 0.807933 0.0684053
14256 0.807895 0.0684444
14257 0.807853 0.068493
14258 0.807807 0.0685501
14259 0.807758 0.068615
14260 0.807705 0.0686868
14261 0.807657 0.0687358
14262 0.807612 0.0687644
14263 0.807571 0.0687746
14264 0.807532 0.0687681
14265 0.807496 0.0687468
14266 0.807462 0.068712
14267 0.80744 0.0686941
14268 0.807428 0.0686915
14269 0.807425 0.0687026
14270 0.80743 0.068726
14271 0.807433 0.0687316
14272 0.807435 0.068721
14273 0.807445 0.0687249
14274 0.807461 0.0687418
14275 0.807484 0.0687705
14276 0.807513 0.0688098
14277 0.807547 0.0688586
14278 0.807576 0.0688869
14279 0.807594 0.0689258
14280 0.807609 0.0689453
14281 0.807622 0.0689473
14282 0.807632 0.0689335
14283 0.80764 0.0689055
14284 0.807646 0.0688648
14285 0.807643 0.0688416
14286 0.807633 0.0688342
14287 0.807616 0.068841
14288 0.807609 0.0688607
14289 0.807601 0.0688628
14290 0.807592 0.0688491
14291 0.807583 0.0688211
14292 0.807583 0.0688095
14293 0.807591 0.0688126
14294 0.807597 0.0687998
14295 0.80761 0.0688018
14296 0.80763 0.0688171
14297 0.807646 0.0688153
14298 0.807669 0.0688272
14299 0.807697 0.0688515
14300 0.807722 0.0688577
14301 0.807751 0.0688768
14302 0.80777 0.0689075
14303 0.807779 0.0689486
14304 0.80778 0.0689992
14305 0.807779 0.0690291
14306 0.807777 0.0690405
14307 0.807774 0.0690351
14308 0.807769 0.0690147
14309 0.807765 0.0689807
14310 0.807768 0.0689637
14311 0.807779 0.068962
14312 0.807797 0.0689739
14313 0.807811 0.0689691
14314 0.807832 0.0689783
14315 0.807859 0.0690002
14316 0.807891 0.0690334
14317 0.807918 0.0690477
14318 0.807951 0.0690741
14319 0.807972 0.0691114
14320 0.807983 0.0691586
14321 0.807986 0.0692146
14322 0.807981 0.0692785
14323 0.807968 0.0693496
14324 0.807949 0.0694272
14325 0.807931 0.0694814
14326 0.807913 0.0695147
14327 0.807896 0.0695291
14328 0.807879 0.0695266
14329 0.807856 0.0695379
14330 0.807828 0.0695616
14331 0.807801 0.0695674
14332 0.807776 0.0695571
14333 0.807752 0.0695323
14334 0.807729 0.0694945
14335 0.807701 0.069474
14336 0.807668 0.0694692
14337 0.807637 0.0694493
14338 0.807608 0.0694158
14339 0.807581 0.0693701
14340 0.807555 0.0693134
14341 0.807524 0.069276
14342 0.807488 0.0692559
14343 0.807448 0.0692514
14344 0.807405 0.0692611
14345 0.807364 0.0692541
14346 0.807327 0.0692323
14347 0.807291 0.069197
14348 0.807252 0.0691789
14349 0.807209 0.0691762
14350 0.807168 0.0691582
14351 0.807131 0.0691264
14352 0.807095 0.0690822
14353 0.807056 0.069056
14354 0.807028 0.069046
14355 0.80701 0.0690505
14356 0.807003 0.0690681
14357 0.807004 0.0690976
14358 0.807012 0.0691376
14359 0.807027 0.0691873
14360 0.807049 0.0692456
14361 0.807076 0.0693116
14362 0.807108 0.0693846
14363 0.807136 0.0694348
14364 0.807159 0.0694644
14365 0.807178 0.0694754
14366 0.807194 0.0694699
14367 0.807207 0.0694493
14368 0.807226 0.0694445
14369 0.807251 0.0694537
14370 0.807281 0.0694757
14371 0.807307 0.0694799
14372 0.807328 0.0694681
14373 0.807355 0.0694711
14374 0.807378 0.0694583
14375 0.807397 0.0694312
14376 0.807413 0.0693912
14377 0.807435 0.0693689
14378 0.807462 0.0693624
14379 0.807494 0.0693703
14380 0.807522 0.0693618
14381 0.807545 0.0693385
14382 0.807565 0.069302
14383 0.80759 0.0692828
14384 0.807612 0.0692499
14385 0.80763 0.0692047
14386 0.807644 0.0691484
14387 0.807665 0.0691114
14388 0.807692 0.0690917
14389 0.807724 0.0690876
14390 0.80776 0.0690976
14391 0.8078 0.0691201
14392 0.807844 0.0691539
14393 0.807868 0.0691843
14394 0.807874 0.0692116
14395 0.807864 0.0692361
14396 0.807839 0.0692581
14397 0.807816 0.0692623
14398 0.807793 0.0692506
14399 0.807771 0.0692245
14400 0.80775 0.0691854
14401 0.80773 0.0691347
14402 0.807719 0.0691026
14403 0.807718 0.0690873
14404 0.807724 0.0690871
14405 0.807728 0.0690713
14406 0.807731 0.0690415
14407 0.807731 0.0689991
14408 0.80774 0.0689745
14409 0.807755 0.0689659
14410 0.807777 0.0689719
14411 0.807804 0.0689908
14412 0.807827 0.0689922
14413 0.807847 0.0689779
14414 0.807863 0.0689494
14415 0.80787 0.0689373
14416 0.807868 0.06894
14417 0.807858 0.068956
14418 0.807842 0.0689839
14419 0.807826 0.0689935
14420 0.80781 0.0689865
14421 0.807794 0.0689647
14422 0.807788 0.0689585
14423 0.80779 0.0689666
14424 0.80779 0.0689583
14425 0.807799 0.0689643
14426 0.807804 0.0689542
14427 0.807808 0.0689295
14428 0.807804 0.0689209
14429 0.807799 0.0688975
14430 0.807792 0.0688608
14431 0.807785 0.0688122
14432 0.807771 0.068782
14433 0.80775 0.0687684
14434 0.807724 0.0687697
14435 0.807708 0.0687844
14436 0.807701 0.0688112
14437 0.807703 0.0688489
14438 0.807703 0.0688672
14439 0.807702 0.0688681
14440 0.807699 0.0688533
14441 0.807705 0.0688536
14442 0.807718 0.0688673
14443 0.807737 0.0688932
14444 0.807762 0.0689301
14445 0.807793 0.0689768
14446 0.807819 0.0690032
14447 0.807841 0.0690115
14448 0.807859 0.0690033
14449 0.807874 0.0689804
14450 0.807886 0.0689442
14451 0.807896 0.068896
14452 0.807912 0.0688662
14453 0.807935 0.068853
14454 0.807963 0.0688546
14455 0.807996 0.0688697
14456 0.808034 0.0688969
14457 0.808067 0.0689057
14458 0.808095 0.068898
14459 0.808118 0.0688755
14460 0.808138 0.0688397
14461 0.808164 0.068821
14462 0.808195 0.0688177
14463 0.808222 0.0687991
14464 0.808254 0.068796
14465 0.80829 0.0688067
14466 0.808331 0.0688299
14467 0.808366 0.0688352
14468 0.80839 0.0688535
14469 0.80841 0.0688544
14470 0.808421 0.0688687
14471 0.808422 0.0688952
14472 0.808416 0.0689327
14473 0.808402 0.0689799
14474 0.808382 0.069036
14475 0.808363 0.069071
14476 0.808344 0.0690868
14477 0.808334 0.0691146
14478 0.808325 0.0691241
14479 0.808315 0.069117
14480 0.808313 0.0691243
14481 0.80832 0.0691443
14482 0.808334 0.069176
14483 0.808345 0.0691889
14484 0.808362 0.0692141
14485 0.80837 0.0692503
14486 0.808362 0.0692828
14487 0.808353 0.0692965
14488 0.808344 0.0692933
14489 0.808327 0.069304
14490 0.808305 0.0693273
14491 0.808284 0.0693327
14492 0.808263 0.0693219
14493 0.808243 0.0692966
14494 0.808217 0.0692876
14495 0.808186 0.0692931
14496 0.808151 0.0693117
14497 0.808111 0.0693421
14498 0.808068 0.0693832
14499 0.808022 0.0694339
14500 0.807972 0.0694932
14501 0.807926 0.069531
14502 0.807883 0.0695494
14503 0.807843 0.0695505
14504 0.807805 0.0695359
14505 0.807763 0.0695364
14506 0.807718 0.0695505
14507 0.80767 0.0695768
14508 0.807625 0.0695849
14509 0.807583 0.0695767
14510 0.807529 0.0695693
14511 0.807465 0.0695625
14512 0.807393 0.0695563
14513 0.807325 0.0695353
14514 0.807263 0.069501
14515 0.807215 0.0694835
14516 0.807179 0.0694814
14517 0.807154 0.0694929
14518 0.80714 0.0695169
14519 0.807135 0.069552
14520 0.807137 0.0695971
14521 0.807148 0.0696513
14522 0.807155 0.0696846
14523 0.80716 0.0696991
14524 0.807162 0.0696966
14525 0.807163 0.0696787
14526 0.807162 0.0696471
14527 0.807158 0.0696031
14528 0.807154 0.069548
14529 0.807148 0.0694828
14530 0.807141 0.0694085
14531 0.807133 0.0693262
14532 0.807133 0.0692657
14533 0.807141 0.0692249
14534 0.807156 0.0692018
14535 0.807177 0.0691946
14536 0.807203 0.0692017
14537 0.807226 0.0691926
14538 0.807244 0.0691688
14539 0.807259 0.0691319
14540 0.807264 0.0691123
14541 0.807261 0.0691081
14542 0.807257 0.0690889
14543 0.807251 0.069056
14544 0.807244 0.0690109
14545 0.80723 0.0689838
14546 0.80721 0.068973
14547 0.807184 0.0689769
14548 0.807153 0.068994
14549 0.807117 0.069023
14550 0.807076 0.0690627
14551 0.807032 0.0691119
14552 0.806985 0.0691698
14553 0.806941 0.0692065
14554 0.806899 0.0692239
14555 0.806859 0.0692241
14556 0.806822 0.0692087
14557 0.80678 0.0692085
14558 0.806735 0.0692218
14559 0.806687 0.0692474
14560 0.806635 0.0692839
14561 0.806587 0.0693013
14562 0.806542 0.0693015
14563 0.8065 0.0692862
14564 0.806459 0.0692569
14565 0.806421 0.0692152
14566 0.806394 0.0691911
14567 0.806378 0.069183
14568 0.806371 0.0691892
14569 0.806372 0.0692084
14570 0.806381 0.0692392
14571 0.806397 0.0692805
14572 0.80642 0.0693312
14573 0.806437 0.0693614
14574 0.806451 0.0693731
14575 0.806462 0.0693682
14576 0.806469 0.0693482
14577 0.806473 0.0693147
14578 0.806475 0.0692691
14579 0.806475 0.0692124
14580 0.806482 0.0691751
14581 0.806496 0.0691552
14582 0.806516 0.069151
14583 0.806543 0.0691609
14584 0.806574 0.0691835
14585 0.806609 0.0692176
14586 0.806649 0.069262
14587 0.806693 0.0693156
14588 0.806739 0.0693776
14589 0.806789 0.0694472
14590 0.806832 0.0694942
14591 0.806868 0.069521
14592 0.806898 0.0695296
14593 0.806924 0.0695218
14594 0.806944 0.0694992
14595 0.806971 0.0694926
14596 0.807002 0.0695004
14597 0.807038 0.069521
14598 0.807077 0.0695534
14599 0.807097 0.0695824
14600 0.8071 0.0696085
14601 0.8071 0.0696164
14602 0.807098 0.069608
14603 0.807094 0.0695849
14604 0.807098 0.0695779
14605 0.80711 0.0695853
14606 0.807127 0.0696058
14607 0.807141 0.0696086
14608 0.807152 0.0695956
14609 0.807169 0.0695977
14610 0.807191 0.0696134
14611 0.807196 0.0696274
14612 0.807185 0.06964
14613 0.807159 0.0696513
14614 0.807143 0.0696752
14615 0.807113 0.0696967
14616 0.807094 0.0697298
14617 0.807084 0.0697734
14618 0.807082 0.0698264
14619 0.807065 0.0698742
14620 0.807034 0.0699171
14621 0.80699 0.0699558
14622 0.806935 0.0699907
14623 0.806893 0.0700359
14624 0.806863 0.0700905
14625 0.806842 0.0701535
14626 0.806831 0.0702241
14627 0.80682 0.0702721
14628 0.806807 0.0702998
14629 0.806793 0.0703091
14630 0.806788 0.0703314
14631 0.806791 0.0703654
14632 0.806792 0.0703805
14633 0.80679 0.0703785
14634 0.806796 0.0703907
14635 0.806808 0.0704157
14636 0.806826 0.0704521
14637 0.80685 0.0704988
14638 0.806869 0.0705253
14639 0.806884 0.0705337
14640 0.806895 0.0705257
14641 0.806913 0.0705324
14642 0.806936 0.0705524
14643 0.806964 0.0705844
14644 0.806973 0.0706131
14645 0.806966 0.070639
14646 0.806943 0.0706623
14647 0.806908 0.0706833
14648 0.80686 0.0707023
14649 0.806801 0.0707194
14650 0.806756 0.0707487
14651 0.806721 0.0707892
14652 0.806689 0.07081
14653 0.806657 0.0708133
14654 0.806626 0.0708006
14655 0.806597 0.0707737
14656 0.806568 0.0707338
14657 0.80654 0.0706824
14658 0.806522 0.0706503
14659 0.806512 0.0706355
14660 0.80651 0.0706364
14661 0.806516 0.0706513
14662 0.806527 0.0706789
14663 0.806545 0.0707179
14664 0.806567 0.0707672
14665 0.806594 0.0708257
14666 0.806626 0.0708924
14667 0.806652 0.0709369
14668 0.806673 0.0709615
14669 0.80669 0.070968
14670 0.806703 0.0709584
14671 0.806722 0.0709638
14672 0.806745 0.0709827
14673 0.806773 0.0710139
14674 0.806806 0.071056
14675 0.806832 0.0710784
14676 0.806854 0.0710831
14677 0.806872 0.0710718
14678 0.806872 0.0710615
14679 0.806879 0.0710664
14680 0.806892 0.071085
14681 0.806911 0.0711158
14682 0.806925 0.071128
14683 0.806936 0.0711234
14684 0.806944 0.0711037
14685 0.806949 0.0710704
14686 0.80696 0.0710547
14687 0.806977 0.0710547
14688 0.806999 0.0710689
14689 0.807025 0.0710959
14690 0.807047 0.0711046
14691 0.807065 0.0710968
14692 0.807087 0.071104
14693 0.807114 0.0711247
14694 0.807145 0.0711575
14695 0.80718 0.0712011
14696 0.807195 0.0712403
14697 0.807194 0.0712756
14698 0.80719 0.0712918
14699 0.807171 0.0713063
14700 0.807139 0.0713194
14701 0.807116 0.0713454
14702 0.807102 0.0713829
14703 0.807088 0.0714012
14704 0.807082 0.0714318
14705 0.807083 0.0714736
14706 0.80709 0.0715254
14707 0.807103 0.0715862
14708 0.807113 0.0716255
14709 0.807129 0.071675
14710 0.807127 0.0717196
14711 0.807124 0.0717442
14712 0.807119 0.0717508
14713 0.807121 0.071771
14714 0.807121 0.0717737
14715 0.807118 0.0717605
14716 0.807123 0.071763
14717 0.807125 0.0717496
14718 0.807125 0.071722
14719 0.807132 0.0717115
14720 0.807144 0.0717165
14721 0.807161 0.0717353
14722 0.807183 0.0717666
14723 0.807209 0.0718091
14724 0.807231 0.0718319
14725 0.807248 0.0718367
14726 0.807262 0.0718255
14727 0.807273 0.0717998
14728 0.807288 0.0717911
14729 0.807309 0.0717975
14730 0.807326 0.0717878
14731 0.807339 0.0717634
14732 0.807349 0.0717259
14733 0.807364 0.0717065
14734 0.807384 0.0717033
14735 0.807409 0.0717148
14736 0.807437 0.0717394
14737 0.807461 0.071746
14738 0.807489 0.0717662
14739 0.807498 0.0717844
14740 0.807513 0.0718149
14741 0.807533 0.0718567
14742 0.807549 0.0718788
14743 0.807561 0.0718831
14744 0.807571 0.0718714
14745 0.807577 0.0718454
14746 0.807581 0.0718064
14747 0.807591 0.0717856
14748 0.807606 0.0717812
14749 0.807627 0.0717915
14750 0.807643 0.0717853
14751 0.807656 0.0717641
14752 0.807674 0.0717594
14753 0.807688 0.0717395
14754 0.807699 0.0717061
14755 0.807715 0.0716903
14756 0.807736 0.0716905
14757 0.807761 0.0717051
14758 0.80779 0.0717326
14759 0.807822 0.0717717
14760 0.807858 0.0718213
14761 0.807888 0.0718503
14762 0.807913 0.0718609
14763 0.807942 0.0718847
14764 0.807966 0.0718906
14765 0.807986 0.0718804
14766 0.80801 0.0718855
14767 0.80803 0.0718745
14768 0.808046 0.071849
14769 0.808067 0.0718405
14770 0.808084 0.0718172
14771 0.808097 0.0717806
14772 0.808115 0.0717621
14773 0.808138 0.0717598
14774 0.808165 0.0717722
14775 0.808195 0.0717976
14776 0.808229 0.0718349
14777 0.808258 0.0718529
14778 0.808282 0.0718534
14779 0.808301 0.0718384
14780 0.808325 0.0718392
14781 0.808353 0.0718543
14782 0.808384 0.0718823
14783 0.808419 0.071922
14784 0.808456 0.071972
14785 0.808496 0.0720315
14786 0.808538 0.0720995
14787 0.808574 0.072145
14788 0.80859 0.0721861
14789 0.80859 0.0722231
14790 0.808573 0.0722564
14791 0.808543 0.0722864
14792 0.808522 0.0723279
14793 0.808509 0.0723796
14794 0.808503 0.0724406
14795 0.808483 0.0724956
14796 0.808462 0.0725295
14797 0.808442 0.0725445
14798 0.808423 0.0725425
14799 0.808403 0.0725251
14800 0.808384 0.0724939
14801 0.808365 0.0724503
14802 0.808346 0.0723955
14803 0.808335 0.0723605
14804 0.808331 0.0723436
14805 0.808334 0.0723427
14806 0.808334 0.0723264
14807 0.808333 0.072296
14808 0.80833 0.0722531
14809 0.808326 0.0721989
14810 0.808321 0.0721344
14811 0.808322 0.0720909
14812 0.808329 0.0720662
14813 0.808342 0.0720585
14814 0.808359 0.072066
14815 0.808381 0.0720873
14816 0.808407 0.072121
14817 0.808436 0.0721657
14818 0.808461 0.0721903
14819 0.808482 0.0721969
14820 0.808499 0.0721871
14821 0.808512 0.0721627
14822 0.808523 0.0721252
14823 0.808531 0.0720757
14824 0.808536 0.0720155
14825 0.808539 0.0719457
14826 0.80854 0.0718672
14827 0.808539 0.071781
14828 0.808545 0.0717178
14829 0.808557 0.0716754
14830 0.808565 0.0716215
14831 0.808571 0.0715574
14832 0.808583 0.0715141
14833 0.8086 0.0714896
14834 0.808621 0.071482
14835 0.808647 0.0714896
14836 0.808677 0.0715109
14837 0.808702 0.0715144
14838 0.808722 0.0715018
14839 0.808747 0.0715049
14840 0.808768 0.071492
14841 0.808786 0.0714648
14842 0.808807 0.0714546
14843 0.808825 0.0714298
14844 0.808848 0.0714218
14845 0.808875 0.0714289
14846 0.808898 0.0714197
14847 0.808925 0.0714257
14848 0.808947 0.0714155
14849 0.808966 0.0713906
14850 0.808989 0.0713826
14851 0.809017 0.0713895
14852 0.80904 0.0713802
14853 0.809068 0.0713861
14854 0.809099 0.0714056
14855 0.809134 0.0714374
14856 0.809171 0.0714803
14857 0.809204 0.0715032
14858 0.809231 0.0715083
14859 0.809255 0.0714973
14860 0.809274 0.0714718
14861 0.80929 0.0714332
14862 0.809302 0.0713828
14863 0.809312 0.0713219
14864 0.809327 0.0712813
14865 0.809347 0.071259
14866 0.809372 0.0712531
14867 0.809402 0.071262
14868 0.809435 0.0712842
14869 0.809449 0.0713041
14870 0.80946 0.0713064
14871 0.809468 0.0712929
14872 0.809474 0.0712651
14873 0.809486 0.0712543
14874 0.809504 0.0712588
14875 0.809527 0.071277
14876 0.809554 0.0713075
14877 0.809562 0.0713349
14878 0.809554 0.0713595
14879 0.809532 0.0713816
14880 0.809495 0.0714014
14881 0.809447 0.0714192
14882 0.809388 0.0714352
14883 0.809334 0.071434
14884 0.809283 0.0714173
14885 0.809244 0.0714165
14886 0.809216 0.0714299
14887 0.809197 0.0714562
14888 0.809187 0.0714941
14889 0.809184 0.0715425
14890 0.809188 0.0716002
14891 0.809198 0.0716663
14892 0.809214 0.0717401
14893 0.809226 0.0717909
14894 0.809236 0.071821
14895 0.809244 0.0718326
14896 0.809249 0.0718274
14897 0.809252 0.0718072
14898 0.809261 0.0718032
14899 0.809276 0.071814
14900 0.809296 0.0718379
14901 0.809312 0.0718439
14902 0.809325 0.0718336
14903 0.809335 0.0718088
14904 0.809343 0.0717708
14905 0.809349 0.071721
14906 0.809352 0.0716606
14907 0.809362 0.0716205
14908 0.809377 0.0715988
14909 0.809397 0.0715936
14910 0.809421 0.0716034
14911 0.809449 0.0716265
14912 0.809481 0.0716616
14913 0.809508 0.0716776
14914 0.809531 0.0716764
14915 0.809558 0.0716896
14916 0.809589 0.0717158
14917 0.809623 0.0717537
14918 0.80966 0.0718022
14919 0.809692 0.0718302
14920 0.809705 0.0718554
14921 0.8097 0.0718781
14922 0.809681 0.0718986
14923 0.809648 0.071917
14924 0.809602 0.0719336
14925 0.809546 0.0719486
14926 0.809501 0.0719764
14927 0.809467 0.0720158
14928 0.809443 0.0720656
14929 0.80942 0.0720949
14930 0.809397 0.0721056
14931 0.809375 0.0720997
14932 0.809353 0.0720788
14933 0.80934 0.0720744
14934 0.809327 0.0720548
14935 0.809321 0.0720516
14936 0.809322 0.0720631
14937 0.809329 0.0720879
14938 0.809333 0.0720946
14939 0.809336 0.072085
14940 0.809344 0.0720908
14941 0.809358 0.0721105
14942 0.809376 0.0721427
14943 0.809399 0.0721861
14944 0.809426 0.0722397
14945 0.809448 0.0722723
14946 0.809466 0.072286
14947 0.809481 0.0722828
14948 0.8095 0.0722944
14949 0.809524 0.0723192
14950 0.809543 0.072326
14951 0.809567 0.0723466
14952 0.809586 0.0723495
14953 0.80961 0.0723667
14954 0.809615 0.072382
14955 0.809604 0.0723958
14956 0.809601 0.0724227
14957 0.809603 0.0724614
14958 0.809612 0.0725108
14959 0.809618 0.0725397
14960 0.809621 0.07255
14961 0.809609 0.0725593
14962 0.809582 0.0725677
14963 0.809556 0.0725597
14964 0.809531 0.0725369
14965 0.809515 0.0725309
14966 0.809506 0.07254
14967 0.809504 0.0725629
14968 0.809508 0.0725981
14969 0.809517 0.0726443
14970 0.809524 0.0726703
14971 0.809528 0.0726781
14972 0.809538 0.0726997
14973 0.809552 0.0727337
14974 0.809571 0.0727789
14975 0.809572 0.0728196
14976 0.809558 0.0728562
14977 0.809529 0.0728892
14978 0.809488 0.0729188
14979 0.809456 0.0729602
14980 0.809433 0.073012
14981 0.809418 0.0730733
14982 0.80941 0.0731431
14983 0.809387 0.073206
14984 0.809351 0.0732625
14985 0.809302 0.0733134
14986 0.809243 0.0733593
14987 0.809174 0.0734006
14988 0.809096 0.0734378
14989 0.809011 0.0734714
14990 0.808932 0.073486
14991 0.808866 0.0735138
14992 0.808813 0.0735537
14993 0.80877 0.0736043
14994 0.808729 0.0736342
14995 0.808691 0.0736456
14996 0.808662 0.0736707
14997 0.808641 0.073708
14998 0.808627 0.0737564
14999 0.808613 0.0737843
15000 0.808599 0.0737939
