14000 0.928152 0.288483
14001 0.928184 0.288477
14002 0.928227 0.288478
14003 0.928251 0.288486
14004 0.928258 0.2885
14005 0.928251 0.288519
14006 0.928244 0.288521
14007 0.928239 0.288507
14008 0.928219 0.288501
14009 0.928202 0.288479
14010 0.928199 0.288468
14011 0.928211 0.288466
14012 0.928221 0.288448
14013 0.928231 0.288417
14014 0.928239 0.288373
14015 0.928246 0.288317
14016 0.928267 0.288276
14017 0.928298 0.288246
14018 0.928341 0.288226
14019 0.928392 0.288216
14020 0.928452 0.288215
14021 0.928519 0.288222
14022 0.928594 0.288235
14023 0.928647 0.288254
14024 0.92868 0.288278
14025 0.928697 0.288307
14026 0.928697 0.288339
14027 0.928684 0.288375
14028 0.928672 0.288392
14029 0.928661 0.288391
14030 0.928652 0.288375
14031 0.928643 0.288345
14032 0.928636 0.288303
14033 0.928615 0.288271
14034 0.928582 0.28825
14035 0.928539 0.288237
14036 0.928485 0.288232
14037 0.928423 0.288235
14038 0.928368 0.288221
14039 0.928317 0.288194
14040 0.928272 0.288153
14041 0.928231 0.288101
14042 0.928195 0.28807
14043 0.928162 0.288058
14044 0.928132 0.288062
14045 0.928105 0.288082
14046 0.928081 0.288115
14047 0.928073 0.288152
14048 0.928079 0.288194
14049 0.928085 0.288216
14050 0.928103 0.288243
14051 0.928133 0.288276
14052 0.928174 0.288313
14053 0.928224 0.288354
14054 0.928269 0.288376
14055 0.928309 0.288379
14056 0.928346 0.288367
14057 0.928392 0.288364
14058 0.928434 0.288346
14059 0.928471 0.288313
14060 0.928505 0.288269
14061 0.928535 0.288213
14062 0.928563 0.288148
14063 0.928587 0.288073
14064 0.92861 0.28799
14065 0.928643 0.287924
14066 0.928687 0.287871
14067 0.928712 0.287831
14068 0.928721 0.287802
14069 0.928715 0.287782
14070 0.928695 0.287771
14071 0.928664 0.287768
14072 0.928621 0.287772
14073 0.928596 0.287783
14074 0.92856 0.2878
14075 0.928513 0.287822
14076 0.928457 0.287848
14077 0.928392 0.287878
14078 0.928347 0.287913
14079 0.92832 0.287952
14080 0.92831 0.287995
14081 0.928314 0.288042
14082 0.928331 0.288092
14083 0.92836 0.288144
14084 0.928372 0.288198
14085 0.928369 0.288253
14086 0.928352 0.288309
14087 0.928336 0.288344
14088 0.928322 0.288359
14089 0.928296 0.28838
14090 0.928285 0.288406
14091 0.928289 0.288438
14092 0.928306 0.288474
14093 0.928322 0.288492
14094 0.928335 0.288491
14095 0.928348 0.288475
14096 0.928359 0.288446
14097 0.928369 0.288403
14098 0.928377 0.288349
14099 0.928399 0.288309
14100 0.928432 0.28828
14101 0.928447 0.288261
14102 0.928447 0.28825
14103 0.928432 0.288247
14104 0.928433 0.288253
14105 0.928447 0.288265
14106 0.928473 0.288284
14107 0.92851 0.288309
14108 0.928529 0.288338
14109 0.928533 0.288371
14110 0.928536 0.288385
14111 0.928538 0.288382
14112 0.92854 0.288364
14113 0.928542 0.288332
14114 0.928557 0.288311
14115 0.928557 0.288299
14116 0.928542 0.288295
14117 0.928543 0.288299
14118 0.928529 0.28831
14119 0.928517 0.288304
14120 0.928506 0.288282
14121 0.928509 0.288271
14122 0.928525 0.288269
14123 0.928554 0.288275
14124 0.928593 0.288288
14125 0.928627 0.288284
14126 0.928659 0.288265
14127 0.928687 0.288233
14128 0.928712 0.288188
14129 0.928748 0.288155
14130 0.928795 0.288134
14131 0.92885 0.288122
14132 0.928912 0.288119
14133 0.928983 0.288125
14134 0.929032 0.288137
14135 0.929062 0.288154
14136 0.929076 0.288177
14137 0.929074 0.288204
14138 0.929058 0.288236
14139 0.92903 0.288271
14140 0.92899 0.28831
14141 0.928941 0.288352
14142 0.928897 0.288374
14143 0.92887 0.288402
14144 0.92886 0.288435
14145 0.928851 0.288448
14146 0.928842 0.288445
14147 0.928835 0.288427
14148 0.928842 0.288418
14149 0.928861 0.288418
14150 0.928879 0.288402
14151 0.928895 0.288373
14152 0.928895 0.288353
14153 0.928881 0.288342
14154 0.928882 0.28834
14155 0.928897 0.288346
14156 0.928923 0.288359
14157 0.928961 0.288379
14158 0.928994 0.288381
14159 0.929038 0.288391
14160 0.929091 0.288407
14161 0.929152 0.28843
14162 0.929193 0.288457
14163 0.929216 0.288489
14164 0.929223 0.288525
14165 0.929215 0.288564
14166 0.929208 0.288583
14167 0.929202 0.288585
14168 0.929196 0.288571
14169 0.929178 0.288566
14170 0.929147 0.288568
14171 0.929119 0.288555
14172 0.929094 0.288527
14173 0.929085 0.288509
14174 0.929063 0.288501
14175 0.929029 0.2885
14176 0.928984 0.288506
14177 0.92893 0.288519
14178 0.928868 0.288537
14179 0.928797 0.28856
14180 0.92872 0.288587
14181 0.928663 0.28862
14182 0.928626 0.288657
14183 0.928606 0.288698
14184 0.928602 0.288743
14185 0.928598 0.288768
14186 0.928594 0.288775
14187 0.928591 0.288766
14188 0.928588 0.288742
14189 0.928572 0.288727
14190 0.928543 0.28872
14191 0.928502 0.288721
14192 0.928452 0.288728
14193 0.92842 0.288742
14194 0.928405 0.288763
14195 0.928405 0.288789
14196 0.928419 0.288821
14197 0.928444 0.288857
14198 0.928481 0.288897
14199 0.928514 0.288918
14200 0.928543 0.288921
14201 0.92857 0.28894
14202 0.928594 0.288972
14203 0.928616 0.289016
14204 0.928635 0.289041
14205 0.928653 0.289047
14206 0.928669 0.289037
14207 0.928683 0.289044
14208 0.928696 0.289034
14209 0.928707 0.289041
14210 0.928717 0.289032
14211 0.928726 0.289008
14212 0.928735 0.289002
14213 0.928742 0.289013
14214 0.928748 0.289006
14215 0.928754 0.289016
14216 0.92876 0.289041
14217 0.928764 0.289078
14218 0.928769 0.289128
14219 0.928772 0.289156
14220 0.928776 0.289167
14221 0.928779 0.289192
14222 0.928782 0.28923
14223 0.928784 0.28928
14224 0.928787 0.28934
14225 0.928789 0.28941
14226 0.928791 0.289457
14227 0.928792 0.289484
14228 0.928794 0.289493
14229 0.928796 0.289485
14230 0.928797 0.289463
14231 0.928799 0.289427
14232 0.9288 0.289379
14233 0.928801 0.289351
14234 0.928802 0.289342
14235 0.928803 0.289318
14236 0.928804 0.289281
14237 0.928805 0.289232
14238 0.928806 0.289173
14239 0.928808 0.289103
14240 0.928809 0.289026
14241 0.92881 0.28894
14242 0.928811 0.288847
14243 0.928812 0.288748
14244 0.928812 0.288675
14245 0.928813 0.288624
14246 0.928814 0.288594
14247 0.928814 0.288583
14248 0.928815 0.288588
14249 0.928815 0.288577
14250 0.928815 0.288583
14251 0.928816 0.288604
14252 0.928802 0.288629
14253 0.928776 0.288659
14254 0.928738 0.288693
14255 0.928704 0.288708
14256 0.928674 0.288706
14257 0.928647 0.288689
14258 0.928622 0.288657
14259 0.9286 0.288614
14260 0.928566 0.288581
14261 0.928536 0.288567
14262 0.928508 0.288571
14263 0.928484 0.288589
14264 0.928461 0.288621
14265 0.928441 0.288666
14266 0.928423 0.288722
14267 0.928407 0.288788
14268 0.928392 0.288831
14269 0.928379 0.288855
14270 0.928367 0.288861
14271 0.928357 0.288881
14272 0.928347 0.288916
14273 0.928338 0.288962
14274 0.92833 0.289019
14275 0.928322 0.289055
14276 0.928316 0.289072
14277 0.92831 0.289072
14278 0.928304 0.289056
14279 0.928299 0.289026
14280 0.928295 0.288983
14281 0.928291 0.288929
14282 0.9283 0.288888
14283 0.928323 0.288859
14284 0.928356 0.288841
14285 0.9284 0.288833
14286 0.928453 0.288833
14287 0.928501 0.288849
14288 0.928543 0.288879
14289 0.928582 0.28889
14290 0.928616 0.288884
14291 0.928647 0.288864
14292 0.928676 0.28883
14293 0.928701 0.288784
14294 0.928723 0.288757
14295 0.928744 0.28875
14296 0.928762 0.288727
14297 0.928779 0.288722
14298 0.928794 0.288733
14299 0.928807 0.288759
14300 0.928819 0.288798
14301 0.92883 0.288848
14302 0.92884 0.288878
14303 0.928849 0.28889
14304 0.928857 0.288884
14305 0.928864 0.288863
14306 0.92887 0.288829
14307 0.928876 0.288783
14308 0.928882 0.288757
14309 0.928886 0.288718
14310 0.928891 0.288667
14311 0.928895 0.288606
14312 0.928898 0.288535
14313 0.928902 0.288487
14314 0.928905 0.288459
14315 0.928907 0.288419
14316 0.92891 0.288367
14317 0.928912 0.288335
14318 0.928914 0.288323
14319 0.928916 0.288327
14320 0.928931 0.288339
14321 0.928945 0.288334
14322 0.928958 0.288314
14323 0.928969 0.28828
14324 0.928979 0.288265
14325 0.928988 0.288236
14326 0.928997 0.288194
14327 0.929004 0.288141
14328 0.929011 0.288109
14329 0.929018 0.288064
14330 0.929023 0.28804
14331 0.929029 0.288033
14332 0.929033 0.288043
14333 0.929038 0.288068
14334 0.929042 0.288105
14335 0.929046 0.288123
14336 0.929049 0.288124
14337 0.929052 0.288109
14338 0.929055 0.288112
14339 0.929044 0.28812
14340 0.929019 0.288135
14341 0.928984 0.288156
14342 0.928937 0.288181
14343 0.928909 0.288211
14344 0.928898 0.288247
14345 0.928887 0.288263
14346 0.928878 0.288262
14347 0.928869 0.288245
14348 0.928862 0.288214
14349 0.928869 0.288195
14350 0.928875 0.288192
14351 0.92888 0.288206
14352 0.928885 0.288234
14353 0.928889 0.288275
14354 0.928893 0.288296
14355 0.928897 0.288299
14356 0.9289 0.288286
14357 0.928902 0.288291
14358 0.928905 0.28831
14359 0.928907 0.288343
14360 0.928909 0.288389
14361 0.92891 0.288446
14362 0.928912 0.288481
14363 0.928913 0.288497
14364 0.928914 0.288527
14365 0.928915 0.28857
14366 0.928916 0.288593
14367 0.928917 0.288598
14368 0.928917 0.288587
14369 0.928917 0.288561
14370 0.928917 0.288522
14371 0.928931 0.288495
14372 0.928957 0.288478
14373 0.928994 0.288471
14374 0.92904 0.288473
14375 0.929096 0.288482
14376 0.929159 0.288498
14377 0.929216 0.288528
14378 0.929268 0.288539
14379 0.929314 0.288534
14380 0.929355 0.288545
14381 0.929393 0.28857
14382 0.929427 0.288608
14383 0.929443 0.28865
14384 0.929444 0.288695
14385 0.929431 0.288742
14386 0.929419 0.288769
14387 0.929408 0.288777
14388 0.929385 0.288792
14389 0.92935 0.288812
14390 0.929304 0.288838
14391 0.929249 0.288868
14392 0.929185 0.288901
14393 0.929114 0.288939
14394 0.929064 0.28898
14395 0.929032 0.289026
14396 0.929017 0.289074
14397 0.929003 0.289102
14398 0.928991 0.289112
14399 0.928979 0.289105
14400 0.928969 0.289083
14401 0.928974 0.289071
14402 0.928991 0.289068
14403 0.92902 0.289073
14404 0.92906 0.289085
14405 0.929096 0.289081
14406 0.929128 0.289062
14407 0.929157 0.289028
14408 0.929197 0.289006
14409 0.929246 0.288994
14410 0.92929 0.288968
14411 0.929329 0.288928
14412 0.929365 0.288877
14413 0.929397 0.288847
14414 0.929426 0.288835
14415 0.929452 0.28884
14416 0.929475 0.28886
14417 0.929496 0.288894
14418 0.929515 0.28894
14419 0.929532 0.288966
14420 0.929547 0.288974
14421 0.929561 0.288965
14422 0.929573 0.288941
14423 0.929584 0.288936
14424 0.929594 0.288946
14425 0.929602 0.288972
14426 0.92961 0.28901
14427 0.929618 0.28906
14428 0.929624 0.289089
14429 0.92963 0.2891
14430 0.929635 0.289094
14431 0.92964 0.289074
14432 0.92963 0.289062
14433 0.929607 0.289059
14434 0.929573 0.289063
14435 0.929528 0.289074
14436 0.929488 0.289068
14437 0.929438 0.28907
14438 0.929379 0.289079
14439 0.929339 0.289095
14440 0.929303 0.289125
14441 0.929271 0.289167
14442 0.929243 0.289221
14443 0.929217 0.289285
14444 0.929193 0.289359
14445 0.929172 0.289409
14446 0.929153 0.289439
14447 0.929136 0.28945
14448 0.929121 0.289476
14449 0.929107 0.289483
14450 0.929094 0.289474
14451 0.929096 0.289474
14452 0.929111 0.289482
14453 0.929125 0.289473
14454 0.929137 0.289449
14455 0.929162 0.289436
14456 0.929197 0.289432
14457 0.929229 0.289413
14458 0.929271 0.289403
14459 0.929309 0.28941
14460 0.929343 0.289432
14461 0.929388 0.28946
14462 0.929427 0.289469
14463 0.929463 0.289462
14464 0.929495 0.289439
14465 0.929523 0.289404
14466 0.929549 0.289356
14467 0.929572 0.289298
14468 0.929592 0.28926
14469 0.929611 0.289243
14470 0.929627 0.289243
14471 0.929642 0.289258
14472 0.929656 0.289288
14473 0.929668 0.28933
14474 0.929679 0.289383
14475 0.929688 0.289416
14476 0.929697 0.28943
14477 0.929704 0.289426
14478 0.929711 0.289408
14479 0.929717 0.289375
14480 0.929722 0.289331
14481 0.929726 0.289275
14482 0.929744 0.289232
14483 0.929773 0.289202
14484 0.929813 0.289182
14485 0.929849 0.28918
14486 0.929881 0.289194
14487 0.92991 0.289222
14488 0.929936 0.289263
14489 0.929959 0.289284
14490 0.92998 0.289287
14491 0.929998 0.289306
14492 0.930015 0.289339
14493 0.93003 0.289352
14494 0.930044 0.289349
14495 0.930056 0.28933
14496 0.930066 0.289329
14497 0.930076 0.289343
14498 0.930085 0.289372
14499 0.930092 0.289414
14500 0.9301 0.289467
14501 0.930106 0.289499
14502 0.930112 0.289512
14503 0.930117 0.289508
14504 0.930121 0.289489
14505 0.930125 0.289456
14506 0.930115 0.289434
14507 0.930092 0.289421
14508 0.930057 0.289417
14509 0.930012 0.289421
14510 0.929985 0.289432
14511 0.929974 0.28945
14512 0.929978 0.289474
14513 0.929996 0.289503
14514 0.930011 0.289513
14515 0.930039 0.28953
14516 0.930077 0.289554
14517 0.930125 0.289582
14518 0.930182 0.289616
14519 0.930247 0.289654
14520 0.930306 0.289672
14521 0.930358 0.289674
14522 0.930392 0.289682
14523 0.930408 0.289697
14524 0.930423 0.289695
14525 0.930437 0.289677
14526 0.930448 0.289646
14527 0.930445 0.289625
14528 0.930429 0.289614
14529 0.930401 0.289611
14530 0.930375 0.289625
14531 0.930352 0.289621
14532 0.930331 0.289602
14533 0.930312 0.289601
14534 0.930309 0.289608
14535 0.930319 0.289621
14536 0.930342 0.289642
14537 0.930363 0.289644
14538 0.930381 0.289631
14539 0.930398 0.289603
14540 0.930426 0.289586
14541 0.930465 0.289578
14542 0.930514 0.289579
14543 0.930571 0.289588
14544 0.930637 0.289604
14545 0.930682 0.289626
14546 0.930708 0.289653
14547 0.930719 0.289685
14548 0.930715 0.289721
14549 0.930697 0.289762
14550 0.930668 0.289806
14551 0.930642 0.28983
14552 0.930618 0.289836
14553 0.930597 0.289826
14554 0.930564 0.289825
14555 0.93052 0.289831
14556 0.930468 0.289844
14557 0.930406 0.289863
14558 0.930351 0.289865
14559 0.930315 0.289874
14560 0.930296 0.28989
14561 0.930293 0.289913
14562 0.930303 0.289941
14563 0.930326 0.289973
14564 0.930347 0.289987
14565 0.930366 0.289984
14566 0.930396 0.289989
14567 0.930437 0.290001
14568 0.930487 0.29002
14569 0.930546 0.290045
14570 0.930586 0.290075
14571 0.930621 0.290086
14572 0.930653 0.29008
14573 0.930682 0.29006
14574 0.930694 0.290048
14575 0.930691 0.290046
14576 0.930689 0.290028
14577 0.930686 0.289997
14578 0.930671 0.289976
14579 0.930643 0.289965
14580 0.930604 0.289962
14581 0.930556 0.289968
14582 0.930512 0.289957
14583 0.930473 0.289963
14584 0.930437 0.289984
14585 0.930405 0.290018
14586 0.930376 0.290034
14587 0.93035 0.290032
14588 0.930327 0.290015
14589 0.930306 0.289984
14590 0.930287 0.28994
14591 0.930283 0.289909
14592 0.930293 0.289888
14593 0.930316 0.289878
14594 0.93035 0.289876
14595 0.930394 0.289883
14596 0.930447 0.289897
14597 0.930481 0.289917
14598 0.930498 0.289942
14599 0.9305 0.289973
14600 0.930487 0.290008
14601 0.930463 0.290047
14602 0.930427 0.29009
14603 0.93038 0.290136
14604 0.930339 0.290162
14605 0.930301 0.290169
14606 0.930268 0.29016
14607 0.930237 0.290137
14608 0.930223 0.290123
14609 0.930224 0.290119
14610 0.930238 0.290123
14611 0.930265 0.290135
14612 0.930302 0.290153
14613 0.930322 0.290177
14614 0.930326 0.290206
14615 0.930316 0.29024
14616 0.930321 0.290278
14617 0.930338 0.29032
14618 0.930367 0.290366
14619 0.930407 0.290415
14620 0.930457 0.290468
14621 0.930501 0.290499
14622 0.930541 0.290511
14623 0.930577 0.290507
14624 0.930596 0.290511
14625 0.930599 0.290521
14626 0.930588 0.290539
14627 0.930564 0.290562
14628 0.930529 0.290591
14629 0.930511 0.290624
14630 0.930509 0.290662
14631 0.93052 0.290704
14632 0.930544 0.29075
14633 0.930565 0.290775
14634 0.930598 0.290806
14635 0.930641 0.290841
14636 0.930693 0.290881
14637 0.930727 0.290925
14638 0.930743 0.290972
14639 0.930744 0.291021
14640 0.930731 0.291074
14641 0.93072 0.291105
14642 0.93071 0.291118
14643 0.9307 0.291114
14644 0.930706 0.291118
14645 0.930724 0.291129
14646 0.930754 0.291147
14647 0.930768 0.291171
14648 0.930766 0.2912
14649 0.930778 0.291234
14650 0.930803 0.291273
14651 0.930811 0.291315
14652 0.930805 0.291361
14653 0.930786 0.29141
14654 0.930755 0.291462
14655 0.930741 0.291516
14656 0.930741 0.291573
14657 0.930755 0.291632
14658 0.930768 0.291669
14659 0.93078 0.291687
14660 0.93079 0.291688
14661 0.930799 0.291673
14662 0.930808 0.291644
14663 0.930815 0.291601
14664 0.930822 0.291548
14665 0.930828 0.291484
14666 0.930847 0.291434
14667 0.93085 0.291397
14668 0.93084 0.291372
14669 0.930817 0.291356
14670 0.930782 0.29135
14671 0.930765 0.291353
14672 0.930763 0.291363
14673 0.930774 0.291379
14674 0.930771 0.291402
14675 0.930754 0.29143
14676 0.930739 0.29144
14677 0.930726 0.291433
14678 0.930727 0.291435
14679 0.930729 0.29142
14680 0.930743 0.291415
14681 0.93077 0.291419
14682 0.930794 0.291406
14683 0.930829 0.291403
14684 0.930875 0.291407
14685 0.930916 0.291396
14686 0.930939 0.291393
14687 0.930946 0.291399
14688 0.930939 0.291411
14689 0.930918 0.29143
14690 0.930887 0.291455
14691 0.930845 0.291485
14692 0.930793 0.29152
14693 0.930747 0.291536
14694 0.930705 0.291534
14695 0.930667 0.291517
14696 0.930647 0.29151
14697 0.930642 0.291511
14698 0.930624 0.29152
14699 0.930595 0.291535
14700 0.930581 0.291557
14701 0.930583 0.291584
14702 0.930571 0.291617
14703 0.930546 0.291653
14704 0.93051 0.291694
14705 0.930464 0.291738
14706 0.930436 0.291785
14707 0.930424 0.291836
14708 0.930414 0.291866
14709 0.930404 0.291877
14710 0.930396 0.291871
14711 0.930388 0.291851
14712 0.93038 0.291816
14713 0.930374 0.29177
14714 0.930381 0.291736
14715 0.930402 0.291713
14716 0.930433 0.2917
14717 0.930476 0.291697
14718 0.930527 0.291701
14719 0.930587 0.291713
14720 0.930655 0.291732
14721 0.930729 0.291756
14722 0.930783 0.291786
14723 0.930817 0.29182
14724 0.930834 0.291859
14725 0.930836 0.291901
14726 0.930824 0.291947
14727 0.9308 0.291996
14728 0.930764 0.292048
14729 0.930719 0.292103
14730 0.930664 0.292159
14731 0.930615 0.292195
14732 0.93057 0.292211
14733 0.930516 0.292233
14734 0.930454 0.29226
14735 0.930412 0.292293
14736 0.930388 0.29233
14737 0.930379 0.292371
14738 0.930385 0.292416
14739 0.930404 0.292465
14740 0.930407 0.292516
14741 0.930397 0.292569
14742 0.930387 0.292602
14743 0.930378 0.292615
14744 0.93037 0.292612
14745 0.930363 0.292593
14746 0.930356 0.292561
14747 0.930363 0.292539
14748 0.930384 0.292528
14749 0.930416 0.292525
14750 0.930445 0.292507
14751 0.930484 0.292499
14752 0.930533 0.292499
14753 0.930591 0.292507
14754 0.930643 0.292498
14755 0.930689 0.292475
14756 0.930731 0.292438
14757 0.930769 0.292389
14758 0.930803 0.292361
14759 0.930833 0.292351
14760 0.930861 0.292358
14761 0.930886 0.292349
14762 0.930908 0.292356
14763 0.930929 0.292347
14764 0.930947 0.292354
14765 0.930963 0.292345
14766 0.930978 0.292322
14767 0.930991 0.292316
14768 0.931003 0.292326
14769 0.931014 0.292351
14770 0.931024 0.292358
14771 0.931033 0.292349
14772 0.931041 0.292356
14773 0.931048 0.292347
14774 0.931054 0.292323
14775 0.93106 0.292317
14776 0.931066 0.292327
14777 0.931071 0.292352
14778 0.931075 0.292359
14779 0.931079 0.29235
14780 0.931082 0.292325
14781 0.931086 0.292288
14782 0.931088 0.292238
14783 0.931091 0.292178
14784 0.931079 0.292116
14785 0.931055 0.292052
14786 0.931034 0.292011
14787 0.931014 0.291989
14788 0.930997 0.291985
14789 0.930982 0.291998
14790 0.930968 0.292024
14791 0.930956 0.292033
14792 0.930944 0.292025
14793 0.930934 0.292001
14794 0.930925 0.291996
14795 0.930917 0.292008
14796 0.93091 0.292033
14797 0.930903 0.292072
14798 0.930898 0.292123
14799 0.930893 0.292153
14800 0.930888 0.292164
14801 0.930884 0.292158
14802 0.930866 0.292161
14803 0.930864 0.292171
14804 0.930849 0.292188
14805 0.930821 0.292211
14806 0.930782 0.292239
14807 0.930734 0.292272
14808 0.930677 0.29231
14809 0.930611 0.292351
14810 0.930552 0.292372
14811 0.930499 0.292376
14812 0.930465 0.292387
14813 0.930435 0.292382
14814 0.93042 0.292385
14815 0.930408 0.292371
14816 0.930396 0.292344
14817 0.930386 0.292335
14818 0.930376 0.292343
14819 0.930368 0.292365
14820 0.93036 0.292401
14821 0.930353 0.292449
14822 0.930347 0.292508
14823 0.930342 0.292576
14824 0.930337 0.292622
14825 0.930332 0.292648
14826 0.930328 0.292656
14827 0.930325 0.292647
14828 0.930321 0.292655
14829 0.930318 0.292677
14830 0.930316 0.292713
14831 0.930313 0.292761
14832 0.930311 0.29282
14833 0.930309 0.292858
14834 0.930307 0.292876
14835 0.930305 0.292876
14836 0.930304 0.292892
14837 0.930302 0.292922
14838 0.930301 0.292965
14839 0.9303 0.293019
14840 0.930299 0.293084
14841 0.930298 0.293158
14842 0.930297 0.293208
14843 0.930296 0.293238
14844 0.930294 0.293249
14845 0.930293 0.293244
14846 0.930292 0.293223
14847 0.930291 0.293189
14848 0.93029 0.293143
14849 0.930289 0.293085
14850 0.930287 0.293018
14851 0.930286 0.292973
14852 0.930285 0.292948
14853 0.930284 0.29291
14854 0.930283 0.29286
14855 0.930282 0.2928
14856 0.930282 0.292729
14857 0.930294 0.292674
14858 0.93032 0.292632
14859 0.930356 0.292602
14860 0.930389 0.292559
14861 0.930418 0.292505
14862 0.930444 0.292472
14863 0.930468 0.292458
14864 0.930489 0.292461
14865 0.930508 0.292479
14866 0.930525 0.292511
14867 0.930541 0.292556
14868 0.930555 0.292581
14869 0.930567 0.292618
14870 0.930578 0.292637
14871 0.930589 0.292637
14872 0.930598 0.292622
14873 0.930606 0.292593
14874 0.930614 0.292551
14875 0.930621 0.292498
14876 0.930628 0.292434
14877 0.930634 0.292361
14878 0.930639 0.29228
14879 0.930644 0.292191
14880 0.930649 0.292126
14881 0.930653 0.292084
14882 0.930656 0.292061
14883 0.930646 0.292049
14884 0.930622 0.292045
14885 0.930588 0.292049
14886 0.930543 0.292061
14887 0.930502 0.292087
14888 0.930466 0.292126
14889 0.930433 0.292176
14890 0.930404 0.292238
14891 0.930377 0.292277
14892 0.930353 0.292297
14893 0.930332 0.2923
14894 0.930313 0.292286
14895 0.930295 0.292258
14896 0.93028 0.292217
14897 0.930266 0.292196
14898 0.930254 0.292193
14899 0.930243 0.292206
14900 0.930233 0.292233
14901 0.930224 0.292273
14902 0.930216 0.292325
14903 0.930209 0.292387
14904 0.930203 0.292427
14905 0.930197 0.292448
14906 0.930192 0.292482
14907 0.930187 0.292529
14908 0.930184 0.292586
14909 0.93018 0.292654
14910 0.930177 0.29273
14911 0.930175 0.292815
14912 0.930172 0.292875
14913 0.93017 0.292914
14914 0.930167 0.292933
14915 0.930165 0.292934
14916 0.930163 0.292951
14917 0.930162 0.292982
14918 0.93016 0.293026
14919 0.930159 0.293081
14920 0.930158 0.293115
14921 0.930157 0.293129
14922 0.930155 0.293127
14923 0.930154 0.29314
14924 0.930153 0.293168
14925 0.930152 0.293209
14926 0.930151 0.293261
14927 0.93015 0.293324
14928 0.93015 0.293365
14929 0.930149 0.293386
14930 0.930147 0.293389
14931 0.930146 0.293376
14932 0.930145 0.293349
14933 0.930143 0.293309
14934 0.930141 0.293257
14935 0.930139 0.293195
14936 0.930138 0.293155
14937 0.930136 0.293134
14938 0.930135 0.293131
14939 0.930134 0.293113
14940 0.930132 0.29308
14941 0.930131 0.293067
14942 0.930129 0.293071
14943 0.930128 0.293059
14944 0.930127 0.293063
14945 0.930126 0.293083
14946 0.930125 0.293117
14947 0.930124 0.293163
14948 0.930124 0.293188
14949 0.930123 0.293196
14950 0.930121 0.293187
14951 0.93012 0.293163
14952 0.930119 0.293157
14953 0.930118 0.293168
14954 0.930117 0.293193
14955 0.930116 0.293231
14956 0.930116 0.29325
14957 0.930114 0.293251
14958 0.930114 0.293268
14959 0.930113 0.293299
14960 0.930112 0.293342
14961 0.930112 0.293397
14962 0.930111 0.293462
14963 0.930111 0.293536
14964 0.930111 0.293618
14965 0.930111 0.293708
14966 0.930111 0.293805
14967 0.930111 0.293876
14968 0.93011 0.293925
14969 0.93011 0.293952
14970 0.930109 0.293962
14971 0.930108 0.293955
14972 0.930107 0.293964
14973 0.930107 0.293988
14974 0.930106 0.294025
14975 0.930106 0.294074
14976 0.930106 0.294134
14977 0.930106 0.294204
14978 0.930105 0.294251
14979 0.930105 0.294278
14980 0.930104 0.294286
14981 0.930103 0.294278
14982 0.930102 0.294255
14983 0.930101 0.29425
14984 0.930099 0.29423
14985 0.930098 0.294227
14986 0.930098 0.29424
14987 0.930097 0.294268
14988 0.930096 0.294277
14989 0.930095 0.294301
14990 0.930094 0.294307
14991 0.930093 0.294297
14992 0.930092 0.294272
14993 0.930091 0.294265
14994 0.93009 0.294275
14995 0.930089 0.294299
14996 0.930088 0.294305
14997 0.930087 0.294295
14998 0.930086 0.29427
14999 0.930085 0.294264
15000 0.930083 0.294242
