14000 0.92778 0.162635
14001 0.927747 0.162651
14002 0.927717 0.162649
14003 0.927689 0.162633
14004 0.927665 0.162602
14005 0.927643 0.162559
14006 0.927636 0.162527
14007 0.927644 0.162507
14008 0.927665 0.162496
14009 0.927697 0.162494
14010 0.927739 0.1625
14011 0.927791 0.162512
14012 0.927851 0.162531
14013 0.927905 0.162533
14014 0.927954 0.162519
14015 0.927984 0.162512
14016 0.928024 0.162514
14017 0.928074 0.162523
14018 0.928105 0.162538
14019 0.928119 0.162558
14020 0.928117 0.162582
14021 0.928101 0.162611
14022 0.9281 0.162644
14023 0.9281 0.162658
14024 0.928099 0.162656
14025 0.928099 0.162638
14026 0.928112 0.162629
14027 0.928138 0.162629
14028 0.928147 0.162635
14029 0.928141 0.162647
14030 0.928121 0.162665
14031 0.928089 0.162688
14032 0.928047 0.162714
14033 0.928008 0.162723
14034 0.927974 0.162715
14035 0.927942 0.162692
14036 0.9279 0.162678
14037 0.927875 0.162674
14038 0.927867 0.162677
14039 0.927873 0.162687
14040 0.927892 0.162704
14041 0.927922 0.162727
14042 0.927963 0.162756
14043 0.927986 0.162788
14044 0.927992 0.162823
14045 0.927998 0.162839
14046 0.928003 0.162838
14047 0.928008 0.162822
14048 0.928012 0.162791
14049 0.928016 0.162748
14050 0.928019 0.162694
14051 0.928022 0.16263
14052 0.928025 0.162556
14053 0.928027 0.162474
14054 0.928043 0.162408
14055 0.928071 0.162357
14056 0.92811 0.162318
14057 0.928158 0.16229
14058 0.928215 0.162273
14059 0.92828 0.162265
14060 0.928324 0.162265
14061 0.92835 0.162271
14062 0.928359 0.162283
14063 0.928353 0.162301
14064 0.928334 0.162323
14065 0.928302 0.16235
14066 0.928259 0.162381
14067 0.928235 0.162416
14068 0.928226 0.162455
14069 0.928232 0.162498
14070 0.92825 0.162544
14071 0.928281 0.162593
14072 0.928294 0.162644
14073 0.928306 0.162675
14074 0.928317 0.162686
14075 0.928327 0.162681
14076 0.928321 0.162683
14077 0.928302 0.162691
14078 0.928271 0.162705
14079 0.928229 0.162725
14080 0.928176 0.162748
14081 0.928115 0.162776
14082 0.928074 0.162809
14083 0.92805 0.162847
14084 0.928029 0.162864
14085 0.928009 0.162865
14086 0.927992 0.16285
14087 0.927976 0.162821
14088 0.927976 0.162802
14089 0.927989 0.162793
14090 0.928014 0.162793
14091 0.928037 0.162777
14092 0.928071 0.162771
14093 0.928115 0.162772
14094 0.928168 0.162782
14095 0.928202 0.162797
14096 0.928218 0.162817
14097 0.928219 0.162841
14098 0.928233 0.162871
14099 0.928259 0.162905
14100 0.928283 0.16292
14101 0.928304 0.162919
14102 0.928323 0.162901
14103 0.92834 0.16287
14104 0.928342 0.162849
14105 0.928329 0.162836
14106 0.928303 0.162831
14107 0.928266 0.162833
14108 0.928219 0.162842
14109 0.928189 0.162857
14110 0.928177 0.162879
14111 0.928179 0.162906
14112 0.928194 0.162938
14113 0.928208 0.162952
14114 0.92822 0.162948
14115 0.928231 0.162929
14116 0.928241 0.162897
14117 0.92825 0.162852
14118 0.928271 0.162819
14119 0.928304 0.162797
14120 0.928347 0.162786
14121 0.928399 0.162783
14122 0.928432 0.162787
14123 0.928448 0.162797
14124 0.928448 0.162813
14125 0.928448 0.162812
14126 0.928447 0.162796
14127 0.928447 0.162765
14128 0.928447 0.162722
14129 0.92846 0.162691
14130 0.928486 0.162671
14131 0.928522 0.16266
14132 0.928569 0.162658
14133 0.928624 0.162664
14134 0.92866 0.162676
14135 0.928678 0.162694
14136 0.928681 0.162717
14137 0.928669 0.162744
14138 0.928644 0.162775
14139 0.928607 0.16281
14140 0.92856 0.162848
14141 0.928532 0.16289
14142 0.92852 0.162935
14143 0.928509 0.162961
14144 0.928499 0.162968
14145 0.928503 0.162982
14146 0.928521 0.163002
14147 0.928523 0.163028
14148 0.92851 0.163057
14149 0.928513 0.163091
14150 0.928528 0.16313
14151 0.928542 0.163149
14152 0.928555 0.16315
14153 0.928566 0.163136
14154 0.928577 0.163108
14155 0.928586 0.163066
14156 0.928594 0.163014
14157 0.928601 0.162951
14158 0.928621 0.162902
14159 0.928653 0.162865
14160 0.928695 0.162841
14161 0.928719 0.162825
14162 0.928726 0.162818
14163 0.928718 0.162818
14164 0.928698 0.162825
14165 0.928665 0.162838
14166 0.928649 0.162857
14167 0.928648 0.162882
14168 0.928661 0.162913
14169 0.928658 0.162947
14170 0.928642 0.162985
14171 0.928613 0.163025
14172 0.928587 0.163046
14173 0.928564 0.16305
14174 0.928543 0.163037
14175 0.928524 0.16301
14176 0.92852 0.162993
14177 0.928503 0.162985
14178 0.928473 0.162984
14179 0.928432 0.16299
14180 0.928381 0.163002
14181 0.928348 0.163021
14182 0.928333 0.163046
14183 0.928332 0.163076
14184 0.928317 0.16311
14185 0.928304 0.163125
14186 0.928292 0.163122
14187 0.928294 0.163128
14188 0.92831 0.163142
14189 0.928338 0.163162
14190 0.928376 0.163187
14191 0.928424 0.163219
14192 0.928453 0.163254
14193 0.928465 0.163291
14194 0.928462 0.163332
14195 0.928444 0.163376
14196 0.928415 0.163422
14197 0.928402 0.163471
14198 0.928404 0.163523
14199 0.928418 0.163578
14200 0.928445 0.163635
14201 0.928469 0.163672
14202 0.928491 0.163689
14203 0.92851 0.163688
14204 0.928528 0.163672
14205 0.928557 0.163666
14206 0.928597 0.163668
14207 0.928646 0.163678
14208 0.928703 0.163695
14209 0.928741 0.163717
14210 0.928761 0.163744
14211 0.928779 0.163752
14212 0.928795 0.163744
14213 0.928796 0.163744
14214 0.928782 0.163751
14215 0.928756 0.163763
14216 0.928719 0.163782
14217 0.928671 0.163805
14218 0.928642 0.163834
14219 0.928629 0.163868
14220 0.92863 0.163906
14221 0.928632 0.163925
14222 0.928633 0.163927
14223 0.92862 0.163935
14224 0.928594 0.163949
14225 0.928585 0.16397
14226 0.928589 0.163996
14227 0.928607 0.164028
14228 0.928636 0.164065
14229 0.928662 0.164082
14230 0.928686 0.164082
14231 0.928707 0.164067
14232 0.928726 0.164037
14233 0.928757 0.164019
14234 0.928797 0.16401
14235 0.928848 0.16401
14236 0.928893 0.163995
14237 0.928933 0.163965
14238 0.92897 0.163923
14239 0.928989 0.163892
14240 0.928992 0.163871
14241 0.928995 0.163836
14242 0.928997 0.16379
14243 0.928999 0.163732
14244 0.929001 0.163665
14245 0.928989 0.163611
14246 0.928978 0.163547
14247 0.928954 0.163496
14248 0.928933 0.163435
14249 0.928899 0.163387
14250 0.928855 0.16335
14251 0.928829 0.163325
14252 0.928819 0.16331
14253 0.928796 0.163304
14254 0.928761 0.163305
14255 0.928743 0.163314
14256 0.928741 0.163329
14257 0.928752 0.163351
14258 0.928775 0.163379
14259 0.928782 0.163411
14260 0.928775 0.163446
14261 0.928754 0.163485
14262 0.928721 0.163526
14263 0.928677 0.16357
14264 0.928651 0.163618
14265 0.928613 0.163667
14266 0.928593 0.16372
14267 0.928575 0.163752
14268 0.928558 0.163765
14269 0.928543 0.163761
14270 0.92853 0.163741
14271 0.928531 0.163732
14272 0.928546 0.163732
14273 0.928572 0.16374
14274 0.928582 0.163753
14275 0.928577 0.163772
14276 0.928558 0.163796
14277 0.928528 0.163825
14278 0.928513 0.163858
14279 0.928514 0.163896
14280 0.928514 0.163915
14281 0.928514 0.163916
14282 0.928514 0.163901
14283 0.928528 0.163896
14284 0.928554 0.1639
14285 0.928577 0.163887
14286 0.928597 0.16386
14287 0.928616 0.16382
14288 0.928632 0.163769
14289 0.928661 0.163731
14290 0.9287 0.163704
14291 0.928748 0.163688
14292 0.928806 0.163682
14293 0.928843 0.163683
14294 0.928862 0.163691
14295 0.928866 0.163705
14296 0.928869 0.163702
14297 0.928872 0.163684
14298 0.928875 0.163652
14299 0.928863 0.163629
14300 0.928866 0.163618
14301 0.928883 0.163615
14302 0.928883 0.163619
14303 0.92887 0.16363
14304 0.928871 0.163647
14305 0.928885 0.163671
14306 0.928912 0.163701
14307 0.928949 0.163735
14308 0.928996 0.163774
14309 0.929052 0.163817
14310 0.929103 0.16384
14311 0.929148 0.163845
14312 0.929189 0.163834
14313 0.929226 0.163808
14314 0.929259 0.163769
14315 0.929289 0.163719
14316 0.929316 0.163658
14317 0.929327 0.16361
14318 0.929336 0.163551
14319 0.929331 0.163505
14320 0.929312 0.163471
14321 0.929281 0.163447
14322 0.929239 0.163433
14323 0.929215 0.163428
14324 0.929207 0.163431
14325 0.929213 0.163442
14326 0.929219 0.163436
14327 0.929224 0.163415
14328 0.929229 0.163381
14329 0.929233 0.163334
14330 0.929237 0.163277
14331 0.929227 0.163232
14332 0.929203 0.163198
14333 0.929168 0.163175
14334 0.929123 0.163161
14335 0.929068 0.163156
14336 0.929004 0.163157
14337 0.92896 0.163167
14338 0.928934 0.163184
14339 0.928925 0.163206
14340 0.928916 0.163211
14341 0.928908 0.1632
14342 0.928887 0.163197
14343 0.928854 0.163201
14344 0.92881 0.163211
14345 0.928784 0.163228
14346 0.928775 0.163251
14347 0.928779 0.16328
14348 0.928797 0.163314
14349 0.928826 0.163353
14350 0.928866 0.163395
14351 0.928916 0.163441
14352 0.928974 0.163491
14353 0.929039 0.163543
14354 0.929112 0.163598
14355 0.929191 0.163656
14356 0.929247 0.163715
14357 0.929285 0.163775
14358 0.929318 0.163813
14359 0.929348 0.163832
14360 0.929362 0.163856
14361 0.929374 0.163862
14362 0.929384 0.163851
14363 0.92938 0.163849
14364 0.929363 0.163854
14365 0.929333 0.163866
14366 0.929306 0.16386
14367 0.929282 0.16384
14368 0.929274 0.16383
14369 0.92928 0.163828
14370 0.929299 0.163835
14371 0.929316 0.163825
14372 0.929331 0.163801
14373 0.929345 0.163764
14374 0.929344 0.163737
14375 0.929328 0.16372
14376 0.929301 0.163712
14377 0.929262 0.163711
14378 0.92924 0.163719
14379 0.929234 0.163733
14380 0.929229 0.163731
14381 0.929238 0.163737
14382 0.929231 0.163749
14383 0.929212 0.163767
14384 0.929208 0.163791
14385 0.92919 0.16382
14386 0.92916 0.163853
14387 0.929147 0.163891
14388 0.929148 0.163933
14389 0.929135 0.163977
14390 0.929109 0.164024
14391 0.929086 0.164051
14392 0.929066 0.16406
14393 0.929033 0.164074
14394 0.929017 0.164095
14395 0.929016 0.164123
14396 0.929028 0.164155
14397 0.929053 0.164193
14398 0.929088 0.164234
14399 0.92912 0.164256
14400 0.929149 0.164261
14401 0.929175 0.164249
14402 0.929198 0.164222
14403 0.929219 0.164183
14404 0.929238 0.164132
14405 0.929255 0.164071
14406 0.929284 0.164023
14407 0.929323 0.163989
14408 0.929372 0.163966
14409 0.929402 0.163952
14410 0.929415 0.163946
14411 0.929413 0.163949
14412 0.929425 0.163959
14413 0.929448 0.163976
14414 0.929483 0.163999
14415 0.929515 0.164004
14416 0.929529 0.164016
14417 0.929528 0.164034
14418 0.929541 0.164058
14419 0.929565 0.164088
14420 0.929574 0.164122
14421 0.929567 0.164159
14422 0.929548 0.1642
14423 0.92953 0.164222
14424 0.929514 0.164225
14425 0.9295 0.164213
14426 0.929487 0.164186
14427 0.929489 0.16417
14428 0.929504 0.164163
14429 0.929531 0.164166
14430 0.929541 0.164175
14431 0.929536 0.16419
14432 0.929518 0.164211
14433 0.929488 0.164237
14434 0.929447 0.164267
14435 0.929396 0.164302
14436 0.929363 0.164341
14437 0.929347 0.164384
14438 0.929347 0.164431
14439 0.929359 0.164482
14440 0.929384 0.164535
14441 0.929406 0.164567
14442 0.92944 0.164605
14443 0.929483 0.164647
14444 0.929522 0.164668
14445 0.929544 0.164695
14446 0.929549 0.164727
14447 0.92954 0.164762
14448 0.929518 0.164801
14449 0.929498 0.164821
14450 0.929481 0.164822
14451 0.929465 0.164808
14452 0.92945 0.16478
14453 0.929437 0.164739
14454 0.929426 0.164687
14455 0.929415 0.164624
14456 0.929419 0.164575
14457 0.929436 0.164539
14458 0.929465 0.164515
14459 0.929505 0.164501
14460 0.929553 0.164497
14461 0.929583 0.1645
14462 0.929597 0.16451
14463 0.929595 0.164526
14464 0.929593 0.164525
14465 0.929604 0.164532
14466 0.929629 0.164546
14467 0.929636 0.164566
14468 0.929657 0.164592
14469 0.929689 0.164624
14470 0.929731 0.16466
14471 0.929768 0.164677
14472 0.929803 0.164677
14473 0.929833 0.164661
14474 0.929861 0.164631
14475 0.929886 0.164588
14476 0.929922 0.164558
14477 0.929968 0.164538
14478 0.929995 0.164528
14479 0.930033 0.164527
14480 0.930081 0.164534
14481 0.93011 0.164547
14482 0.930123 0.164567
14483 0.930134 0.164569
14484 0.930144 0.164555
14485 0.93014 0.16455
14486 0.930122 0.164553
14487 0.930092 0.164563
14488 0.930051 0.164579
14489 0.930001 0.164601
14490 0.929941 0.164629
14491 0.929901 0.164661
14492 0.929879 0.164698
14493 0.929872 0.16474
14494 0.929866 0.164761
14495 0.92986 0.164765
14496 0.929855 0.164753
14497 0.929864 0.16475
14498 0.929885 0.164755
14499 0.929918 0.164768
14500 0.929934 0.164787
14501 0.929934 0.164812
14502 0.92992 0.164841
14503 0.929894 0.164874
14504 0.929856 0.164912
14505 0.929823 0.16493
14506 0.929793 0.164931
14507 0.929765 0.164915
14508 0.929741 0.164886
14509 0.929719 0.164844
14510 0.929713 0.164815
14511 0.92972 0.164796
14512 0.929741 0.164787
14513 0.929773 0.164787
14514 0.929815 0.164795
14515 0.929866 0.164811
14516 0.929926 0.164833
14517 0.929993 0.164861
14518 0.930053 0.16487
14519 0.930108 0.164863
14520 0.930157 0.164841
14521 0.930187 0.164828
14522 0.930201 0.164825
14523 0.930199 0.164828
14524 0.930184 0.164839
14525 0.930156 0.164857
14526 0.930118 0.16488
14527 0.930069 0.164908
14528 0.930039 0.164941
14529 0.930025 0.164979
14530 0.930026 0.165021
14531 0.93004 0.165068
14532 0.930053 0.165093
14533 0.930065 0.165101
14534 0.930075 0.165092
14535 0.930084 0.165069
14536 0.930092 0.165032
14537 0.9301 0.164983
14538 0.930106 0.164923
14539 0.930112 0.164854
14540 0.930131 0.1648
14541 0.930161 0.164759
14542 0.930202 0.16473
14543 0.930252 0.164712
14544 0.93031 0.164704
14545 0.930376 0.164704
14546 0.930422 0.164713
14547 0.930449 0.164727
14548 0.93046 0.164748
14549 0.930456 0.164775
14550 0.930439 0.164806
14551 0.93041 0.164841
14552 0.930369 0.164881
14553 0.930319 0.164924
14554 0.930261 0.16497
14555 0.930194 0.165019
14556 0.93012 0.165071
14557 0.930054 0.165101
14558 0.930007 0.165137
14559 0.929979 0.165177
14560 0.929954 0.165198
14561 0.929944 0.165225
14562 0.929949 0.165257
14563 0.929966 0.165294
14564 0.929982 0.165312
14565 0.929996 0.165312
14566 0.930022 0.16532
14567 0.930059 0.165336
14568 0.930106 0.165359
14569 0.930161 0.165387
14570 0.930211 0.165397
14571 0.930255 0.16539
14572 0.930295 0.165368
14573 0.930345 0.165357
14574 0.930376 0.165354
14575 0.93039 0.165359
14576 0.930388 0.165371
14577 0.930374 0.165389
14578 0.930347 0.165413
14579 0.930322 0.16542
14580 0.930314 0.165433
14581 0.930319 0.165454
14582 0.930338 0.16548
14583 0.930354 0.165488
14584 0.930369 0.16548
14585 0.930382 0.165457
14586 0.930394 0.165421
14587 0.930405 0.165372
14588 0.930428 0.165337
14589 0.930462 0.165313
14590 0.930506 0.1653
14591 0.930532 0.165296
14592 0.930542 0.165299
14593 0.930536 0.16531
14594 0.930518 0.165327
14595 0.930488 0.165351
14596 0.930447 0.165379
14597 0.93041 0.165389
14598 0.930376 0.165382
14599 0.930346 0.16536
14600 0.930333 0.165349
14601 0.930307 0.165346
14602 0.93027 0.165351
14603 0.930222 0.165362
14604 0.930166 0.165381
14605 0.930115 0.165381
14606 0.930069 0.165366
14607 0.930042 0.165361
14608 0.93003 0.165364
14609 0.930033 0.165375
14610 0.930035 0.16537
14611 0.930037 0.165349
14612 0.930053 0.165339
14613 0.930066 0.165314
14614 0.930092 0.1653
14615 0.930101 0.165294
14616 0.930096 0.165297
14617 0.930077 0.165306
14618 0.93006 0.165299
14619 0.930045 0.165277
14620 0.930031 0.165242
14621 0.930005 0.165217
14622 0.929967 0.165203
14623 0.92992 0.165197
14624 0.92989 0.1652
14625 0.929877 0.16521
14626 0.929879 0.165228
14627 0.929894 0.165252
14628 0.92992 0.165282
14629 0.929958 0.165317
14630 0.930005 0.165357
14631 0.930061 0.165401
14632 0.930111 0.165425
14633 0.930156 0.165431
14634 0.930183 0.165444
14635 0.930193 0.165463
14636 0.930188 0.165487
14637 0.930171 0.165516
14638 0.930141 0.16555
14639 0.930127 0.165589
14640 0.930128 0.165632
14641 0.930143 0.165678
14642 0.930142 0.165728
14643 0.930127 0.16578
14644 0.9301 0.165834
14645 0.930089 0.165891
14646 0.93008 0.165927
14647 0.930071 0.165943
14648 0.930076 0.165966
14649 0.930094 0.165995
14650 0.930124 0.166029
14651 0.930164 0.166068
14652 0.9302 0.166088
14653 0.930246 0.166113
14654 0.9303 0.166145
14655 0.930335 0.16618
14656 0.930367 0.166197
14657 0.930382 0.166219
14658 0.930382 0.166247
14659 0.930381 0.166256
14660 0.930381 0.166248
14661 0.93038 0.166226
14662 0.930394 0.166214
14663 0.930419 0.166212
14664 0.930427 0.166217
14665 0.930422 0.166229
14666 0.930403 0.166248
14667 0.930372 0.166272
14668 0.930357 0.166302
14669 0.930358 0.166337
14670 0.930372 0.166377
14671 0.930397 0.166421
14672 0.93042 0.166445
14673 0.930441 0.166451
14674 0.930446 0.166464
14675 0.930437 0.166483
14676 0.930415 0.166507
14677 0.930395 0.166514
14678 0.930377 0.166504
14679 0.930374 0.166504
14680 0.930384 0.166511
14681 0.930394 0.166503
14682 0.930403 0.166479
14683 0.93041 0.166442
14684 0.930404 0.166417
14685 0.930411 0.166402
14686 0.930431 0.166397
14687 0.930435 0.166399
14688 0.930425 0.16641
14689 0.930402 0.166426
14690 0.930395 0.166449
14691 0.930402 0.166478
14692 0.930395 0.166512
14693 0.930374 0.16655
14694 0.930356 0.166568
14695 0.930339 0.166569
14696 0.930324 0.166554
14697 0.930297 0.166548
14698 0.930286 0.166551
14699 0.930289 0.166562
14700 0.930279 0.166579
14701 0.930255 0.166602
14702 0.93022 0.16663
14703 0.930175 0.166663
14704 0.930148 0.166701
14705 0.930136 0.166743
14706 0.93014 0.166789
14707 0.930143 0.166815
14708 0.930145 0.166822
14709 0.930147 0.166813
14710 0.930149 0.16679
14711 0.930165 0.166777
14712 0.930178 0.166749
14713 0.930204 0.166733
14714 0.93024 0.166726
14715 0.930259 0.166728
14716 0.930262 0.166737
14717 0.930252 0.166752
14718 0.930242 0.16675
14719 0.930247 0.166757
14720 0.930264 0.166771
14721 0.930293 0.166792
14722 0.930333 0.166818
14723 0.930355 0.16685
14724 0.930361 0.166886
14725 0.930353 0.166926
14726 0.930331 0.166969
14727 0.930298 0.167016
14728 0.930255 0.167065
14729 0.930229 0.167118
14730 0.93022 0.167173
14731 0.930224 0.167232
14732 0.930228 0.167268
14733 0.930232 0.167285
14734 0.930222 0.167309
14735 0.930198 0.167337
14736 0.930164 0.167369
14737 0.930146 0.167407
14738 0.930143 0.167449
14739 0.930154 0.167495
14740 0.930177 0.167545
14741 0.930211 0.167598
14742 0.930256 0.167654
14743 0.930295 0.167689
14744 0.930331 0.167704
14745 0.930363 0.167703
14746 0.930393 0.167685
14747 0.930405 0.167678
14748 0.930403 0.167678
14749 0.930414 0.167687
14750 0.930437 0.167702
14751 0.930471 0.167725
14752 0.930516 0.167753
14753 0.930569 0.167787
14754 0.93063 0.167826
14755 0.930685 0.167845
14756 0.930735 0.167846
14757 0.93078 0.167832
14758 0.930806 0.167827
14759 0.930817 0.16783
14760 0.930826 0.167817
14761 0.930835 0.16779
14762 0.930829 0.167773
14763 0.930837 0.167766
14764 0.930858 0.167767
14765 0.930863 0.167777
14766 0.930853 0.167793
14767 0.930859 0.167815
14768 0.930877 0.167844
14769 0.930879 0.167877
14770 0.930868 0.167915
14771 0.930871 0.167957
14772 0.930874 0.167979
14773 0.93089 0.168007
14774 0.930905 0.168017
14775 0.930918 0.16801
14776 0.93093 0.167988
14777 0.930941 0.167952
14778 0.930964 0.167929
14779 0.930999 0.167915
14780 0.931043 0.167911
14781 0.931096 0.167916
14782 0.931158 0.167928
14783 0.931199 0.167931
14784 0.931223 0.167926
14785 0.931231 0.167914
14786 0.931238 0.167887
14787 0.931231 0.167871
14788 0.931211 0.167864
14789 0.93118 0.167866
14790 0.931137 0.167875
14791 0.931086 0.167891
14792 0.931026 0.167914
14793 0.930972 0.167918
14794 0.930923 0.167906
14795 0.93088 0.16788
14796 0.930841 0.16784
14797 0.930805 0.167789
14798 0.930774 0.167727
14799 0.930732 0.16768
14800 0.93068 0.167644
14801 0.93062 0.16762
14802 0.930552 0.167605
14803 0.930477 0.1676
14804 0.930396 0.167603
14805 0.930337 0.167613
14806 0.930296 0.167631
14807 0.930274 0.167655
14808 0.930266 0.167685
14809 0.930273 0.16772
14810 0.93028 0.167736
14811 0.930298 0.167758
14812 0.930329 0.167787
14813 0.930356 0.167796
14814 0.930381 0.16779
14815 0.930403 0.167768
14816 0.930436 0.167756
14817 0.930452 0.167754
14818 0.930453 0.167759
14819 0.93044 0.167771
14820 0.930414 0.167789
14821 0.930405 0.167814
14822 0.93041 0.167844
14823 0.930427 0.167879
14824 0.930457 0.167919
14825 0.93047 0.167963
14826 0.930467 0.16801
14827 0.930452 0.168059
14828 0.930437 0.168088
14829 0.930438 0.168122
14830 0.930452 0.168161
14831 0.930478 0.168205
14832 0.930515 0.168252
14833 0.930561 0.168302
14834 0.930616 0.168356
14835 0.930666 0.168388
14836 0.930711 0.168402
14837 0.930751 0.168399
14838 0.930788 0.16838
14839 0.930807 0.168371
14840 0.930824 0.168347
14841 0.930853 0.168334
14842 0.930893 0.16833
14843 0.930942 0.168334
14844 0.931 0.168347
14845 0.931065 0.168366
14846 0.93111 0.168375
14847 0.931137 0.168375
14848 0.931148 0.168368
14849 0.931144 0.168354
14850 0.931126 0.168333
14851 0.931097 0.168307
14852 0.931057 0.168275
14853 0.931008 0.168254
14854 0.930977 0.168244
14855 0.930962 0.168242
14856 0.930963 0.168249
14857 0.930977 0.168263
14858 0.931003 0.168284
14859 0.931026 0.168287
14860 0.931047 0.168274
14861 0.931067 0.168246
14862 0.931097 0.16823
14863 0.931111 0.168222
14864 0.93111 0.168224
14865 0.93111 0.168209
14866 0.931109 0.168181
14867 0.931109 0.168139
14868 0.931095 0.168094
14869 0.931068 0.168061
14870 0.931031 0.168039
14871 0.930984 0.168027
14872 0.930955 0.168025
14873 0.930943 0.16803
14874 0.930945 0.168044
14875 0.930947 0.16804
14876 0.930949 0.168021
14877 0.930937 0.168011
14878 0.930912 0.168011
14879 0.930877 0.168018
14880 0.930845 0.168008
14881 0.930816 0.167984
14882 0.93079 0.167947
14883 0.930766 0.167897
14884 0.930745 0.167837
14885 0.930727 0.167767
14886 0.930696 0.167712
14887 0.930654 0.16767
14888 0.930603 0.16764
14889 0.930544 0.16762
14890 0.930504 0.16761
14891 0.930481 0.167609
14892 0.930474 0.167617
14893 0.930482 0.167631
14894 0.930502 0.167652
14895 0.930534 0.167679
14896 0.930576 0.167711
14897 0.930627 0.167748
14898 0.930687 0.16779
14899 0.930727 0.167834
14900 0.93075 0.167882
14901 0.930756 0.167933
14902 0.930748 0.167987
14903 0.930727 0.168042
14904 0.930695 0.1681
14905 0.930679 0.16816
14906 0.930678 0.168222
14907 0.930678 0.168262
14908 0.930678 0.168283
14909 0.930691 0.16831
14910 0.930703 0.168318
14911 0.930728 0.168334
14912 0.930763 0.168356
14913 0.930808 0.168384
14914 0.930835 0.168417
14915 0.930846 0.168454
14916 0.930842 0.168495
14917 0.930851 0.16854
14918 0.930874 0.168589
14919 0.930907 0.168642
14920 0.93095 0.168697
14921 0.931003 0.168755
14922 0.931063 0.168815
14923 0.931118 0.168853
14924 0.931154 0.16888
14925 0.931173 0.168897
14926 0.931176 0.168903
14927 0.931165 0.168902
14928 0.931142 0.168893
14929 0.931107 0.168876
14930 0.931062 0.168854
14931 0.931035 0.168842
14932 0.931025 0.168839
14933 0.931028 0.168845
14934 0.931045 0.168858
14935 0.931074 0.168878
14936 0.931113 0.168904
14937 0.931149 0.168912
14938 0.931181 0.168903
14939 0.931197 0.168903
14940 0.931197 0.168911
14941 0.931211 0.168926
14942 0.931237 0.168948
14943 0.931273 0.168976
14944 0.931293 0.168993
14945 0.931297 0.169001
14946 0.931286 0.169
14947 0.931264 0.168991
14948 0.931229 0.168975
14949 0.931212 0.168969
14950 0.93121 0.168972
14951 0.931194 0.168967
14952 0.931167 0.168954
14953 0.931128 0.168935
14954 0.931107 0.168926
14955 0.931102 0.168925
14956 0.93111 0.168933
14957 0.931131 0.168949
14958 0.931163 0.168971
14959 0.931205 0.168999
14960 0.93123 0.169032
14961 0.931239 0.169069
14962 0.931233 0.169111
14963 0.931214 0.169156
14964 0.931183 0.169205
14965 0.931142 0.169256
14966 0.931091 0.169311
14967 0.931032 0.169367
14968 0.930992 0.169427
14969 0.93097 0.169488
14970 0.930963 0.169551
14971 0.93097 0.169617
14972 0.93099 0.169684
14973 0.931008 0.169728
14974 0.931038 0.169777
14975 0.931065 0.169804
14976 0.931089 0.169814
14977 0.931125 0.16983
14978 0.931143 0.169838
14979 0.931146 0.169836
14980 0.931135 0.169827
14981 0.931139 0.169827
14982 0.931155 0.169835
14983 0.931184 0.169851
14984 0.93121 0.169849
14985 0.931233 0.169832
14986 0.931255 0.1698
14987 0.931261 0.16978
14988 0.931253 0.16977
14989 0.931232 0.169768
14990 0.931199 0.169775
14991 0.931183 0.169789
14992 0.931182 0.16981
14993 0.931168 0.16982
14994 0.931142 0.169822
14995 0.931104 0.169816
14996 0.931057 0.169803
14997 0.931001 0.169783
14998 0.930937 0.169757
14999 0.930893 0.169742
15000 0.930866 0.169737
