14000 0.985 0.262167
14001 0.985 0.262145
14002 0.985 0.26214
14003 0.985 0.26212
14004 0.985 0.262118
14005 0.985 0.262101
14006 0.985 0.262069
14007 0.985 0.262025
14008 0.985 0.26197
14009 0.985 0.261905
14010 0.985 0.261831
14011 0.985 0.261748
14012 0.985 0.261659
14013 0.985 0.261562
14014 0.985 0.26146
14015 0.985 0.261352
14016 0.985 0.261239
14017 0.985 0.261122
14018 0.985 0.261001
14019 0.985 0.260908
14020 0.985 0.260839
14021 0.985 0.260794
14022 0.985 0.260768
14023 0.985 0.260729
14024 0.985 0.26071
14025 0.985 0.260708
14026 0.985 0.260722
14027 0.985 0.260751
14028 0.985 0.260792
14029 0.985 0.260845
14030 0.985 0.260908
14031 0.985 0.26098
14032 0.985 0.261061
14033 0.985 0.261149
14034 0.985 0.261213
14035 0.985 0.261255
14036 0.985 0.261308
14037 0.985 0.261371
14038 0.985 0.261413
14039 0.985 0.261435
14040 0.985 0.261439
14041 0.985 0.261427
14042 0.985 0.2614
14043 0.985 0.26136
14044 0.985 0.261341
14045 0.985 0.261307
14046 0.985 0.261261
14047 0.985 0.261204
14048 0.985 0.261137
14049 0.985 0.261062
14050 0.985 0.260978
14051 0.985 0.260887
14052 0.985 0.260789
14053 0.985 0.260686
14054 0.985 0.260577
14055 0.985 0.260495
14056 0.985 0.260436
14057 0.985 0.260399
14058 0.985 0.260351
14059 0.985 0.260322
14060 0.985 0.260312
14061 0.985 0.260319
14062 0.985 0.260341
14063 0.985 0.260376
14064 0.985 0.260424
14065 0.985 0.260482
14066 0.985 0.26055
14067 0.985 0.260627
14068 0.985 0.260681
14069 0.985 0.260714
14070 0.985 0.260759
14071 0.985 0.260815
14072 0.985 0.260881
14073 0.985 0.260956
14074 0.985 0.26104
14075 0.985 0.26113
14076 0.985 0.261227
14077 0.985 0.261331
14078 0.985 0.261408
14079 0.985 0.261461
14080 0.985 0.261526
14081 0.985 0.261599
14082 0.985 0.26168
14083 0.985 0.261769
14084 0.985 0.261843
14085 0.985 0.261902
14086 0.985 0.261949
14087 0.985 0.261985
14088 0.985 0.262011
14089 0.985 0.262027
14090 0.985 0.262026
14091 0.985 0.26201
14092 0.985 0.26198
14093 0.985 0.261937
14094 0.985 0.261883
14095 0.985 0.261818
14096 0.985 0.261745
14097 0.985 0.261663
14098 0.985 0.261574
14099 0.985 0.261509
14100 0.985 0.261467
14101 0.985 0.261444
14102 0.985 0.261408
14103 0.985 0.26136
14104 0.985 0.261301
14105 0.985 0.261264
14106 0.985 0.261246
14107 0.985 0.261245
14108 0.985 0.261229
14109 0.985 0.26123
14110 0.985 0.261215
14111 0.985 0.261186
14112 0.985 0.261176
14113 0.985 0.261182
14114 0.985 0.261173
14115 0.985 0.261148
14116 0.985 0.26111
14117 0.985 0.261061
14118 0.985 0.261
14119 0.985 0.26093
14120 0.985 0.260852
14121 0.985 0.260765
14122 0.985 0.260672
14123 0.985 0.260572
14124 0.985 0.260467
14125 0.985 0.260388
14126 0.985 0.260332
14127 0.985 0.260298
14128 0.985 0.260251
14129 0.985 0.260194
14130 0.985 0.260157
14131 0.985 0.260141
14132 0.985 0.260141
14133 0.985 0.260157
14134 0.985 0.260187
14135 0.985 0.26023
14136 0.985 0.260284
14137 0.985 0.260348
14138 0.985 0.260422
14139 0.985 0.260504
14140 0.985 0.260562
14141 0.985 0.260598
14142 0.985 0.260615
14143 0.985 0.260615
14144 0.985 0.2606
14145 0.985 0.260601
14146 0.985 0.260618
14147 0.985 0.260649
14148 0.985 0.260661
14149 0.985 0.260657
14150 0.985 0.260637
14151 0.985 0.260635
14152 0.985 0.260648
14153 0.985 0.260645
14154 0.985 0.260626
14155 0.985 0.260594
14156 0.985 0.260549
14157 0.985 0.260493
14158 0.985 0.260458
14159 0.985 0.260442
14160 0.985 0.260444
14161 0.985 0.26043
14162 0.985 0.260401
14163 0.985 0.26036
14164 0.985 0.260338
14165 0.985 0.260335
14166 0.985 0.260347
14167 0.985 0.260374
14168 0.985 0.260413
14169 0.985 0.260465
14170 0.985 0.260527
14171 0.985 0.260598
14172 0.985 0.260678
14173 0.985 0.260766
14174 0.985 0.26086
14175 0.985 0.260961
14176 0.985 0.261067
14177 0.985 0.261178
14178 0.985 0.261294
14179 0.985 0.261413
14180 0.985 0.261537
14181 0.985 0.261632
14182 0.985 0.261702
14183 0.985 0.26175
14184 0.985 0.261777
14185 0.985 0.261818
14186 0.985 0.261847
14187 0.985 0.261867
14188 0.985 0.261878
14189 0.985 0.261881
14190 0.985 0.261877
14191 0.985 0.261858
14192 0.985 0.261826
14193 0.985 0.261781
14194 0.985 0.261724
14195 0.985 0.261658
14196 0.985 0.261583
14197 0.985 0.2615
14198 0.985 0.261441
14199 0.985 0.261403
14200 0.985 0.261385
14201 0.985 0.261384
14202 0.985 0.261367
14203 0.985 0.261337
14204 0.985 0.261294
14205 0.985 0.26124
14206 0.985 0.261175
14207 0.985 0.261133
14208 0.985 0.26111
14209 0.985 0.261106
14210 0.985 0.261117
14211 0.985 0.261143
14212 0.985 0.261182
14213 0.985 0.261232
14214 0.985 0.261293
14215 0.985 0.261333
14216 0.985 0.261353
14217 0.985 0.261355
14218 0.985 0.261342
14219 0.985 0.261345
14220 0.985 0.261364
14221 0.985 0.261396
14222 0.985 0.26141
14223 0.985 0.261406
14224 0.985 0.261388
14225 0.985 0.261355
14226 0.985 0.261342
14227 0.985 0.261314
14228 0.985 0.261273
14229 0.985 0.261252
14230 0.985 0.261217
14231 0.985 0.261171
14232 0.985 0.261113
14233 0.985 0.261045
14234 0.985 0.260969
14235 0.985 0.260884
14236 0.985 0.260793
14237 0.985 0.260695
14238 0.985 0.260622
14239 0.985 0.260572
14240 0.985 0.260512
14241 0.985 0.260442
14242 0.985 0.260394
14243 0.985 0.260368
14244 0.985 0.260359
14245 0.985 0.260367
14246 0.985 0.26039
14247 0.985 0.260426
14248 0.985 0.260474
14249 0.985 0.260533
14250 0.985 0.260602
14251 0.985 0.26068
14252 0.985 0.260765
14253 0.985 0.260827
14254 0.985 0.260897
14255 0.985 0.260977
14256 0.985 0.261064
14257 0.985 0.261158
14258 0.985 0.261258
14259 0.985 0.261364
14260 0.985 0.261443
14261 0.985 0.261499
14262 0.985 0.261565
14263 0.985 0.26164
14264 0.985 0.261692
14265 0.985 0.261723
14266 0.985 0.261736
14267 0.985 0.261731
14268 0.985 0.261743
14269 0.985 0.261769
14270 0.985 0.261808
14271 0.985 0.261859
14272 0.985 0.261889
14273 0.985 0.2619
14274 0.985 0.261895
14275 0.985 0.261875
14276 0.985 0.261841
14277 0.985 0.261795
14278 0.985 0.261769
14279 0.985 0.261761
14280 0.985 0.26177
14281 0.985 0.261793
14282 0.985 0.261799
14283 0.985 0.261819
14284 0.985 0.261822
14285 0.985 0.261809
14286 0.985 0.261782
14287 0.985 0.261742
14288 0.985 0.261721
14289 0.985 0.261687
14290 0.985 0.261641
14291 0.985 0.261583
14292 0.985 0.261516
14293 0.985 0.261449
14294 0.985 0.261382
14295 0.985 0.261315
14296 0.985 0.261247
14297 0.985 0.26118
14298 0.985 0.261134
14299 0.985 0.261109
14300 0.985 0.261071
14301 0.985 0.261021
14302 0.985 0.260992
14303 0.985 0.260981
14304 0.985 0.260987
14305 0.985 0.261008
14306 0.985 0.261011
14307 0.985 0.260998
14308 0.985 0.260971
14309 0.985 0.260931
14310 0.985 0.26088
14311 0.985 0.260818
14312 0.985 0.260746
14313 0.985 0.260666
14314 0.985 0.260578
14315 0.985 0.260484
14316 0.985 0.260415
14317 0.985 0.260336
14318 0.985 0.260251
14319 0.985 0.260158
14320 0.985 0.260058
14321 0.985 0.259985
14322 0.985 0.259934
14323 0.985 0.259873
14324 0.985 0.259833
14325 0.985 0.259813
14326 0.985 0.259811
14327 0.985 0.259825
14328 0.985 0.259853
14329 0.985 0.259893
14330 0.985 0.259946
14331 0.985 0.260009
14332 0.985 0.260081
14333 0.985 0.26013
14334 0.985 0.260159
14335 0.985 0.260201
14336 0.985 0.260254
14337 0.985 0.260317
14338 0.985 0.26039
14339 0.985 0.260471
14340 0.985 0.26056
14341 0.985 0.260624
14342 0.985 0.260666
14343 0.985 0.260688
14344 0.985 0.260692
14345 0.985 0.260712
14346 0.985 0.260745
14347 0.985 0.260759
14348 0.985 0.260788
14349 0.985 0.260798
14350 0.985 0.260791
14351 0.985 0.260801
14352 0.985 0.260794
14353 0.985 0.260772
14354 0.985 0.260737
14355 0.985 0.260689
14356 0.985 0.260662
14357 0.985 0.260622
14358 0.985 0.260602
14359 0.985 0.260599
14360 0.985 0.260581
14361 0.985 0.26055
14362 0.985 0.260505
14363 0.985 0.26045
14364 0.985 0.260384
14365 0.985 0.260341
14366 0.985 0.260317
14367 0.985 0.260312
14368 0.985 0.260322
14369 0.985 0.260348
14370 0.985 0.260355
14371 0.985 0.260346
14372 0.985 0.260322
14373 0.985 0.260284
14374 0.985 0.260235
14375 0.985 0.260206
14376 0.985 0.260196
14377 0.985 0.260203
14378 0.985 0.260193
14379 0.985 0.2602
14380 0.985 0.260222
14381 0.985 0.260257
14382 0.985 0.260305
14383 0.985 0.260363
14384 0.985 0.260431
14385 0.985 0.260477
14386 0.985 0.260534
14387 0.985 0.260601
14388 0.985 0.260676
14389 0.985 0.26076
14390 0.985 0.260851
14391 0.985 0.260918
14392 0.985 0.260993
14393 0.985 0.261045
14394 0.985 0.261108
14395 0.985 0.261148
14396 0.985 0.261169
14397 0.985 0.261173
14398 0.985 0.26116
14399 0.985 0.261133
14400 0.985 0.261093
14401 0.985 0.261041
14402 0.985 0.260979
14403 0.985 0.260907
14404 0.985 0.260827
14405 0.985 0.26074
14406 0.985 0.260645
14407 0.985 0.260544
14408 0.985 0.260438
14409 0.985 0.260358
14410 0.985 0.260302
14411 0.985 0.260267
14412 0.985 0.260219
14413 0.985 0.260161
14414 0.985 0.260093
14415 0.985 0.260017
14416 0.985 0.259963
14417 0.985 0.259931
14418 0.985 0.259917
14419 0.985 0.25992
14420 0.985 0.259908
14421 0.985 0.259912
14422 0.985 0.259932
14423 0.985 0.259965
14424 0.985 0.260011
14425 0.985 0.260067
14426 0.985 0.260134
14427 0.985 0.26021
14428 0.985 0.260262
14429 0.985 0.260294
14430 0.985 0.260307
14431 0.985 0.260334
14432 0.985 0.260374
14433 0.985 0.260426
14434 0.985 0.260488
14435 0.985 0.26056
14436 0.985 0.26064
14437 0.985 0.260728
14438 0.985 0.260791
14439 0.985 0.260832
14440 0.985 0.260854
14441 0.985 0.260858
14442 0.985 0.260845
14443 0.985 0.260819
14444 0.985 0.26081
14445 0.985 0.260818
14446 0.985 0.260841
14447 0.985 0.260846
14448 0.985 0.260835
14449 0.985 0.260809
14450 0.985 0.260802
14451 0.985 0.260811
14452 0.985 0.260835
14453 0.985 0.26084
14454 0.985 0.26083
14455 0.985 0.260805
14456 0.985 0.260798
14457 0.985 0.260776
14458 0.985 0.26074
14459 0.985 0.260693
14460 0.985 0.260635
14461 0.985 0.260566
14462 0.985 0.260489
14463 0.985 0.260436
14464 0.985 0.260403
14465 0.985 0.260389
14466 0.985 0.260361
14467 0.985 0.260321
14468 0.985 0.260268
14469 0.985 0.260205
14470 0.985 0.260133
14471 0.985 0.260052
14472 0.985 0.259964
14473 0.985 0.259869
14474 0.985 0.259767
14475 0.985 0.259692
14476 0.985 0.259608
14477 0.985 0.259548
14478 0.985 0.259479
14479 0.985 0.259401
14480 0.985 0.259346
14481 0.985 0.259313
14482 0.985 0.259267
14483 0.985 0.259242
14484 0.985 0.259234
14485 0.985 0.259243
14486 0.985 0.259267
14487 0.985 0.259305
14488 0.985 0.259354
14489 0.985 0.259414
14490 0.985 0.259484
14491 0.985 0.259562
14492 0.985 0.259648
14493 0.985 0.25971
14494 0.985 0.259751
14495 0.985 0.259802
14496 0.985 0.259865
14497 0.985 0.259936
14498 0.985 0.260017
14499 0.985 0.260105
14500 0.985 0.260199
14501 0.985 0.260269
14502 0.985 0.260316
14503 0.985 0.260342
14504 0.985 0.260351
14505 0.985 0.260342
14506 0.985 0.260319
14507 0.985 0.260283
14508 0.985 0.260234
14509 0.985 0.260174
14510 0.985 0.260137
14511 0.985 0.260118
14512 0.985 0.260086
14513 0.985 0.260041
14514 0.985 0.260017
14515 0.985 0.26001
14516 0.985 0.259989
14517 0.985 0.259985
14518 0.985 0.259966
14519 0.985 0.259934
14520 0.985 0.25992
14521 0.985 0.2599
14522 0.985 0.259875
14523 0.985 0.259844
14524 0.985 0.259809
14525 0.985 0.259771
14526 0.985 0.259728
14527 0.985 0.259682
14528 0.985 0.259657
14529 0.985 0.259649
14530 0.985 0.259658
14531 0.985 0.259651
14532 0.985 0.259629
14533 0.985 0.259593
14534 0.985 0.259545
14535 0.985 0.259486
14536 0.985 0.259417
14537 0.985 0.259339
14538 0.985 0.259254
14539 0.985 0.259193
14540 0.985 0.259153
14541 0.985 0.259133
14542 0.985 0.259131
14543 0.985 0.259145
14544 0.985 0.259173
14545 0.985 0.259214
14546 0.985 0.259243
14547 0.985 0.259262
14548 0.985 0.259294
14549 0.985 0.259339
14550 0.985 0.259395
14551 0.985 0.259461
14552 0.985 0.259536
14553 0.985 0.259619
14554 0.985 0.25971
14555 0.985 0.259807
14556 0.985 0.259911
14557 0.985 0.259988
14558 0.985 0.260042
14559 0.985 0.260074
14560 0.985 0.260088
14561 0.985 0.260085
14562 0.985 0.260066
14563 0.985 0.260065
14564 0.985 0.26008
14565 0.985 0.260077
14566 0.985 0.260068
14567 0.985 0.260051
14568 0.985 0.260029
14569 0.985 0.260002
14570 0.985 0.259969
14571 0.985 0.259933
14572 0.985 0.259892
14573 0.985 0.259848
14574 0.985 0.2598
14575 0.985 0.25975
14576 0.985 0.25972
14577 0.985 0.259709
14578 0.985 0.259715
14579 0.985 0.259736
14580 0.985 0.259739
14581 0.985 0.259726
14582 0.985 0.259699
14583 0.985 0.259659
14584 0.985 0.259638
14585 0.985 0.259635
14586 0.985 0.259648
14587 0.985 0.259645
14588 0.985 0.259626
14589 0.985 0.259624
14590 0.985 0.259638
14591 0.985 0.259667
14592 0.985 0.259708
14593 0.985 0.259761
14594 0.985 0.259793
14595 0.985 0.259806
14596 0.985 0.259833
14597 0.985 0.259874
14598 0.985 0.259926
14599 0.985 0.259988
14600 0.985 0.26006
14601 0.985 0.260109
14602 0.985 0.260138
14603 0.985 0.260147
14604 0.985 0.260141
14605 0.985 0.260119
14606 0.985 0.260115
14607 0.985 0.260127
14608 0.985 0.260153
14609 0.985 0.260193
14610 0.985 0.260245
14611 0.985 0.260306
14612 0.985 0.260347
14613 0.985 0.260367
14614 0.985 0.26037
14615 0.985 0.260356
14616 0.985 0.260329
14617 0.985 0.260319
14618 0.985 0.260295
14619 0.985 0.260258
14620 0.985 0.26024
14621 0.985 0.26024
14622 0.985 0.260255
14623 0.985 0.260285
14624 0.985 0.260327
14625 0.985 0.260349
14626 0.985 0.260354
14627 0.985 0.260342
14628 0.985 0.260347
14629 0.985 0.260367
14630 0.985 0.260401
14631 0.985 0.260448
14632 0.985 0.260505
14633 0.985 0.260541
14634 0.985 0.260565
14635 0.985 0.26058
14636 0.985 0.260585
14637 0.985 0.260583
14638 0.985 0.260596
14639 0.985 0.260624
14640 0.985 0.260641
14641 0.985 0.260649
14642 0.985 0.260671
14643 0.985 0.260707
14644 0.985 0.260732
14645 0.985 0.260747
14646 0.985 0.260776
14647 0.985 0.260786
14648 0.985 0.260779
14649 0.985 0.260789
14650 0.985 0.260814
14651 0.985 0.260852
14652 0.985 0.26087
14653 0.985 0.260871
14654 0.985 0.260856
14655 0.985 0.260827
14656 0.985 0.260785
14657 0.985 0.260763
14658 0.985 0.260759
14659 0.985 0.260771
14660 0.985 0.260797
14661 0.985 0.260805
14662 0.985 0.260828
14663 0.985 0.260865
14664 0.985 0.26089
14665 0.985 0.260904
14666 0.985 0.26091
14667 0.985 0.260907
14668 0.985 0.260897
14669 0.985 0.26088
14670 0.985 0.260881
14671 0.985 0.260897
14672 0.985 0.260928
14673 0.985 0.260971
14674 0.985 0.261025
14675 0.985 0.261058
14676 0.985 0.261072
14677 0.985 0.261069
14678 0.985 0.261051
14679 0.985 0.261019
14680 0.985 0.260974
14681 0.985 0.26095
14682 0.985 0.26092
14683 0.985 0.260885
14684 0.985 0.260847
14685 0.985 0.260804
14686 0.985 0.260758
14687 0.985 0.260709
14688 0.985 0.26068
14689 0.985 0.26067
14690 0.985 0.260677
14691 0.985 0.260699
14692 0.985 0.260734
14693 0.985 0.260781
14694 0.985 0.26084
14695 0.985 0.260908
14696 0.985 0.260985
14697 0.985 0.26107
14698 0.985 0.261162
14699 0.985 0.261229
14700 0.985 0.261305
14701 0.985 0.26139
14702 0.985 0.261481
14703 0.985 0.261548
14704 0.985 0.261592
14705 0.985 0.261616
14706 0.985 0.261623
14707 0.985 0.261612
14708 0.985 0.261587
14709 0.985 0.261549
14710 0.985 0.261531
14711 0.985 0.261498
14712 0.985 0.261453
14713 0.985 0.261397
14714 0.985 0.261331
14715 0.985 0.261256
14716 0.985 0.261204
14717 0.985 0.261173
14718 0.985 0.261161
14719 0.985 0.261165
14720 0.985 0.261154
14721 0.985 0.261159
14722 0.985 0.261179
14723 0.985 0.261213
14724 0.985 0.26126
14725 0.985 0.261317
14726 0.985 0.261384
14727 0.985 0.261461
14728 0.985 0.261545
14729 0.985 0.261637
14730 0.985 0.261735
14731 0.985 0.261839
14732 0.985 0.261948
14733 0.985 0.262062
14734 0.985 0.262181
14735 0.985 0.262303
14736 0.985 0.262397
14737 0.985 0.262466
14738 0.985 0.262513
14739 0.985 0.262539
14740 0.985 0.262547
14741 0.985 0.262539
14742 0.985 0.262515
14743 0.985 0.262479
14744 0.985 0.26243
14745 0.985 0.26237
14746 0.985 0.262301
14747 0.985 0.262223
14748 0.985 0.262137
14749 0.985 0.262076
14750 0.985 0.262004
14751 0.985 0.261925
14752 0.985 0.261837
14753 0.985 0.261743
14754 0.985 0.261674
14755 0.985 0.261627
14756 0.985 0.261601
14757 0.985 0.261593
14758 0.985 0.26157
14759 0.985 0.261534
14760 0.985 0.261486
14761 0.985 0.261426
14762 0.985 0.261358
14763 0.985 0.261311
14764 0.985 0.261285
14765 0.985 0.261277
14766 0.985 0.261286
14767 0.985 0.26131
14768 0.985 0.261346
14769 0.985 0.261395
14770 0.985 0.261424
14771 0.985 0.261433
14772 0.985 0.261427
14773 0.985 0.261405
14774 0.985 0.261369
14775 0.985 0.261353
14776 0.985 0.261323
14777 0.985 0.26128
14778 0.985 0.261225
14779 0.985 0.261161
14780 0.985 0.261087
14781 0.985 0.261005
14782 0.985 0.260946
14783 0.985 0.26091
14784 0.985 0.260892
14785 0.985 0.260892
14786 0.985 0.260877
14787 0.985 0.260878
14788 0.985 0.260896
14789 0.985 0.260927
14790 0.985 0.260971
14791 0.985 0.261026
14792 0.985 0.261091
14793 0.985 0.261166
14794 0.985 0.261249
14795 0.985 0.261308
14796 0.985 0.261345
14797 0.985 0.261363
14798 0.985 0.261395
14799 0.985 0.261439
14800 0.985 0.261494
14801 0.985 0.26156
14802 0.985 0.261635
14803 0.985 0.261718
14804 0.985 0.261809
14805 0.985 0.261906
14806 0.985 0.262009
14807 0.985 0.262118
14808 0.985 0.2622
14809 0.985 0.262258
14810 0.985 0.262294
14811 0.985 0.262312
14812 0.985 0.262312
14813 0.985 0.262296
14814 0.985 0.262274
14815 0.985 0.26227
14816 0.985 0.262282
14817 0.985 0.262309
14818 0.985 0.262348
14819 0.985 0.262399
14820 0.985 0.26243
14821 0.985 0.262442
14822 0.985 0.262437
14823 0.985 0.262448
14824 0.985 0.262473
14825 0.985 0.262512
14826 0.985 0.262563
14827 0.985 0.262593
14828 0.985 0.262604
14829 0.985 0.262598
14830 0.985 0.262577
14831 0.985 0.262543
14832 0.985 0.262496
14833 0.985 0.262439
14834 0.985 0.262371
14835 0.985 0.262295
14836 0.985 0.26221
14837 0.985 0.262118
14838 0.985 0.262051
14839 0.985 0.261976
14840 0.985 0.261892
14841 0.985 0.2618
14842 0.985 0.261703
14843 0.985 0.261599
14844 0.985 0.26149
14845 0.985 0.261407
14846 0.985 0.261349
14847 0.985 0.261312
14848 0.985 0.261294
14849 0.985 0.261294
14850 0.985 0.26131
14851 0.985 0.26134
14852 0.985 0.261382
14853 0.985 0.261405
14854 0.985 0.261409
14855 0.985 0.261397
14856 0.985 0.261371
14857 0.985 0.261332
14858 0.985 0.261312
14859 0.985 0.26131
14860 0.985 0.261324
14861 0.985 0.261352
14862 0.985 0.261362
14863 0.985 0.261355
14864 0.985 0.261333
14865 0.985 0.261329
14866 0.985 0.26131
14867 0.985 0.261277
14868 0.985 0.261262
14869 0.985 0.261265
14870 0.985 0.261284
14871 0.985 0.261316
14872 0.985 0.261361
14873 0.985 0.261417
14874 0.985 0.261482
14875 0.985 0.261557
14876 0.985 0.261641
14877 0.985 0.261731
14878 0.985 0.261828
14879 0.985 0.261908
14880 0.985 0.261972
14881 0.985 0.262022
14882 0.985 0.26206
14883 0.985 0.262086
14884 0.985 0.262102
14885 0.985 0.262101
14886 0.985 0.262084
14887 0.985 0.262084
14888 0.985 0.262101
14889 0.985 0.262131
14890 0.985 0.262142
14891 0.985 0.262137
14892 0.985 0.262148
14893 0.985 0.262142
14894 0.985 0.262121
14895 0.985 0.262087
14896 0.985 0.262072
14897 0.985 0.262073
14898 0.985 0.262091
14899 0.985 0.262122
14900 0.985 0.262166
14901 0.985 0.262189
14902 0.985 0.262195
14903 0.985 0.262185
14904 0.985 0.262191
14905 0.985 0.262212
14906 0.985 0.262247
14907 0.985 0.262294
14908 0.985 0.26232
14909 0.985 0.262328
14910 0.985 0.262351
14911 0.985 0.262388
14912 0.985 0.262405
14913 0.985 0.262405
14914 0.985 0.262389
14915 0.985 0.262359
14916 0.985 0.262348
14917 0.985 0.262353
14918 0.985 0.262342
14919 0.985 0.262317
14920 0.985 0.262278
14921 0.985 0.262228
14922 0.985 0.262167
14923 0.985 0.262096
14924 0.985 0.262017
14925 0.985 0.261962
14926 0.985 0.261927
14927 0.985 0.261912
14928 0.985 0.261914
14929 0.985 0.2619
14930 0.985 0.261903
14931 0.985 0.261921
14932 0.985 0.261954
14933 0.985 0.261999
14934 0.985 0.262055
14935 0.985 0.262089
14936 0.985 0.262105
14937 0.985 0.262103
14938 0.985 0.262086
14939 0.985 0.262086
14940 0.985 0.26207
14941 0.985 0.262041
14942 0.985 0.261998
14943 0.985 0.261944
14944 0.985 0.261911
14945 0.985 0.261897
14946 0.985 0.261901
14947 0.985 0.261919
14948 0.985 0.261952
14949 0.985 0.261997
14950 0.985 0.262053
14951 0.985 0.262119
14952 0.985 0.262163
14953 0.985 0.262187
14954 0.985 0.262192
14955 0.985 0.262213
14956 0.985 0.262248
14957 0.985 0.262294
14958 0.985 0.262321
14959 0.985 0.262329
14960 0.985 0.262352
14961 0.985 0.262388
14962 0.985 0.262436
14963 0.985 0.262495
14964 0.985 0.262564
14965 0.985 0.262642
14966 0.985 0.262728
14967 0.985 0.262821
14968 0.985 0.262888
14969 0.985 0.262934
14970 0.985 0.262959
14971 0.985 0.262966
14972 0.985 0.262988
14973 0.985 0.263023
14974 0.985 0.263039
14975 0.985 0.263038
14976 0.985 0.263022
14977 0.985 0.263022
14978 0.985 0.263039
14979 0.985 0.263069
14980 0.985 0.263112
14981 0.985 0.263167
14982 0.985 0.2632
14983 0.985 0.263214
14984 0.985 0.263211
14985 0.985 0.263224
14986 0.985 0.263252
14987 0.985 0.263292
14988 0.985 0.263313
14989 0.985 0.263316
14990 0.985 0.263303
14991 0.985 0.263276
14992 0.985 0.263235
14993 0.985 0.263183
14994 0.985 0.263121
14995 0.985 0.263049
14996 0.985 0.263
14997 0.985 0.26294
14998 0.985 0.262902
14999 0.985 0.262883
15000 0.985 0.262851
