14000 0.965137 0.015
14001 0.965106 0.015
14002 0.965073 0.015
14003 0.965059 0.015
14004 0.965063 0.015
14005 0.965081 0.015
14006 0.965093 0.015
14007 0.965098 0.015
14008 0.965098 0.015
14009 0.965093 0.015
14010 0.965084 0.015
14011 0.96507 0.015
14012 0.965053 0.015
14013 0.965033 0.015
14014 0.96503 0.015
14015 0.965043 0.015
14016 0.96505 0.015
14017 0.965051 0.015
14018 0.965047 0.015
14019 0.965039 0.015
14020 0.965026 0.015
14021 0.965009 0.015
14022 0.96499 0.015
14023 0.964967 0.015
14024 0.964941 0.015
14025 0.964913 0.015
14026 0.964882 0.015
14027 0.96485 0.015
14028 0.964816 0.015
14029 0.96478 0.015
14030 0.964742 0.015
14031 0.964703 0.015
14032 0.964663 0.015
14033 0.964622 0.015
14034 0.96458 0.015
14035 0.964558 0.015
14036 0.964554 0.015
14037 0.964544 0.015
14038 0.964531 0.015
14039 0.964535 0.015
14040 0.964533 0.015
14041 0.964526 0.015
14042 0.964515 0.015
14043 0.9645 0.015
14044 0.964481 0.015
14045 0.964459 0.015
14046 0.964434 0.015
14047 0.964407 0.015
14048 0.964377 0.015
14049 0.964345 0.015
14050 0.964311 0.015
14051 0.964275 0.015
14052 0.964237 0.015
14053 0.964198 0.015
14054 0.964158 0.015
14055 0.964116 0.015
14056 0.964074 0.015
14057 0.96403 0.015
14058 0.963986 0.015
14059 0.96394 0.015
14060 0.963894 0.015
14061 0.963847 0.015
14062 0.9638 0.015
14063 0.963752 0.015
14064 0.963703 0.015
14065 0.963675 0.015
14066 0.963665 0.015
14067 0.963672 0.015
14068 0.963694 0.015
14069 0.963729 0.015
14070 0.963756 0.015
14071 0.963774 0.015
14072 0.963786 0.015
14073 0.963791 0.015
14074 0.96379 0.015
14075 0.963784 0.015
14076 0.963773 0.015
14077 0.963758 0.015
14078 0.963739 0.015
14079 0.963737 0.015
14080 0.963752 0.015
14081 0.96378 0.015
14082 0.963822 0.015
14083 0.963874 0.015
14084 0.963916 0.015
14085 0.963949 0.015
14086 0.963973 0.015
14087 0.96399 0.015
14088 0.96402 0.015
14089 0.964063 0.015
14090 0.964118 0.015
14091 0.964182 0.015
14092 0.964256 0.015
14093 0.964337 0.015
14094 0.964406 0.015
14095 0.964462 0.015
14096 0.964508 0.015
14097 0.964544 0.015
14098 0.964572 0.015
14099 0.964591 0.015
14100 0.964604 0.015
14101 0.96461 0.015
14102 0.96461 0.015
14103 0.964605 0.015
14104 0.964596 0.015
14105 0.964582 0.015
14106 0.964565 0.015
14107 0.964565 0.015
14108 0.964581 0.015
14109 0.96459 0.015
14110 0.964593 0.015
14111 0.96459 0.015
14112 0.964583 0.015
14113 0.964572 0.015
14114 0.964556 0.015
14115 0.964537 0.015
14116 0.964514 0.015
14117 0.964489 0.015
14118 0.964461 0.015
14119 0.964431 0.015
14120 0.964399 0.015
14121 0.964364 0.015
14122 0.964328 0.015
14123 0.964291 0.015
14124 0.964251 0.015
14125 0.964211 0.015
14126 0.964169 0.015
14127 0.964127 0.015
14128 0.964083 0.015
14129 0.964038 0.015
14130 0.963993 0.015
14131 0.963947 0.015
14132 0.9639 0.015
14133 0.963853 0.015
14134 0.963804 0.015
14135 0.963756 0.015
14136 0.963728 0.015
14137 0.963697 0.015
14138 0.963664 0.015
14139 0.96365 0.015
14140 0.963632 0.015
14141 0.963611 0.015
14142 0.963607 0.015
14143 0.963619 0.015
14144 0.963625 0.015
14145 0.963625 0.015
14146 0.963619 0.015
14147 0.963609 0.015
14148 0.963594 0.015
14149 0.963575 0.015
14150 0.963553 0.015
14151 0.963528 0.015
14152 0.9635 0.015
14153 0.96347 0.015
14154 0.963437 0.015
14155 0.963401 0.015
14156 0.963365 0.015
14157 0.963326 0.015
14158 0.963285 0.015
14159 0.963244 0.015
14160 0.963201 0.015
14161 0.963178 0.015
14162 0.963173 0.015
14163 0.963184 0.015
14164 0.963209 0.015
14165 0.963248 0.015
14166 0.963299 0.015
14167 0.96336 0.015
14168 0.96343 0.015
14169 0.963489 0.015
14170 0.963536 0.015
14171 0.963573 0.015
14172 0.9636 0.015
14173 0.96362 0.015
14174 0.963633 0.015
14175 0.963638 0.015
14176 0.963638 0.015
14177 0.963654 0.015
14178 0.963683 0.015
14179 0.963726 0.015
14180 0.963779 0.015
14181 0.963843 0.015
14182 0.963916 0.015
14183 0.963997 0.015
14184 0.964086 0.015
14185 0.964161 0.015
14186 0.964223 0.015
14187 0.964273 0.015
14188 0.964314 0.015
14189 0.964345 0.015
14190 0.964368 0.015
14191 0.964383 0.015
14192 0.964392 0.015
14193 0.964395 0.015
14194 0.964392 0.015
14195 0.964385 0.015
14196 0.964373 0.015
14197 0.964357 0.015
14198 0.964338 0.015
14199 0.964315 0.015
14200 0.964289 0.015
14201 0.964261 0.015
14202 0.964231 0.015
14203 0.964198 0.015
14204 0.964163 0.015
14205 0.964127 0.015
14206 0.964089 0.015
14207 0.96405 0.015
14208 0.964009 0.015
14209 0.963967 0.015
14210 0.963924 0.015
14211 0.96388 0.015
14212 0.963835 0.015
14213 0.96379 0.015
14214 0.963764 0.015
14215 0.963757 0.015
14216 0.963766 0.015
14217 0.96379 0.015
14218 0.963827 0.015
14219 0.963876 0.015
14220 0.963936 0.015
14221 0.964005 0.015
14222 0.964083 0.015
14223 0.964169 0.015
14224 0.964262 0.015
14225 0.964361 0.015
14226 0.964466 0.015
14227 0.964555 0.015
14228 0.96463 0.015
14229 0.964693 0.015
14230 0.964744 0.015
14231 0.964785 0.015
14232 0.964817 0.015
14233 0.964841 0.015
14234 0.964857 0.015
14235 0.964867 0.015
14236 0.96487 0.015
14237 0.964868 0.015
14238 0.964861 0.015
14239 0.96485 0.015
14240 0.964835 0.015
14241 0.964816 0.015
14242 0.964794 0.015
14243 0.96477 0.015
14244 0.964742 0.015
14245 0.964712 0.015
14246 0.964681 0.015
14247 0.964647 0.015
14248 0.964611 0.015
14249 0.964574 0.015
14250 0.964535 0.015
14251 0.964495 0.015
14252 0.964454 0.015
14253 0.964433 0.015
14254 0.964429 0.015
14255 0.964442 0.015
14256 0.964469 0.015
14257 0.964509 0.015
14258 0.96456 0.015
14259 0.964602 0.015
14260 0.964634 0.015
14261 0.964657 0.015
14262 0.964674 0.015
14263 0.964683 0.015
14264 0.964687 0.015
14265 0.964685 0.015
14266 0.964678 0.015
14267 0.964667 0.015
14268 0.964673 0.015
14269 0.964673 0.015
14270 0.964668 0.015
14271 0.964658 0.015
14272 0.964644 0.015
14273 0.964627 0.015
14274 0.964606 0.015
14275 0.964582 0.015
14276 0.964555 0.015
14277 0.964526 0.015
14278 0.964495 0.015
14279 0.964462 0.015
14280 0.964427 0.015
14281 0.964391 0.015
14282 0.964373 0.015
14283 0.964373 0.015
14284 0.964389 0.015
14285 0.964397 0.015
14286 0.9644 0.015
14287 0.964398 0.015
14288 0.96439 0.015
14289 0.964378 0.015
14290 0.964363 0.015
14291 0.964343 0.015
14292 0.96432 0.015
14293 0.964295 0.015
14294 0.964288 0.015
14295 0.964276 0.015
14296 0.96426 0.015
14297 0.964241 0.015
14298 0.964218 0.015
14299 0.964192 0.015
14300 0.964164 0.015
14301 0.964133 0.015
14302 0.9641 0.015
14303 0.964066 0.015
14304 0.964029 0.015
14305 0.963991 0.015
14306 0.963951 0.015
14307 0.963911 0.015
14308 0.963868 0.015
14309 0.963825 0.015
14310 0.963781 0.015
14311 0.963736 0.015
14312 0.96369 0.015
14313 0.963644 0.015
14314 0.963596 0.015
14315 0.963548 0.015
14316 0.963521 0.015
14317 0.963512 0.015
14318 0.963519 0.015
14319 0.963542 0.015
14320 0.963556 0.015
14321 0.963564 0.015
14322 0.963566 0.015
14323 0.963562 0.015
14324 0.963553 0.015
14325 0.96354 0.015
14326 0.963522 0.015
14327 0.963501 0.015
14328 0.963477 0.015
14329 0.963449 0.015
14330 0.963419 0.015
14331 0.963386 0.015
14332 0.963351 0.015
14333 0.963315 0.015
14334 0.963276 0.015
14335 0.963236 0.015
14336 0.963194 0.015
14337 0.963151 0.015
14338 0.963107 0.015
14339 0.963062 0.015
14340 0.963016 0.015
14341 0.962969 0.015
14342 0.962921 0.015
14343 0.962872 0.015
14344 0.962844 0.015
14345 0.962835 0.015
14346 0.962842 0.015
14347 0.962863 0.015
14348 0.962899 0.015
14349 0.962946 0.015
14350 0.963004 0.015
14351 0.963072 0.015
14352 0.963149 0.015
14353 0.963234 0.015
14354 0.963305 0.015
14355 0.963363 0.015
14356 0.96341 0.015
14357 0.963468 0.015
14358 0.963536 0.015
14359 0.963592 0.015
14360 0.963637 0.015
14361 0.963672 0.015
14362 0.963698 0.015
14363 0.963716 0.015
14364 0.963727 0.015
14365 0.963731 0.015
14366 0.96373 0.015
14367 0.963723 0.015
14368 0.963712 0.015
14369 0.963697 0.015
14370 0.963677 0.015
14371 0.963676 0.015
14372 0.96369 0.015
14373 0.963718 0.015
14374 0.96376 0.015
14375 0.963812 0.015
14376 0.963876 0.015
14377 0.963927 0.015
14378 0.963968 0.015
14379 0.964 0.015
14380 0.964023 0.015
14381 0.964039 0.015
14382 0.964048 0.015
14383 0.96405 0.015
14384 0.964047 0.015
14385 0.964039 0.015
14386 0.964027 0.015
14387 0.96401 0.015
14388 0.964011 0.015
14389 0.964028 0.015
14390 0.964058 0.015
14391 0.964101 0.015
14392 0.964134 0.015
14393 0.964159 0.015
14394 0.964176 0.015
14395 0.964187 0.015
14396 0.964191 0.015
14397 0.964189 0.015
14398 0.964182 0.015
14399 0.964171 0.015
14400 0.964156 0.015
14401 0.964137 0.015
14402 0.964114 0.015
14403 0.964089 0.015
14404 0.964061 0.015
14405 0.96403 0.015
14406 0.963998 0.015
14407 0.963963 0.015
14408 0.963927 0.015
14409 0.963888 0.015
14410 0.963849 0.015
14411 0.963808 0.015
14412 0.963765 0.015
14413 0.963722 0.015
14414 0.963678 0.015
14415 0.963632 0.015
14416 0.963586 0.015
14417 0.963539 0.015
14418 0.963491 0.015
14419 0.963443 0.015
14420 0.963394 0.015
14421 0.963344 0.015
14422 0.963294 0.015
14423 0.963265 0.015
14424 0.963254 0.015
14425 0.96326 0.015
14426 0.963281 0.015
14427 0.963316 0.015
14428 0.963363 0.015
14429 0.963421 0.015
14430 0.963488 0.015
14431 0.963544 0.015
14432 0.963609 0.015
14433 0.963684 0.015
14434 0.963767 0.015
14435 0.963857 0.015
14436 0.963954 0.015
14437 0.964057 0.015
14438 0.964165 0.015
14439 0.964257 0.015
14440 0.964335 0.015
14441 0.964399 0.015
14442 0.964453 0.015
14443 0.964495 0.015
14444 0.964528 0.015
14445 0.964553 0.015
14446 0.96457 0.015
14447 0.964581 0.015
14448 0.964585 0.015
14449 0.964583 0.015
14450 0.964577 0.015
14451 0.964566 0.015
14452 0.964551 0.015
14453 0.964533 0.015
14454 0.964511 0.015
14455 0.964486 0.015
14456 0.964459 0.015
14457 0.964429 0.015
14458 0.964397 0.015
14459 0.964363 0.015
14460 0.964327 0.015
14461 0.96429 0.015
14462 0.964251 0.015
14463 0.96421 0.015
14464 0.964169 0.015
14465 0.964126 0.015
14466 0.964083 0.015
14467 0.964038 0.015
14468 0.963993 0.015
14469 0.963968 0.015
14470 0.963961 0.015
14471 0.96395 0.015
14472 0.963934 0.015
14473 0.963914 0.015
14474 0.963892 0.015
14475 0.963866 0.015
14476 0.963837 0.015
14477 0.963806 0.015
14478 0.963773 0.015
14479 0.963737 0.015
14480 0.9637 0.015
14481 0.963661 0.015
14482 0.96362 0.015
14483 0.963578 0.015
14484 0.963535 0.015
14485 0.963491 0.015
14486 0.963446 0.015
14487 0.963399 0.015
14488 0.963352 0.015
14489 0.963304 0.015
14490 0.963256 0.015
14491 0.963207 0.015
14492 0.963157 0.015
14493 0.963106 0.015
14494 0.963056 0.015
14495 0.963004 0.015
14496 0.962974 0.015
14497 0.962941 0.015
14498 0.962906 0.015
14499 0.962869 0.015
14500 0.962829 0.015
14501 0.96281 0.015
14502 0.962808 0.015
14503 0.962822 0.015
14504 0.96285 0.015
14505 0.962891 0.015
14506 0.962944 0.015
14507 0.963007 0.015
14508 0.963079 0.015
14509 0.96316 0.015
14510 0.963227 0.015
14511 0.963282 0.015
14512 0.963326 0.015
14513 0.96336 0.015
14514 0.963386 0.015
14515 0.963403 0.015
14516 0.963413 0.015
14517 0.963417 0.015
14518 0.963415 0.015
14519 0.963408 0.015
14520 0.963396 0.015
14521 0.963379 0.015
14522 0.963359 0.015
14523 0.963335 0.015
14524 0.963309 0.015
14525 0.963279 0.015
14526 0.963247 0.015
14527 0.963213 0.015
14528 0.963177 0.015
14529 0.963138 0.015
14530 0.963098 0.015
14531 0.963057 0.015
14532 0.963014 0.015
14533 0.96297 0.015
14534 0.962925 0.015
14535 0.962878 0.015
14536 0.962831 0.015
14537 0.962783 0.015
14538 0.962734 0.015
14539 0.962684 0.015
14540 0.962634 0.015
14541 0.962583 0.015
14542 0.962531 0.015
14543 0.962479 0.015
14544 0.962426 0.015
14545 0.962373 0.015
14546 0.962319 0.015
14547 0.962265 0.015
14548 0.962211 0.015
14549 0.962178 0.015
14550 0.962164 0.015
14551 0.962167 0.015
14552 0.962185 0.015
14553 0.962217 0.015
14554 0.962262 0.015
14555 0.962318 0.015
14556 0.962384 0.015
14557 0.962459 0.015
14558 0.962542 0.015
14559 0.962633 0.015
14560 0.962708 0.015
14561 0.962771 0.015
14562 0.962822 0.015
14563 0.962862 0.015
14564 0.962893 0.015
14565 0.962915 0.015
14566 0.962929 0.015
14567 0.962936 0.015
14568 0.962937 0.015
14569 0.962933 0.015
14570 0.962923 0.015
14571 0.962908 0.015
14572 0.96289 0.015
14573 0.962868 0.015
14574 0.962842 0.015
14575 0.962814 0.015
14576 0.962782 0.015
14577 0.962748 0.015
14578 0.962712 0.015
14579 0.962674 0.015
14580 0.962635 0.015
14581 0.962593 0.015
14582 0.962571 0.015
14583 0.962568 0.015
14584 0.96258 0.015
14585 0.962607 0.015
14586 0.962647 0.015
14587 0.962698 0.015
14588 0.96276 0.015
14589 0.962832 0.015
14590 0.962912 0.015
14591 0.963 0.015
14592 0.963095 0.015
14593 0.963196 0.015
14594 0.963303 0.015
14595 0.963414 0.015
14596 0.963531 0.015
14597 0.963651 0.015
14598 0.963775 0.015
14599 0.963881 0.015
14600 0.963971 0.015
14601 0.964047 0.015
14602 0.964131 0.015
14603 0.964222 0.015
14604 0.96432 0.015
14605 0.964424 0.015
14606 0.964533 0.015
14607 0.964647 0.015
14608 0.964765 0.015
14609 0.964866 0.015
14610 0.964952 0.015
14611 0.965024 0.015
14612 0.965084 0.015
14613 0.965133 0.015
14614 0.965172 0.015
14615 0.965202 0.015
14616 0.965224 0.015
14617 0.965239 0.015
14618 0.965248 0.015
14619 0.96525 0.015
14620 0.965248 0.015
14621 0.96524 0.015
14622 0.965229 0.015
14623 0.965213 0.015
14624 0.965194 0.015
14625 0.965172 0.015
14626 0.965147 0.015
14627 0.96512 0.015
14628 0.96509 0.015
14629 0.965059 0.015
14630 0.965025 0.015
14631 0.96499 0.015
14632 0.964974 0.015
14633 0.964975 0.015
14634 0.964992 0.015
14635 0.965023 0.015
14636 0.965046 0.015
14637 0.965061 0.015
14638 0.96507 0.015
14639 0.965094 0.015
14640 0.965131 0.015
14641 0.96518 0.015
14642 0.965239 0.015
14643 0.965309 0.015
14644 0.965387 0.015
14645 0.965473 0.015
14646 0.965566 0.015
14647 0.965666 0.015
14648 0.965771 0.015
14649 0.965861 0.015
14650 0.965937 0.015
14651 0.966001 0.015
14652 0.966053 0.015
14653 0.966096 0.015
14654 0.966129 0.015
14655 0.966155 0.015
14656 0.966173 0.015
14657 0.966184 0.015
14658 0.96619 0.015
14659 0.96619 0.015
14660 0.966206 0.015
14661 0.966236 0.015
14662 0.966279 0.015
14663 0.966333 0.015
14664 0.966377 0.015
14665 0.966412 0.015
14666 0.966439 0.015
14667 0.966458 0.015
14668 0.966471 0.015
14669 0.966478 0.015
14670 0.96648 0.015
14671 0.966476 0.015
14672 0.966469 0.015
14673 0.966457 0.015
14674 0.966442 0.015
14675 0.966424 0.015
14676 0.966403 0.015
14677 0.966399 0.015
14678 0.966412 0.015
14679 0.966439 0.015
14680 0.966479 0.015
14681 0.966531 0.015
14682 0.966593 0.015
14683 0.966665 0.015
14684 0.966745 0.015
14685 0.966833 0.015
14686 0.966908 0.015
14687 0.96697 0.015
14688 0.967022 0.015
14689 0.967064 0.015
14690 0.967097 0.015
14691 0.967122 0.015
14692 0.967141 0.015
14693 0.967153 0.015
14694 0.967159 0.015
14695 0.96716 0.015
14696 0.967156 0.015
14697 0.967149 0.015
14698 0.967137 0.015
14699 0.967123 0.015
14700 0.967105 0.015
14701 0.967104 0.015
14702 0.96712 0.015
14703 0.967149 0.015
14704 0.967192 0.015
14705 0.967245 0.015
14706 0.967309 0.015
14707 0.967383 0.015
14708 0.967464 0.015
14709 0.967554 0.015
14710 0.96765 0.015
14711 0.967752 0.015
14712 0.967859 0.015
14713 0.967972 0.015
14714 0.968089 0.015
14715 0.96821 0.015
14716 0.968335 0.015
14717 0.968463 0.015
14718 0.968573 0.015
14719 0.968669 0.015
14720 0.968751 0.015
14721 0.968821 0.015
14722 0.968879 0.015
14723 0.968928 0.015
14724 0.968968 0.015
14725 0.968999 0.015
14726 0.969024 0.015
14727 0.969042 0.015
14728 0.969054 0.015
14729 0.969061 0.015
14730 0.969063 0.015
14731 0.969061 0.015
14732 0.969075 0.015
14733 0.969103 0.015
14734 0.969144 0.015
14735 0.969177 0.015
14736 0.969202 0.015
14737 0.969222 0.015
14738 0.969235 0.015
14739 0.969243 0.015
14740 0.969246 0.015
14741 0.969245 0.015
14742 0.96924 0.015
14743 0.969231 0.015
14744 0.96922 0.015
14745 0.969206 0.015
14746 0.969189 0.015
14747 0.969169 0.015
14748 0.969168 0.015
14749 0.969182 0.015
14750 0.969211 0.015
14751 0.969252 0.015
14752 0.969305 0.015
14753 0.969348 0.015
14754 0.969383 0.015
14755 0.969411 0.015
14756 0.969432 0.015
14757 0.969447 0.015
14758 0.969457 0.015
14759 0.969462 0.015
14760 0.969462 0.015
14761 0.969458 0.015
14762 0.969451 0.015
14763 0.96944 0.015
14764 0.969427 0.015
14765 0.969411 0.015
14766 0.969393 0.015
14767 0.969372 0.015
14768 0.96935 0.015
14769 0.969326 0.015
14770 0.9693 0.015
14771 0.969273 0.015
14772 0.969265 0.015
14773 0.969273 0.015
14774 0.969295 0.015
14775 0.969332 0.015
14776 0.96938 0.015
14777 0.969439 0.015
14778 0.969508 0.015
14779 0.969586 0.015
14780 0.969672 0.015
14781 0.969745 0.015
14782 0.969808 0.015
14783 0.96986 0.015
14784 0.969903 0.015
14785 0.969937 0.015
14786 0.969965 0.015
14787 0.969986 0.015
14788 0.970001 0.015
14789 0.97003 0.015
14790 0.970072 0.015
14791 0.970126 0.015
14792 0.97019 0.015
14793 0.970263 0.015
14794 0.970345 0.015
14795 0.970434 0.015
14796 0.97053 0.015
14797 0.970613 0.015
14798 0.970684 0.015
14799 0.970744 0.015
14800 0.970795 0.015
14801 0.970837 0.015
14802 0.970871 0.015
14803 0.970898 0.015
14804 0.970919 0.015
14805 0.970934 0.015
14806 0.970944 0.015
14807 0.97095 0.015
14808 0.97097 0.015
14809 0.971005 0.015
14810 0.971051 0.015
14811 0.971109 0.015
14812 0.971157 0.015
14813 0.971197 0.015
14814 0.97123 0.015
14815 0.971256 0.015
14816 0.971275 0.015
14817 0.97129 0.015
14818 0.971299 0.015
14819 0.971304 0.015
14820 0.971305 0.015
14821 0.971303 0.015
14822 0.971297 0.015
14823 0.971288 0.015
14824 0.971277 0.015
14825 0.971264 0.015
14826 0.971248 0.015
14827 0.971231 0.015
14828 0.971211 0.015
14829 0.971191 0.015
14830 0.971168 0.015
14831 0.971145 0.015
14832 0.97112 0.015
14833 0.971095 0.015
14834 0.971068 0.015
14835 0.971041 0.015
14836 0.971013 0.015
14837 0.970984 0.015
14838 0.970954 0.015
14839 0.970924 0.015
14840 0.970894 0.015
14841 0.970862 0.015
14842 0.970831 0.015
14843 0.970799 0.015
14844 0.970766 0.015
14845 0.970733 0.015
14846 0.9707 0.015
14847 0.970667 0.015
14848 0.970633 0.015
14849 0.970599 0.015
14850 0.970565 0.015
14851 0.97053 0.015
14852 0.970495 0.015
14853 0.97046 0.015
14854 0.970425 0.015
14855 0.97039 0.015
14856 0.970354 0.015
14857 0.970319 0.015
14858 0.970283 0.015
14859 0.970247 0.015
14860 0.970211 0.015
14861 0.970175 0.015
14862 0.970139 0.015
14863 0.970102 0.015
14864 0.970066 0.015
14865 0.970029 0.015
14866 0.969992 0.015
14867 0.969955 0.015
14868 0.969918 0.015
14869 0.969881 0.015
14870 0.969844 0.015
14871 0.969806 0.015
14872 0.969769 0.015
14873 0.969731 0.015
14874 0.969693 0.015
14875 0.969655 0.015
14876 0.969617 0.015
14877 0.969579 0.015
14878 0.969541 0.015
14879 0.969503 0.015
14880 0.969465 0.015
14881 0.969426 0.015
14882 0.969407 0.015
14883 0.969406 0.015
14884 0.969421 0.015
14885 0.969449 0.015
14886 0.969491 0.015
14887 0.969544 0.015
14888 0.969607 0.015
14889 0.96968 0.015
14890 0.969761 0.015
14891 0.96983 0.015
14892 0.969889 0.015
14893 0.969957 0.015
14894 0.970034 0.015
14895 0.970119 0.015
14896 0.970212 0.015
14897 0.97031 0.015
14898 0.970415 0.015
14899 0.970525 0.015
14900 0.970639 0.015
14901 0.970758 0.015
14902 0.970881 0.015
14903 0.971007 0.015
14904 0.971136 0.015
14905 0.971248 0.015
14906 0.971346 0.015
14907 0.971431 0.015
14908 0.971504 0.015
14909 0.971566 0.015
14910 0.971619 0.015
14911 0.971663 0.015
14912 0.971699 0.015
14913 0.971728 0.015
14914 0.971751 0.015
14915 0.971768 0.015
14916 0.97178 0.015
14917 0.971788 0.015
14918 0.971792 0.015
14919 0.971792 0.015
14920 0.971788 0.015
14921 0.971782 0.015
14922 0.971773 0.015
14923 0.971761 0.015
14924 0.971747 0.015
14925 0.971731 0.015
14926 0.971714 0.015
14927 0.971695 0.015
14928 0.971674 0.015
14929 0.971652 0.015
14930 0.971629 0.015
14931 0.971605 0.015
14932 0.97158 0.015
14933 0.971554 0.015
14934 0.971527 0.015
14935 0.971499 0.015
14936 0.971471 0.015
14937 0.971443 0.015
14938 0.971413 0.015
14939 0.971383 0.015
14940 0.971372 0.015
14941 0.971378 0.015
14942 0.971399 0.015
14943 0.971433 0.015
14944 0.97148 0.015
14945 0.971538 0.015
14946 0.971605 0.015
14947 0.971682 0.015
14948 0.971747 0.015
14949 0.971803 0.015
14950 0.97185 0.015
14951 0.971908 0.015
14952 0.971975 0.015
14953 0.972033 0.015
14954 0.972082 0.015
14955 0.972122 0.015
14956 0.972155 0.015
14957 0.972182 0.015
14958 0.972221 0.015
14959 0.972273 0.015
14960 0.972335 0.015
14961 0.972387 0.015
14962 0.972432 0.015
14963 0.972487 0.015
14964 0.972553 0.015
14965 0.972608 0.015
14966 0.972674 0.015
14967 0.972749 0.015
14968 0.972833 0.015
14969 0.972923 0.015
14970 0.973021 0.015
14971 0.973124 0.015
14972 0.973233 0.015
14973 0.973327 0.015
14974 0.97341 0.015
14975 0.973481 0.015
14976 0.973542 0.015
14977 0.973594 0.015
14978 0.973638 0.015
14979 0.973694 0.015
14980 0.973759 0.015
14981 0.973834 0.015
14982 0.973917 0.015
14983 0.973988 0.015
14984 0.97405 0.015
14985 0.974103 0.015
14986 0.974166 0.015
14987 0.974239 0.015
14988 0.97432 0.015
14989 0.974409 0.015
14990 0.974504 0.015
14991 0.974587 0.015
14992 0.97466 0.015
14993 0.974722 0.015
14994 0.974776 0.015
14995 0.974821 0.015
14996 0.97486 0.015
14997 0.974892 0.015
14998 0.974937 0.015
14999 0.974993 0.015
15000 0.975059 0.015
