14000 0.985 0.0744348
14001 0.985 0.0744451
14002 0.985 0.0744387
14003 0.985 0.0744175
14004 0.985 0.0743828
14005 0.985 0.0743359
14006 0.985 0.0742782
14007 0.985 0.074241
14008 0.985 0.0742223
14009 0.985 0.0742203
14010 0.985 0.0742332
14011 0.985 0.0742293
14012 0.985 0.0742101
14013 0.985 0.0741772
14014 0.985 0.074132
14015 0.985 0.0740757
14016 0.985 0.0740398
14017 0.985 0.0740224
14018 0.985 0.073991
14019 0.985 0.0739776
14020 0.985 0.0739804
14021 0.985 0.0739672
14022 0.985 0.0739396
14023 0.985 0.0738992
14024 0.985 0.0738471
14025 0.985 0.073815
14026 0.985 0.073801
14027 0.985 0.0738032
14028 0.985 0.07382
14029 0.985 0.07385
14030 0.985 0.0738918
14031 0.985 0.0739137
14032 0.985 0.0739178
14033 0.985 0.0739363
14034 0.985 0.0739677
14035 0.985 0.0740107
14036 0.985 0.0740642
14037 0.985 0.0741271
14038 0.985 0.0741681
14039 0.985 0.0741894
14040 0.985 0.074193
14041 0.985 0.0741806
14042 0.985 0.0741538
14043 0.985 0.0741142
14044 0.985 0.0740629
14045 0.985 0.0740011
14046 0.985 0.0739299
14047 0.985 0.0738806
14048 0.985 0.0738509
14049 0.985 0.073839
14050 0.985 0.0738126
14051 0.985 0.0737732
14052 0.985 0.073722
14053 0.985 0.0736603
14054 0.985 0.0736196
14055 0.985 0.0735976
14056 0.985 0.0735622
14057 0.985 0.0735451
14058 0.985 0.0735445
14059 0.985 0.0735282
14060 0.985 0.0735283
14061 0.985 0.0735431
14062 0.985 0.0735712
14063 0.985 0.0735808
14064 0.985 0.0736042
14065 0.985 0.0736399
14066 0.985 0.0736564
14067 0.985 0.0736556
14068 0.985 0.0736392
14069 0.985 0.0736089
14070 0.985 0.0735963
14071 0.985 0.0735996
14072 0.985 0.0736174
14073 0.985 0.073648
14074 0.985 0.0736903
14075 0.985 0.0737431
14076 0.985 0.0738052
14077 0.985 0.0738456
14078 0.985 0.0738663
14079 0.985 0.0738996
14080 0.985 0.0739443
14081 0.985 0.0739689
14082 0.985 0.0739754
14083 0.985 0.073996
14084 0.985 0.0739989
14085 0.985 0.073986
14086 0.985 0.0739891
14087 0.985 0.0740065
14088 0.985 0.0740368
14089 0.985 0.0740788
14090 0.985 0.074101
14091 0.985 0.0741054
14092 0.985 0.0740938
14093 0.985 0.0740678
14094 0.985 0.0740591
14095 0.985 0.074066
14096 0.985 0.0740566
14097 0.985 0.0740629
14098 0.985 0.0740529
14099 0.985 0.0740284
14100 0.985 0.0739907
14101 0.985 0.0739715
14102 0.985 0.073969
14103 0.985 0.0739511
14104 0.985 0.0739498
14105 0.985 0.0739634
14106 0.985 0.0739904
14107 0.985 0.0739991
14108 0.985 0.0740216
14109 0.985 0.0740567
14110 0.985 0.0740726
14111 0.985 0.0740713
14112 0.985 0.0740546
14113 0.985 0.0740239
14114 0.985 0.0739806
14115 0.985 0.073926
14116 0.985 0.0738613
14117 0.985 0.0738178
14118 0.985 0.0737934
14119 0.985 0.0737862
14120 0.985 0.0737641
14121 0.985 0.0737286
14122 0.985 0.0737114
14123 0.985 0.0737106
14124 0.985 0.0737247
14125 0.985 0.0737218
14126 0.985 0.0737034
14127 0.985 0.0736712
14128 0.985 0.0736265
14129 0.985 0.0735706
14130 0.985 0.0735046
14131 0.985 0.0734295
14132 0.985 0.0733766
14133 0.985 0.0733439
14134 0.985 0.0733291
14135 0.985 0.0733306
14136 0.985 0.0733467
14137 0.985 0.0733759
14138 0.985 0.0734169
14139 0.985 0.0734685
14140 0.985 0.0735297
14141 0.985 0.0735995
14142 0.985 0.0736466
14143 0.985 0.0736734
14144 0.985 0.0736819
14145 0.985 0.0737043
14146 0.985 0.0737087
14147 0.985 0.0736972
14148 0.985 0.0736711
14149 0.985 0.0736321
14150 0.985 0.0736116
14151 0.985 0.0736079
14152 0.985 0.0735889
14153 0.985 0.0735561
14154 0.985 0.073511
14155 0.985 0.0734547
14156 0.985 0.0733884
14157 0.985 0.0733434
14158 0.985 0.0733175
14159 0.985 0.073309
14160 0.985 0.0733159
14161 0.985 0.0733368
14162 0.985 0.0733703
14163 0.985 0.0734151
14164 0.985 0.0734398
14165 0.985 0.0734464
14166 0.985 0.0734669
14167 0.985 0.0735001
14168 0.985 0.0735143
14169 0.985 0.0735115
14170 0.985 0.0735236
14171 0.985 0.0735492
14172 0.985 0.0735869
14173 0.985 0.0736356
14174 0.985 0.073694
14175 0.985 0.073731
14176 0.985 0.0737487
14177 0.985 0.0737793
14178 0.985 0.0738215
14179 0.985 0.0738741
14180 0.985 0.0739156
14181 0.985 0.0739677
14182 0.985 0.073999
14183 0.985 0.0740115
14184 0.985 0.0740171
14185 0.985 0.0740163
14186 0.985 0.0740098
14187 0.985 0.0739982
14188 0.985 0.073982
14189 0.985 0.0739822
14190 0.985 0.073997
14191 0.985 0.0740046
14192 0.985 0.0740058
14193 0.985 0.074001
14194 0.985 0.0740115
14195 0.985 0.0740053
14196 0.985 0.0739841
14197 0.985 0.0739798
14198 0.985 0.0739603
14199 0.985 0.0739271
14200 0.985 0.0738817
14201 0.985 0.0738555
14202 0.985 0.0738467
14203 0.985 0.0738231
14204 0.985 0.0738166
14205 0.985 0.0738255
14206 0.985 0.0738482
14207 0.985 0.0738531
14208 0.985 0.0738418
14209 0.985 0.073816
14210 0.985 0.0737772
14211 0.985 0.0737266
14212 0.985 0.0736958
14213 0.985 0.0736828
14214 0.985 0.0736858
14215 0.985 0.0737031
14216 0.985 0.0737334
14217 0.985 0.0737754
14218 0.985 0.0738278
14219 0.985 0.0738897
14220 0.985 0.0739601
14221 0.985 0.0740381
14222 0.985 0.0740927
14223 0.985 0.0741263
14224 0.985 0.0741409
14225 0.985 0.0741385
14226 0.985 0.0741208
14227 0.985 0.0740892
14228 0.985 0.0740755
14229 0.985 0.0740779
14230 0.985 0.0740645
14231 0.985 0.0740368
14232 0.985 0.0739962
14233 0.985 0.073944
14234 0.985 0.0738814
14235 0.985 0.0738398
14236 0.985 0.0738173
14237 0.985 0.0738118
14238 0.985 0.0738217
14239 0.985 0.0738454
14240 0.985 0.0738816
14241 0.985 0.0738985
14242 0.985 0.0738981
14243 0.985 0.073882
14244 0.985 0.0738518
14245 0.985 0.0738089
14246 0.985 0.0737547
14247 0.985 0.0737207
14248 0.985 0.0737049
14249 0.985 0.0737055
14250 0.985 0.0737208
14251 0.985 0.0737495
14252 0.985 0.0737595
14253 0.985 0.0737834
14254 0.985 0.0738196
14255 0.985 0.073867
14256 0.985 0.073894
14257 0.985 0.0739331
14258 0.985 0.073983
14259 0.985 0.0740428
14260 0.985 0.0740907
14261 0.985 0.0741279
14262 0.985 0.0741557
14263 0.985 0.0741748
14264 0.985 0.0741862
14265 0.985 0.0741907
14266 0.985 0.0741889
14267 0.985 0.0741814
14268 0.985 0.074169
14269 0.985 0.0741519
14270 0.985 0.0741308
14271 0.985 0.074106
14272 0.985 0.0740778
14273 0.985 0.0740467
14274 0.985 0.0740334
14275 0.985 0.0740362
14276 0.985 0.0740534
14277 0.985 0.0740837
14278 0.985 0.0741257
14279 0.985 0.0741479
14280 0.985 0.0741523
14281 0.985 0.0741504
14282 0.985 0.074143
14283 0.985 0.0741306
14284 0.985 0.0741136
14285 0.985 0.0740926
14286 0.985 0.0740679
14287 0.985 0.0740399
14288 0.985 0.0740089
14289 0.985 0.0739957
14290 0.985 0.0739781
14291 0.985 0.0739565
14292 0.985 0.0739313
14293 0.985 0.0738929
14294 0.985 0.0738428
14295 0.985 0.0738124
14296 0.985 0.0737998
14297 0.985 0.0738032
14298 0.985 0.0737907
14299 0.985 0.0737941
14300 0.985 0.0738119
14301 0.985 0.0738427
14302 0.985 0.0738548
14303 0.985 0.07385
14304 0.985 0.0738301
14305 0.985 0.0737966
14306 0.985 0.0737811
14307 0.985 0.0737516
14308 0.985 0.0737094
14309 0.985 0.0736861
14310 0.985 0.0736496
14311 0.985 0.073601
14312 0.985 0.0735417
14313 0.985 0.0735029
14314 0.985 0.0734828
14315 0.985 0.073449
14316 0.985 0.073403
14317 0.985 0.0733762
14318 0.985 0.0733668
14319 0.985 0.0733427
14320 0.985 0.0733357
14321 0.985 0.0733138
14322 0.985 0.0733087
14323 0.985 0.0733189
14324 0.985 0.0733428
14325 0.985 0.0733486
14326 0.985 0.0733382
14327 0.985 0.073313
14328 0.985 0.0732748
14329 0.985 0.073255
14330 0.985 0.073252
14331 0.985 0.0732639
14332 0.985 0.0732894
14333 0.985 0.073327
14334 0.985 0.0733755
14335 0.985 0.0734036
14336 0.985 0.0734131
14337 0.985 0.0734061
14338 0.985 0.0733842
14339 0.985 0.0733791
14340 0.985 0.0733588
14341 0.985 0.0733552
14342 0.985 0.0733666
14343 0.985 0.0733915
14344 0.985 0.0733982
14345 0.985 0.0734189
14346 0.985 0.0734219
14347 0.985 0.073409
14348 0.985 0.0734119
14349 0.985 0.0734292
14350 0.985 0.0734594
14351 0.985 0.0735012
14352 0.985 0.0735231
14353 0.985 0.0735273
14354 0.985 0.0735457
14355 0.985 0.0735466
14356 0.985 0.0735417
14357 0.985 0.0735316
14358 0.985 0.0735167
14359 0.985 0.073518
14360 0.985 0.0735339
14361 0.985 0.0735325
14362 0.985 0.0735157
14363 0.985 0.0735152
14364 0.985 0.0735295
14365 0.985 0.0735267
14366 0.985 0.0735085
14367 0.985 0.0734765
14368 0.985 0.0734624
14369 0.985 0.0734644
14370 0.985 0.0734506
14371 0.985 0.0734528
14372 0.985 0.0734696
14373 0.985 0.0734994
14374 0.985 0.0735409
14375 0.985 0.0735627
14376 0.985 0.0735666
14377 0.985 0.0735544
14378 0.985 0.0735278
14379 0.985 0.0734881
14380 0.985 0.0734672
14381 0.985 0.0734631
14382 0.985 0.0734743
14383 0.985 0.073499
14384 0.985 0.0735361
14385 0.985 0.0735842
14386 0.985 0.0736423
14387 0.985 0.0737093
14388 0.985 0.073754
14389 0.985 0.0737885
14390 0.985 0.0738141
14391 0.985 0.0738315
14392 0.985 0.0738416
14393 0.985 0.0738452
14394 0.985 0.0738428
14395 0.985 0.0738351
14396 0.985 0.0738226
14397 0.985 0.0738058
14398 0.985 0.0737852
14399 0.985 0.073761
14400 0.985 0.0737541
14401 0.985 0.0737625
14402 0.985 0.0737545
14403 0.985 0.0737316
14404 0.985 0.0736954
14405 0.985 0.0736775
14406 0.985 0.0736761
14407 0.985 0.0736592
14408 0.985 0.0736284
14409 0.985 0.0735849
14410 0.985 0.0735302
14411 0.985 0.0734652
14412 0.985 0.073391
14413 0.985 0.073339
14414 0.985 0.0733069
14415 0.985 0.0732928
14416 0.985 0.0732948
14417 0.985 0.0733114
14418 0.985 0.073341
14419 0.985 0.0733519
14420 0.985 0.0733461
14421 0.985 0.0733252
14422 0.985 0.0732907
14423 0.985 0.0732744
14424 0.985 0.0732743
14425 0.985 0.073289
14426 0.985 0.0733169
14427 0.985 0.0733566
14428 0.985 0.0734071
14429 0.985 0.0734369
14430 0.985 0.0734784
14431 0.985 0.0735304
14432 0.985 0.0735919
14433 0.985 0.0736317
14434 0.985 0.0736518
14435 0.985 0.0736846
14436 0.985 0.0737288
14437 0.985 0.073763
14438 0.985 0.0737882
14439 0.985 0.0738053
14440 0.985 0.073815
14441 0.985 0.0738182
14442 0.985 0.0738155
14443 0.985 0.0738278
14444 0.985 0.0738233
14445 0.985 0.073834
14446 0.985 0.0738584
14447 0.985 0.0738951
14448 0.985 0.0739126
14449 0.985 0.073943
14450 0.985 0.0739548
14451 0.985 0.0739498
14452 0.985 0.0739296
14453 0.985 0.0738958
14454 0.985 0.0738802
14455 0.985 0.0738505
14456 0.985 0.0738081
14457 0.985 0.0737543
14458 0.985 0.0737206
14459 0.985 0.0737051
14460 0.985 0.073706
14461 0.985 0.073691
14462 0.985 0.073662
14463 0.985 0.0736505
14464 0.985 0.073655
14465 0.985 0.0736434
14466 0.985 0.0736173
14467 0.985 0.0736085
14468 0.985 0.0736153
14469 0.985 0.0736058
14470 0.985 0.0735816
14471 0.985 0.0735441
14472 0.985 0.0734947
14473 0.985 0.0734345
14474 0.985 0.0733646
14475 0.985 0.073286
14476 0.985 0.0732301
14477 0.985 0.0731945
14478 0.985 0.0731467
14479 0.985 0.0731185
14480 0.985 0.0731079
14481 0.985 0.0731132
14482 0.985 0.0731021
14483 0.985 0.073107
14484 0.985 0.0731261
14485 0.985 0.073158
14486 0.985 0.0731711
14487 0.985 0.0731975
14488 0.985 0.0732057
14489 0.985 0.0731973
14490 0.985 0.073174
14491 0.985 0.0731678
14492 0.985 0.0731769
14493 0.985 0.0731997
14494 0.985 0.0732046
14495 0.985 0.0732237
14496 0.985 0.0732252
14497 0.985 0.0732411
14498 0.985 0.0732702
14499 0.985 0.0732904
14500 0.985 0.0733028
14501 0.985 0.0733082
14502 0.985 0.0733072
14503 0.985 0.0733004
14504 0.985 0.0732885
14505 0.985 0.0732925
14506 0.985 0.0733106
14507 0.985 0.0733416
14508 0.985 0.0733841
14509 0.985 0.0734371
14510 0.985 0.073469
14511 0.985 0.0734821
14512 0.985 0.0734782
14513 0.985 0.073459
14514 0.985 0.0734261
14515 0.985 0.0733807
14516 0.985 0.0733242
14517 0.985 0.0732577
14518 0.985 0.0732125
14519 0.985 0.0731866
14520 0.985 0.073178
14521 0.985 0.0731849
14522 0.985 0.0732059
14523 0.985 0.0732395
14524 0.985 0.0732541
14525 0.985 0.0732514
14526 0.985 0.0732334
14527 0.985 0.0732015
14528 0.985 0.0731875
14529 0.985 0.0731895
14530 0.985 0.0731757
14531 0.985 0.0731475
14532 0.985 0.0731065
14533 0.985 0.0730539
14534 0.985 0.0730212
14535 0.985 0.0730065
14536 0.985 0.0729775
14537 0.985 0.0729358
14538 0.985 0.0729128
14539 0.985 0.0728765
14540 0.985 0.072828
14541 0.985 0.0727687
14542 0.985 0.07273
14543 0.985 0.0727098
14544 0.985 0.0727063
14545 0.985 0.0727178
14546 0.985 0.0727427
14547 0.985 0.0727798
14548 0.985 0.0727974
14549 0.985 0.0728279
14550 0.985 0.07287
14551 0.985 0.0729224
14552 0.985 0.0729538
14553 0.985 0.0729968
14554 0.985 0.07305
14555 0.985 0.0730822
14556 0.985 0.0731258
14557 0.985 0.0731796
14558 0.985 0.0732426
14559 0.985 0.0732837
14560 0.985 0.073305
14561 0.985 0.0733085
14562 0.985 0.0732961
14563 0.985 0.0732693
14564 0.985 0.0732294
14565 0.985 0.073178
14566 0.985 0.0731463
14567 0.985 0.0731324
14568 0.985 0.0731042
14569 0.985 0.0730935
14570 0.985 0.0730986
14571 0.985 0.0731178
14572 0.985 0.0731194
14573 0.985 0.0731355
14574 0.985 0.0731646
14575 0.985 0.0731752
14576 0.985 0.073169
14577 0.985 0.0731478
14578 0.985 0.073113
14579 0.985 0.0730661
14580 0.985 0.0730384
14581 0.985 0.0729979
14582 0.985 0.072976
14583 0.985 0.072971
14584 0.985 0.072981
14585 0.985 0.0730047
14586 0.985 0.0730407
14587 0.985 0.0730574
14588 0.985 0.073087
14589 0.985 0.0730981
14590 0.985 0.0731226
14591 0.985 0.0731594
14592 0.985 0.0732072
14593 0.985 0.0732649
14594 0.985 0.0733315
14595 0.985 0.0733757
14596 0.985 0.0733999
14597 0.985 0.073406
14598 0.985 0.0734262
14599 0.985 0.0734591
14600 0.985 0.0735036
14601 0.985 0.0735583
14602 0.985 0.0736223
14603 0.985 0.0736947
14604 0.985 0.0737747
14605 0.985 0.073831
14606 0.985 0.0738659
14607 0.985 0.0738817
14608 0.985 0.0738802
14609 0.985 0.0738632
14610 0.985 0.0738322
14611 0.985 0.0737886
14612 0.985 0.0737642
14613 0.985 0.0737572
14614 0.985 0.0737657
14615 0.985 0.0737883
14616 0.985 0.0738235
14617 0.985 0.0738701
14618 0.985 0.0739269
14619 0.985 0.0739623
14620 0.985 0.0739785
14621 0.985 0.0739774
14622 0.985 0.0739607
14623 0.985 0.0739299
14624 0.985 0.0738866
14625 0.985 0.0738624
14626 0.985 0.0738556
14627 0.985 0.0738643
14628 0.985 0.0738869
14629 0.985 0.0738917
14630 0.985 0.0738802
14631 0.985 0.0738543
14632 0.985 0.0738152
14633 0.985 0.0737949
14634 0.985 0.0737915
14635 0.985 0.0738033
14636 0.985 0.0738288
14637 0.985 0.0738665
14638 0.985 0.0739154
14639 0.985 0.0739742
14640 0.985 0.0740115
14641 0.985 0.0740294
14642 0.985 0.0740298
14643 0.985 0.074045
14644 0.985 0.0740736
14645 0.985 0.0741142
14646 0.985 0.0741656
14647 0.985 0.0741963
14648 0.985 0.0742081
14649 0.985 0.0742338
14650 0.985 0.0742717
14651 0.985 0.0742902
14652 0.985 0.0742912
14653 0.985 0.0742763
14654 0.985 0.0742473
14655 0.985 0.0742361
14656 0.985 0.074241
14657 0.985 0.0742604
14658 0.985 0.0742621
14659 0.985 0.074248
14660 0.985 0.0742196
14661 0.985 0.074209
14662 0.985 0.0742144
14663 0.985 0.0742343
14664 0.985 0.0742671
14665 0.985 0.0743117
14666 0.985 0.0743361
14667 0.985 0.0743424
14668 0.985 0.0743323
14669 0.985 0.0743382
14670 0.985 0.0743585
14671 0.985 0.0743715
14672 0.985 0.0743778
14673 0.985 0.0743782
14674 0.985 0.0743732
14675 0.985 0.0743634
14676 0.985 0.0743493
14677 0.985 0.0743312
14678 0.985 0.07433
14679 0.985 0.0743438
14680 0.985 0.0743712
14681 0.985 0.0744108
14682 0.985 0.0744308
14683 0.985 0.0744331
14684 0.985 0.0744195
14685 0.985 0.0743915
14686 0.985 0.0743813
14687 0.985 0.0743872
14688 0.985 0.0743768
14689 0.985 0.0743825
14690 0.985 0.0744026
14691 0.985 0.0744358
14692 0.985 0.07445
14693 0.985 0.0744777
14694 0.985 0.0745178
14695 0.985 0.0745381
14696 0.985 0.0745408
14697 0.985 0.0745581
14698 0.985 0.0745888
14699 0.985 0.0746314
14700 0.985 0.0746541
14701 0.985 0.0746895
14702 0.985 0.0747159
14703 0.985 0.0747344
14704 0.985 0.0747456
14705 0.985 0.0747502
14706 0.985 0.074749
14707 0.985 0.0747629
14708 0.985 0.0747905
14709 0.985 0.0748099
14710 0.985 0.0748219
14711 0.985 0.0748171
14712 0.985 0.074797
14713 0.985 0.0747941
14714 0.985 0.0748065
14715 0.985 0.074802
14716 0.985 0.0747823
14717 0.985 0.0747796
14718 0.985 0.0747924
14719 0.985 0.0748191
14720 0.985 0.0748583
14721 0.985 0.0748778
14722 0.985 0.0748797
14723 0.985 0.0748965
14724 0.985 0.0749269
14725 0.985 0.0749694
14726 0.985 0.0750228
14727 0.985 0.0750861
14728 0.985 0.0751582
14729 0.985 0.0752074
14730 0.985 0.0752462
14731 0.985 0.0752756
14732 0.985 0.0752966
14733 0.985 0.0753099
14734 0.985 0.0753165
14735 0.985 0.0753169
14736 0.985 0.0753117
14737 0.985 0.0753015
14738 0.985 0.0752869
14739 0.985 0.0752681
14740 0.985 0.0752457
14741 0.985 0.07522
14742 0.985 0.0751914
14743 0.985 0.0751807
14744 0.985 0.0751656
14745 0.985 0.0751671
14746 0.985 0.0751836
14747 0.985 0.0752136
14748 0.985 0.0752558
14749 0.985 0.0752882
14750 0.985 0.0753017
14751 0.985 0.0752982
14752 0.985 0.0752794
14753 0.985 0.0752467
14754 0.985 0.0752016
14755 0.985 0.0751453
14756 0.985 0.0750789
14757 0.985 0.0750344
14758 0.985 0.0750095
14759 0.985 0.0750023
14760 0.985 0.0750111
14761 0.985 0.0750342
14762 0.985 0.0750703
14763 0.985 0.075087
14764 0.985 0.0750863
14765 0.985 0.07507
14766 0.985 0.0750396
14767 0.985 0.0750274
14768 0.985 0.0750317
14769 0.985 0.0750507
14770 0.985 0.0750831
14771 0.985 0.0751273
14772 0.985 0.0751515
14773 0.985 0.0751575
14774 0.985 0.0751473
14775 0.985 0.0751224
14776 0.985 0.0750843
14777 0.985 0.0750651
14778 0.985 0.0750632
14779 0.985 0.0750457
14780 0.985 0.0750142
14781 0.985 0.0749701
14782 0.985 0.0749457
14783 0.985 0.074939
14784 0.985 0.0749482
14785 0.985 0.0749719
14786 0.985 0.0750084
14787 0.985 0.0750566
14788 0.985 0.0751153
14789 0.985 0.0751833
14790 0.985 0.0752288
14791 0.985 0.0752541
14792 0.985 0.0752611
14793 0.985 0.0752516
14794 0.985 0.0752584
14795 0.985 0.0752798
14796 0.985 0.0753144
14797 0.985 0.0753608
14798 0.985 0.0754178
14799 0.985 0.0754534
14800 0.985 0.0754698
14801 0.985 0.0754688
14802 0.985 0.0754522
14803 0.985 0.0754525
14804 0.985 0.0754681
14805 0.985 0.0754975
14806 0.985 0.0755392
14807 0.985 0.075592
14808 0.985 0.0756337
14809 0.985 0.0756655
14810 0.985 0.0756884
14811 0.985 0.0757032
14812 0.985 0.0757107
14813 0.985 0.0757118
14814 0.985 0.075697
14815 0.985 0.075668
14816 0.985 0.0756263
14817 0.985 0.075604
14818 0.985 0.0755992
14819 0.985 0.0756102
14820 0.985 0.0756354
14821 0.985 0.0756524
14822 0.985 0.0756618
14823 0.985 0.0756646
14824 0.985 0.0756613
14825 0.985 0.0756737
14826 0.985 0.0757001
14827 0.985 0.075718
14828 0.985 0.0757285
14829 0.985 0.075732
14830 0.985 0.0757295
14831 0.985 0.0757214
14832 0.985 0.0757083
14833 0.985 0.0756908
14834 0.985 0.0756692
14835 0.985 0.0756439
14836 0.985 0.0756055
14837 0.985 0.0755552
14838 0.985 0.0754943
14839 0.985 0.0754547
14840 0.985 0.0754345
14841 0.985 0.0754005
14842 0.985 0.0753542
14843 0.985 0.0752968
14844 0.985 0.0752604
14845 0.985 0.075243
14846 0.985 0.0752427
14847 0.985 0.0752577
14848 0.985 0.0752554
14849 0.985 0.0752377
14850 0.985 0.075237
14851 0.985 0.0752517
14852 0.985 0.0752802
14853 0.985 0.0753212
14854 0.985 0.0753423
14855 0.985 0.0753456
14856 0.985 0.0753639
14857 0.985 0.0753955
14858 0.985 0.0754083
14859 0.985 0.0754041
14860 0.985 0.0753847
14861 0.985 0.0753515
14862 0.985 0.0753059
14863 0.985 0.0752492
14864 0.985 0.0752134
14865 0.985 0.0751964
14866 0.985 0.0751654
14867 0.985 0.0751218
14868 0.985 0.0750668
14869 0.985 0.0750326
14870 0.985 0.075017
14871 0.985 0.0750183
14872 0.985 0.0750347
14873 0.985 0.0750647
14874 0.985 0.0751069
14875 0.985 0.0751602
14876 0.985 0.0751924
14877 0.985 0.0752056
14878 0.985 0.0752019
14879 0.985 0.0752137
14880 0.985 0.0752396
14881 0.985 0.075278
14882 0.985 0.0753065
14883 0.985 0.0753262
14884 0.985 0.0753378
14885 0.985 0.0753635
14886 0.985 0.0753709
14887 0.985 0.0753619
14888 0.985 0.0753382
14889 0.985 0.075332
14890 0.985 0.0753417
14891 0.985 0.0753347
14892 0.985 0.0753436
14893 0.985 0.0753668
14894 0.985 0.0754029
14895 0.985 0.0754197
14896 0.985 0.0754192
14897 0.985 0.075434
14898 0.985 0.0754625
14899 0.985 0.0754725
14900 0.985 0.0754658
14901 0.985 0.075475
14902 0.985 0.0754986
14903 0.985 0.0755351
14904 0.985 0.0755833
14905 0.985 0.0756207
14906 0.985 0.0756483
14907 0.985 0.0756672
14908 0.985 0.0756782
14909 0.985 0.0757034
14910 0.985 0.0757105
14911 0.985 0.0757321
14912 0.985 0.0757456
14913 0.985 0.0757519
14914 0.985 0.0757515
14915 0.985 0.0757453
14916 0.985 0.0757337
14917 0.985 0.0757173
14918 0.985 0.0756967
14919 0.985 0.0756721
14920 0.985 0.0756441
14921 0.985 0.0756129
14922 0.985 0.0756002
14923 0.985 0.0756041
14924 0.985 0.075623
14925 0.985 0.0756553
14926 0.985 0.0756687
14927 0.985 0.075665
14928 0.985 0.075646
14929 0.985 0.0756131
14930 0.985 0.0755989
14931 0.985 0.0756014
14932 0.985 0.075619
14933 0.985 0.0756502
14934 0.985 0.0756625
14935 0.985 0.075658
14936 0.985 0.0756691
14937 0.985 0.0756945
14938 0.985 0.0757113
14939 0.985 0.0757204
14940 0.985 0.0757226
14941 0.985 0.0757185
14942 0.985 0.0757088
14943 0.985 0.075694
14944 0.985 0.0756746
14945 0.985 0.0756512
14946 0.985 0.075624
14947 0.985 0.0755935
14948 0.985 0.0755814
14949 0.985 0.0755858
14950 0.985 0.0756052
14951 0.985 0.0756069
14952 0.985 0.0755927
14953 0.985 0.0755642
14954 0.985 0.0755539
14955 0.985 0.0755601
14956 0.985 0.075581
14957 0.985 0.0756153
14958 0.985 0.0756615
14959 0.985 0.0757185
14960 0.985 0.0757637
14961 0.985 0.0757985
14962 0.985 0.0758237
14963 0.985 0.0758405
14964 0.985 0.0758496
14965 0.985 0.0758732
14966 0.985 0.0759098
14967 0.985 0.0759368
14968 0.985 0.0759551
14969 0.985 0.0759656
14970 0.985 0.0759691
14971 0.985 0.0759663
14972 0.985 0.0759577
14973 0.985 0.075944
14974 0.985 0.0759471
14975 0.985 0.0759654
14976 0.985 0.0759972
14977 0.985 0.0760413
14978 0.985 0.0760965
14979 0.985 0.0761401
14980 0.985 0.0761734
14981 0.985 0.0761973
14982 0.985 0.0762129
14983 0.985 0.0762209
14984 0.985 0.0762221
14985 0.985 0.0762172
14986 0.985 0.0762282
14987 0.985 0.0762536
14988 0.985 0.0762919
14989 0.985 0.0763418
14990 0.985 0.0763807
14991 0.985 0.0764001
14992 0.985 0.0764018
14993 0.985 0.0763877
14994 0.985 0.0763594
14995 0.985 0.0763493
14996 0.985 0.0763557
14997 0.985 0.0763769
14998 0.985 0.0764115
14999 0.985 0.076427
15000 0.985 0.0764251
