14000 0.748469 0.258309
14001 0.748479 0.258342
14002 0.748489 0.258356
14003 0.7485 0.258353
14004 0.74851 0.258335
14005 0.74852 0.258304
14006 0.748531 0.258259
14007 0.748541 0.258204
14008 0.748552 0.258139
14009 0.748562 0.258064
14010 0.748573 0.257981
14011 0.748583 0.257923
14012 0.748594 0.257885
14013 0.748605 0.257836
14014 0.748615 0.257776
14015 0.748626 0.257707
14016 0.748637 0.257629
14017 0.748631 0.257559
14018 0.74861 0.257497
14019 0.748575 0.257442
14020 0.748545 0.257408
14021 0.748519 0.257393
14022 0.748497 0.257395
14023 0.748478 0.257412
14024 0.748462 0.257412
14025 0.748449 0.257396
14026 0.748438 0.257398
14027 0.748429 0.257415
14028 0.748422 0.257414
14029 0.748416 0.257398
14030 0.748413 0.257369
14031 0.74841 0.257326
14032 0.748409 0.257272
14033 0.74841 0.257208
14034 0.748411 0.257166
14035 0.748413 0.257144
14036 0.748415 0.257109
14037 0.748419 0.257061
14038 0.748423 0.257034
14039 0.748428 0.257025
14040 0.748433 0.257032
14041 0.748439 0.257055
14042 0.748445 0.25709
14043 0.748452 0.257138
14044 0.748459 0.257197
14045 0.748466 0.257265
14046 0.748474 0.257342
14047 0.748481 0.257396
14048 0.748489 0.257428
14049 0.748498 0.257442
14050 0.748506 0.257439
14051 0.748515 0.257421
14052 0.748523 0.257389
14053 0.748532 0.257375
14054 0.748542 0.257379
14055 0.748551 0.257398
14056 0.74856 0.257399
14057 0.74857 0.257385
14058 0.748579 0.257356
14059 0.748589 0.257315
14060 0.748599 0.257262
14061 0.748609 0.257199
14062 0.748619 0.257127
14063 0.748629 0.257047
14064 0.748639 0.25699
14065 0.748649 0.256954
14066 0.74866 0.256938
14067 0.74867 0.256907
14068 0.74868 0.256895
14069 0.748691 0.2569
14070 0.748701 0.25692
14071 0.748712 0.256954
14072 0.748722 0.256999
14073 0.748733 0.257056
14074 0.748744 0.257091
14075 0.748754 0.257108
14076 0.748765 0.257107
14077 0.748776 0.257091
14078 0.748786 0.25706
14079 0.748797 0.257018
14080 0.748808 0.256963
14081 0.748819 0.256899
14082 0.74883 0.256826
14083 0.74884 0.256744
14084 0.748851 0.256686
14085 0.748862 0.25665
14086 0.748873 0.256632
14087 0.748885 0.256632
14088 0.748896 0.256648
14089 0.748907 0.256678
14090 0.748918 0.256689
14091 0.748929 0.256683
14092 0.74894 0.256663
14093 0.748952 0.256629
14094 0.748963 0.256582
14095 0.748974 0.256525
14096 0.748985 0.256458
14097 0.748997 0.256414
14098 0.749008 0.256389
14099 0.749019 0.256382
14100 0.74903 0.256392
14101 0.749042 0.256385
14102 0.749053 0.256363
14103 0.749064 0.256328
14104 0.749076 0.256281
14105 0.749087 0.256254
14106 0.749099 0.256245
14107 0.74911 0.256253
14108 0.749122 0.256275
14109 0.749133 0.256311
14110 0.749144 0.256359
14111 0.749156 0.256418
14112 0.749167 0.256486
14113 0.749179 0.256532
14114 0.74919 0.256589
14115 0.749202 0.256656
14116 0.749213 0.2567
14117 0.749225 0.256725
14118 0.749237 0.256731
14119 0.749248 0.256721
14120 0.74926 0.256697
14121 0.749272 0.256659
14122 0.749284 0.25661
14123 0.749296 0.256581
14124 0.749308 0.25654
14125 0.74932 0.256518
14126 0.749332 0.256483
14127 0.749344 0.256435
14128 0.749356 0.256408
14129 0.749368 0.256369
14130 0.749381 0.256317
14131 0.749393 0.256255
14132 0.749405 0.256215
14133 0.749418 0.256195
14134 0.74943 0.256192
14135 0.749442 0.256174
14136 0.749455 0.256142
14137 0.749467 0.256129
14138 0.749479 0.256133
14139 0.749492 0.256152
14140 0.749504 0.256184
14141 0.749517 0.256229
14142 0.749529 0.256285
14143 0.749542 0.256351
14144 0.749554 0.256426
14145 0.749567 0.256478
14146 0.74958 0.256509
14147 0.749592 0.256522
14148 0.749605 0.256518
14149 0.749617 0.256498
14150 0.74963 0.256465
14151 0.749643 0.25642
14152 0.749655 0.256364
14153 0.749668 0.256329
14154 0.749681 0.256312
14155 0.749694 0.256314
14156 0.749706 0.25633
14157 0.749719 0.25636
14158 0.749732 0.256372
14159 0.749745 0.256367
14160 0.749758 0.256348
14161 0.74977 0.256314
14162 0.749783 0.256268
14163 0.749796 0.256212
14164 0.749809 0.256145
14165 0.749822 0.256101
14166 0.749834 0.256077
14167 0.749847 0.25607
14168 0.749861 0.25608
14169 0.749874 0.256073
14170 0.749887 0.256052
14171 0.7499 0.256017
14172 0.749913 0.256001
14173 0.749927 0.256002
14174 0.74994 0.256019
14175 0.749954 0.256049
14176 0.749967 0.256092
14177 0.749981 0.256115
14178 0.749995 0.256121
14179 0.749992 0.256125
14180 0.749973 0.25613
14181 0.749941 0.256134
14182 0.749896 0.256138
14183 0.749841 0.256142
14184 0.749775 0.256145
14185 0.7497 0.256148
14186 0.749617 0.256151
14187 0.749527 0.256154
14188 0.74943 0.256156
14189 0.749327 0.256159
14190 0.749236 0.256177
14191 0.749155 0.256208
14192 0.749083 0.256252
14193 0.74902 0.256307
14194 0.748965 0.256341
14195 0.748916 0.256387
14196 0.748873 0.256444
14197 0.748836 0.25648
14198 0.748803 0.256497
14199 0.748775 0.256496
14200 0.748751 0.25648
14201 0.74873 0.25645
14202 0.748712 0.256407
14203 0.748697 0.256353
14204 0.748685 0.256289
14205 0.748675 0.256216
14206 0.748667 0.256165
14207 0.748661 0.256135
14208 0.748657 0.256124
14209 0.748654 0.256098
14210 0.748653 0.25606
14211 0.748652 0.25604
14212 0.748653 0.256039
14213 0.748655 0.256021
14214 0.748657 0.25599
14215 0.748661 0.255947
14216 0.748665 0.255923
14217 0.74867 0.255918
14218 0.748675 0.255928
14219 0.748681 0.255953
14220 0.748687 0.25596
14221 0.748694 0.255951
14222 0.748701 0.255927
14223 0.748708 0.255921
14224 0.748716 0.255931
14225 0.748724 0.255956
14226 0.748732 0.255994
14227 0.74874 0.256043
14228 0.748749 0.256104
14229 0.748758 0.256173
14230 0.748767 0.256252
14231 0.748776 0.256307
14232 0.748785 0.256341
14233 0.748795 0.256387
14234 0.748804 0.256444
14235 0.748814 0.25648
14236 0.748823 0.256497
14237 0.748833 0.256496
14238 0.748843 0.25648
14239 0.748853 0.256481
14240 0.748863 0.256497
14241 0.748873 0.256528
14242 0.748884 0.25654
14243 0.748894 0.256535
14244 0.748904 0.256515
14245 0.748915 0.256481
14246 0.748925 0.256436
14247 0.748919 0.256395
14248 0.748915 0.256343
14249 0.748912 0.25628
14250 0.74891 0.256208
14251 0.74891 0.256159
14252 0.748911 0.25613
14253 0.748912 0.256089
14254 0.748915 0.256036
14255 0.748918 0.256004
14256 0.748923 0.255991
14257 0.748928 0.255995
14258 0.748933 0.256013
14259 0.748939 0.256046
14260 0.748946 0.256091
14261 0.748953 0.256147
14262 0.74896 0.256181
14263 0.748968 0.256197
14264 0.748976 0.256196
14265 0.748984 0.256179
14266 0.748993 0.256148
14267 0.749001 0.256105
14268 0.74901 0.25605
14269 0.749019 0.256017
14270 0.749028 0.256002
14271 0.749038 0.256005
14272 0.749048 0.256022
14273 0.749058 0.256054
14274 0.749068 0.256067
14275 0.749078 0.256063
14276 0.749088 0.256044
14277 0.749098 0.256011
14278 0.749108 0.255966
14279 0.749119 0.25591
14280 0.749129 0.255843
14281 0.74914 0.255799
14282 0.74915 0.255776
14283 0.749161 0.25577
14284 0.749172 0.255749
14285 0.749182 0.255714
14286 0.749193 0.255667
14287 0.749204 0.25561
14288 0.749215 0.255543
14289 0.749226 0.255466
14290 0.749237 0.255382
14291 0.749248 0.255322
14292 0.74926 0.255284
14293 0.749271 0.255233
14294 0.749282 0.255172
14295 0.749293 0.255102
14296 0.749305 0.255023
14297 0.749316 0.254968
14298 0.749328 0.254934
14299 0.749339 0.254918
14300 0.749351 0.25492
14301 0.749363 0.254937
14302 0.749374 0.254937
14303 0.749386 0.254953
14304 0.749398 0.254951
14305 0.74941 0.254934
14306 0.749422 0.254903
14307 0.749434 0.25486
14308 0.749445 0.254805
14309 0.749457 0.254771
14310 0.74947 0.254757
14311 0.749482 0.254759
14312 0.749494 0.254745
14313 0.749506 0.254718
14314 0.749518 0.254708
14315 0.749531 0.254715
14316 0.749543 0.254737
14317 0.749556 0.254773
14318 0.749568 0.254789
14319 0.749581 0.254788
14320 0.749593 0.254803
14321 0.749606 0.254831
14322 0.749619 0.254873
14323 0.749631 0.254926
14324 0.749644 0.254989
14325 0.749657 0.25503
14326 0.74967 0.255052
14327 0.749683 0.255056
14328 0.749696 0.255043
14329 0.749709 0.255017
14330 0.749721 0.254977
14331 0.749734 0.254926
14332 0.749747 0.254865
14333 0.74976 0.254825
14334 0.749773 0.254805
14335 0.749786 0.254771
14336 0.749799 0.254725
14337 0.749812 0.254668
14338 0.749825 0.254632
14339 0.749839 0.254615
14340 0.749852 0.254616
14341 0.749865 0.254601
14342 0.749879 0.254572
14343 0.749892 0.25453
14344 0.749906 0.254508
14345 0.749919 0.254472
14346 0.749932 0.254425
14347 0.749946 0.254398
14348 0.749959 0.254389
14349 0.749973 0.254397
14350 0.749986 0.254419
14351 0.749999 0.254424
14352 0.750013 0.254412
14353 0.750026 0.254386
14354 0.75004 0.254348
14355 0.750053 0.254297
14356 0.750067 0.254236
14357 0.750081 0.254197
14358 0.750094 0.254177
14359 0.750108 0.254174
14360 0.750121 0.254188
14361 0.750135 0.254216
14362 0.750149 0.254256
14363 0.750162 0.254309
14364 0.750176 0.25434
14365 0.75019 0.254353
14366 0.750204 0.254348
14367 0.750218 0.254329
14368 0.750231 0.254296
14369 0.750245 0.25425
14370 0.750259 0.254194
14371 0.750273 0.254128
14372 0.750287 0.254084
14373 0.750302 0.254059
14374 0.750316 0.254053
14375 0.750313 0.254047
14376 0.750295 0.254041
14377 0.750263 0.254036
14378 0.750218 0.25403
14379 0.75018 0.254041
14380 0.750146 0.254035
14381 0.750118 0.254045
14382 0.750093 0.254069
14383 0.750073 0.254076
14384 0.750056 0.254098
14385 0.750042 0.254132
14386 0.750031 0.25418
14387 0.750022 0.254206
14388 0.750016 0.254215
14389 0.750012 0.254207
14390 0.750009 0.254215
14391 0.750008 0.254207
14392 0.750009 0.254184
14393 0.750011 0.254148
14394 0.750015 0.254132
14395 0.750019 0.254132
14396 0.750024 0.254148
14397 0.750031 0.254147
14398 0.750038 0.25413
14399 0.750046 0.25413
14400 0.750054 0.254147
14401 0.750063 0.254177
14402 0.750073 0.254219
14403 0.750083 0.254273
14404 0.750094 0.254337
14405 0.750105 0.254379
14406 0.750116 0.254402
14407 0.750127 0.254406
14408 0.750139 0.254395
14409 0.750151 0.254369
14410 0.750163 0.25433
14411 0.750175 0.254279
14412 0.750188 0.254217
14413 0.7502 0.254147
14414 0.750213 0.254099
14415 0.750226 0.254071
14416 0.750239 0.25403
14417 0.750252 0.253978
14418 0.750266 0.253947
14419 0.750279 0.253934
14420 0.750293 0.253938
14421 0.750307 0.253958
14422 0.750321 0.25396
14423 0.750335 0.253946
14424 0.750349 0.253918
14425 0.750363 0.253908
14426 0.750377 0.253915
14427 0.750391 0.253936
14428 0.750406 0.253972
14429 0.75042 0.253988
14430 0.750435 0.253986
14431 0.750449 0.25397
14432 0.750463 0.253939
14433 0.750478 0.253896
14434 0.750492 0.253842
14435 0.750506 0.253777
14436 0.750521 0.253734
14437 0.750535 0.253712
14438 0.75055 0.253707
14439 0.750565 0.253718
14440 0.750581 0.253744
14441 0.750596 0.253782
14442 0.750612 0.253833
14443 0.750628 0.253894
14444 0.750643 0.253933
14445 0.750659 0.253953
14446 0.750675 0.253986
14447 0.75069 0.254001
14448 0.750706 0.253998
14449 0.750722 0.25398
14450 0.75072 0.253964
14451 0.75072 0.253933
14452 0.750722 0.25389
14453 0.750725 0.253836
14454 0.750729 0.253772
14455 0.750734 0.253698
14456 0.750741 0.253648
14457 0.750748 0.253618
14458 0.750757 0.253575
14459 0.750766 0.253552
14460 0.750776 0.253516
14461 0.750787 0.253499
14462 0.750798 0.253469
14463 0.75081 0.253425
14464 0.750822 0.253371
14465 0.750834 0.253337
14466 0.750847 0.253323
14467 0.75086 0.253294
14468 0.750874 0.253252
14469 0.750888 0.253199
14470 0.750902 0.253167
14471 0.750916 0.253154
14472 0.750931 0.253127
14473 0.750946 0.253086
14474 0.750961 0.253034
14475 0.750976 0.252972
14476 0.750991 0.252931
14477 0.751006 0.252911
14478 0.751022 0.252907
14479 0.751038 0.25292
14480 0.751054 0.252947
14481 0.75107 0.252956
14482 0.751086 0.252948
14483 0.751102 0.252925
14484 0.751118 0.252889
14485 0.751134 0.252873
14486 0.75115 0.252873
14487 0.751166 0.252889
14488 0.751182 0.252888
14489 0.751198 0.252872
14490 0.751214 0.252841
14491 0.75123 0.252829
14492 0.751247 0.252834
14493 0.751263 0.252823
14494 0.751279 0.252797
14495 0.751296 0.252789
14496 0.751312 0.252798
14497 0.751328 0.252822
14498 0.751345 0.252859
14499 0.751362 0.252876
14500 0.751378 0.252876
14501 0.751395 0.252892
14502 0.751411 0.252922
14503 0.751428 0.252964
14504 0.751445 0.253018
14505 0.751462 0.253082
14506 0.751479 0.253124
14507 0.751496 0.253177
14508 0.751513 0.253241
14509 0.75153 0.253283
14510 0.751547 0.253304
14511 0.751564 0.25334
14512 0.751581 0.253356
14513 0.751598 0.253386
14514 0.751615 0.253398
14515 0.751632 0.253392
14516 0.751649 0.253403
14517 0.751666 0.253397
14518 0.751682 0.253377
14519 0.751699 0.253342
14520 0.751716 0.253296
14521 0.751733 0.25327
14522 0.75175 0.253262
14523 0.751767 0.25327
14524 0.751784 0.253293
14525 0.751801 0.253298
14526 0.751818 0.253287
14527 0.751835 0.253262
14528 0.751851 0.253224
14529 0.751868 0.253173
14530 0.751885 0.253113
14531 0.751902 0.253073
14532 0.751919 0.253023
14533 0.751936 0.252961
14534 0.751953 0.252891
14535 0.751969 0.252811
14536 0.751986 0.252756
14537 0.752003 0.252721
14538 0.752021 0.252705
14539 0.752021 0.252691
14540 0.752005 0.252677
14541 0.751992 0.25268
14542 0.751983 0.252698
14543 0.751976 0.25273
14544 0.751972 0.252775
14545 0.75197 0.252831
14546 0.75197 0.252896
14547 0.751972 0.25294
14548 0.751975 0.252963
14549 0.75198 0.252969
14550 0.751986 0.252958
14551 0.751993 0.252933
14552 0.752 0.252894
14553 0.752009 0.252875
14554 0.752019 0.252843
14555 0.75203 0.252798
14556 0.752041 0.252773
14557 0.752053 0.252766
14558 0.752066 0.252744
14559 0.752079 0.252709
14560 0.752092 0.252693
14561 0.752106 0.252694
14562 0.75212 0.252711
14563 0.752118 0.252725
14564 0.752099 0.252738
14565 0.752085 0.252764
14566 0.752074 0.252804
14567 0.752065 0.252824
14568 0.752059 0.252826
14569 0.752055 0.252813
14570 0.752053 0.252816
14571 0.752053 0.252835
14572 0.752055 0.252836
14573 0.752058 0.252822
14574 0.752062 0.252793
14575 0.752067 0.252752
14576 0.752074 0.252699
14577 0.752081 0.252636
14578 0.75209 0.252563
14579 0.752099 0.252482
14580 0.752108 0.252425
14581 0.752119 0.252389
14582 0.75213 0.252373
14583 0.752142 0.252342
14584 0.752154 0.252299
14585 0.752166 0.252276
14586 0.752179 0.252239
14587 0.752192 0.252191
14588 0.752205 0.252131
14589 0.752219 0.252063
14590 0.752233 0.251985
14591 0.752246 0.251899
14592 0.752261 0.251838
14593 0.752275 0.251798
14594 0.75229 0.251778
14595 0.752304 0.251745
14596 0.752319 0.251699
14597 0.752334 0.251642
14598 0.752349 0.251606
14599 0.752364 0.25159
14600 0.75238 0.251591
14601 0.752395 0.251607
14602 0.752411 0.251606
14603 0.752426 0.251589
14604 0.752442 0.251559
14605 0.75244 0.251531
14606 0.752423 0.251504
14607 0.752392 0.25148
14608 0.752366 0.251442
14609 0.752344 0.251392
14610 0.752325 0.251332
14611 0.75231 0.251262
14612 0.752298 0.251183
14613 0.752289 0.251097
14614 0.752282 0.251035
14615 0.752278 0.250995
14616 0.752276 0.250974
14617 0.752276 0.25094
14618 0.752277 0.250894
14619 0.752279 0.250836
14620 0.752283 0.2508
14621 0.752288 0.250783
14622 0.752294 0.250784
14623 0.752301 0.2508
14624 0.752309 0.250799
14625 0.752318 0.250782
14626 0.752327 0.250751
14627 0.752337 0.250708
14628 0.752348 0.250654
14629 0.752359 0.250589
14630 0.75237 0.250546
14631 0.752382 0.250493
14632 0.752394 0.250428
14633 0.752406 0.250355
14634 0.752419 0.250273
14635 0.752432 0.250184
14636 0.752445 0.25012
14637 0.752459 0.250077
14638 0.752472 0.250054
14639 0.752486 0.250018
14640 0.7525 0.24997
14641 0.752514 0.249911
14642 0.752528 0.249843
14643 0.752542 0.249765
14644 0.752556 0.24968
14645 0.75257 0.249588
14646 0.752585 0.249489
14647 0.752599 0.249416
14648 0.752613 0.249334
14649 0.752627 0.249277
14650 0.752642 0.249209
14651 0.752656 0.249164
14652 0.752671 0.249107
14653 0.752685 0.249041
14654 0.752699 0.248966
14655 0.752714 0.248913
14656 0.752728 0.248882
14657 0.752743 0.24887
14658 0.752757 0.248843
14659 0.752771 0.248803
14660 0.752786 0.248751
14661 0.7528 0.248689
14662 0.752814 0.248618
14663 0.752829 0.248538
14664 0.752843 0.248481
14665 0.752857 0.248446
14666 0.752872 0.248399
14667 0.752886 0.248341
14668 0.752901 0.248273
14669 0.752915 0.248196
14670 0.752929 0.248111
14671 0.752943 0.248019
14672 0.752958 0.247952
14673 0.752972 0.247907
14674 0.752987 0.247882
14675 0.753001 0.247845
14676 0.753016 0.247795
14677 0.75303 0.247734
14678 0.753044 0.247664
14679 0.753059 0.247617
14680 0.753073 0.24759
14681 0.753088 0.24755
14682 0.753102 0.247499
14683 0.753116 0.247436
14684 0.753131 0.247396
14685 0.753146 0.247376
14686 0.75316 0.247373
14687 0.753175 0.247354
14688 0.753189 0.247322
14689 0.753204 0.247278
14690 0.753218 0.247222
14691 0.753233 0.247157
14692 0.753248 0.247082
14693 0.753262 0.246999
14694 0.753277 0.246909
14695 0.753292 0.246812
14696 0.753289 0.246722
14697 0.753272 0.246639
14698 0.753257 0.24658
14699 0.753246 0.246511
14700 0.753237 0.246433
14701 0.753231 0.246379
14702 0.753226 0.246314
14703 0.753224 0.246241
14704 0.753223 0.246159
14705 0.753224 0.246101
14706 0.753226 0.246064
14707 0.75323 0.246047
14708 0.753234 0.246046
14709 0.75324 0.246031
14710 0.753246 0.246001
14711 0.753253 0.245959
14712 0.753244 0.245918
14713 0.75322 0.245878
14714 0.753184 0.245839
14715 0.753135 0.245802
14716 0.753076 0.245765
14717 0.753025 0.245748
14718 0.752979 0.245717
14719 0.75294 0.245673
14720 0.752906 0.245618
14721 0.752876 0.245553
14722 0.752851 0.24551
14723 0.752829 0.245487
14724 0.752811 0.245482
14725 0.752796 0.245462
14726 0.752784 0.245428
14727 0.752774 0.245413
14728 0.752767 0.245415
14729 0.752761 0.245402
14730 0.752758 0.245374
14731 0.752755 0.245333
14732 0.752755 0.245281
14733 0.752755 0.245218
14734 0.752757 0.245146
14735 0.752759 0.245097
14736 0.752763 0.245037
14737 0.752767 0.244968
14738 0.752773 0.244889
14739 0.752779 0.244835
14740 0.752785 0.244801
14741 0.752793 0.244786
14742 0.7528 0.244758
14743 0.752809 0.244716
14744 0.752817 0.244663
14745 0.752826 0.244599
14746 0.752835 0.244527
14747 0.752845 0.244445
14748 0.752855 0.244388
14749 0.752865 0.244352
14750 0.752875 0.244304
14751 0.752886 0.244245
14752 0.752896 0.244177
14753 0.752907 0.244099
14754 0.752918 0.244014
14755 0.752929 0.243921
14756 0.75294 0.243854
14757 0.752951 0.243809
14758 0.752963 0.243784
14759 0.752975 0.243745
14760 0.752986 0.243695
14761 0.752998 0.243635
14762 0.753009 0.243564
14763 0.753021 0.243486
14764 0.753032 0.243399
14765 0.753044 0.243305
14766 0.753056 0.243205
14767 0.753067 0.2431
14768 0.753079 0.242989
14769 0.753091 0.242874
14770 0.753102 0.242754
14771 0.753114 0.242662
14772 0.753126 0.242595
14773 0.753138 0.242551
14774 0.753151 0.242526
14775 0.753163 0.242488
14776 0.753175 0.242439
14777 0.753187 0.242378
14778 0.753199 0.242308
14779 0.753211 0.242229
14780 0.753223 0.242143
14781 0.753235 0.242049
14782 0.753247 0.241949
14783 0.753259 0.241844
14784 0.75327 0.241733
14785 0.753282 0.241618
14786 0.753294 0.241498
14787 0.753306 0.241375
14788 0.753318 0.24128
14789 0.75333 0.24121
14790 0.753342 0.241163
14791 0.753354 0.241136
14792 0.753366 0.241096
14793 0.753378 0.241044
14794 0.75339 0.240982
14795 0.753402 0.240942
14796 0.753414 0.240921
14797 0.753426 0.240887
14798 0.753438 0.240841
14799 0.75345 0.240783
14800 0.753462 0.240747
14801 0.753473 0.240731
14802 0.753485 0.240731
14803 0.753497 0.240747
14804 0.753509 0.240777
14805 0.75352 0.240789
14806 0.753532 0.240784
14807 0.753544 0.240763
14808 0.753556 0.240729
14809 0.753568 0.240683
14810 0.75358 0.240626
14811 0.753592 0.24059
14812 0.753604 0.240573
14813 0.753616 0.240574
14814 0.753628 0.24059
14815 0.75364 0.24062
14816 0.753652 0.240632
14817 0.753664 0.240626
14818 0.753676 0.240606
14819 0.753688 0.240572
14820 0.7537 0.240526
14821 0.753712 0.2405
14822 0.753724 0.240492
14823 0.753736 0.240469
14824 0.753748 0.240433
14825 0.75376 0.240385
14826 0.753772 0.240358
14827 0.753784 0.240349
14828 0.753796 0.240356
14829 0.753808 0.240347
14830 0.75382 0.240323
14831 0.753833 0.240286
14832 0.753845 0.240237
14833 0.753857 0.240209
14834 0.753869 0.240199
14835 0.753865 0.240186
14836 0.753846 0.24017
14837 0.753814 0.240152
14838 0.753787 0.240151
14839 0.753763 0.240166
14840 0.753743 0.240195
14841 0.753726 0.240237
14842 0.753712 0.240259
14843 0.753701 0.240263
14844 0.753692 0.240251
14845 0.753685 0.240225
14846 0.753679 0.240217
14847 0.753676 0.240225
14848 0.753674 0.240248
14849 0.753673 0.240285
14850 0.753674 0.240302
14851 0.753676 0.240302
14852 0.753678 0.240286
14853 0.753682 0.240256
14854 0.753686 0.240214
14855 0.75369 0.240191
14856 0.753696 0.240187
14857 0.753702 0.240198
14858 0.753708 0.240193
14859 0.753715 0.240172
14860 0.753722 0.240138
14861 0.75373 0.240092
14862 0.753738 0.240034
14863 0.753746 0.239967
14864 0.753754 0.239891
14865 0.753763 0.239838
14866 0.753772 0.239806
14867 0.753781 0.239761
14868 0.75379 0.239706
14869 0.753799 0.23964
14870 0.753809 0.239565
14871 0.753818 0.239482
14872 0.753827 0.239392
14873 0.753837 0.239294
14874 0.753847 0.239191
14875 0.753856 0.239083
14876 0.753866 0.23897
14877 0.753876 0.238884
14878 0.753885 0.23879
14879 0.753895 0.238691
14880 0.753905 0.238585
14881 0.753915 0.238475
14882 0.753924 0.23836
14883 0.753934 0.238272
14884 0.753944 0.238208
14885 0.753954 0.238167
14886 0.753964 0.238145
14887 0.753974 0.238142
14888 0.753984 0.238154
14889 0.753994 0.238181
14890 0.754004 0.238221
14891 0.754014 0.238272
14892 0.754024 0.238303
14893 0.754034 0.238315
14894 0.754044 0.23831
14895 0.754054 0.238289
14896 0.754064 0.238255
14897 0.754074 0.238209
14898 0.754083 0.238152
14899 0.754093 0.238085
14900 0.754103 0.23804
14901 0.754113 0.237984
14902 0.754123 0.237917
14903 0.754133 0.237842
14904 0.754142 0.237759
14905 0.754152 0.237668
14906 0.754162 0.237602
14907 0.754172 0.237558
14908 0.754182 0.237535
14909 0.754193 0.237498
14910 0.754203 0.23748
14911 0.754213 0.23748
14912 0.754223 0.237495
14913 0.754234 0.237525
14914 0.754244 0.237536
14915 0.754255 0.237562
14916 0.754266 0.237601
14917 0.754276 0.23762
14918 0.754287 0.237621
14919 0.754298 0.237638
14920 0.754309 0.237638
14921 0.754319 0.237622
14922 0.75433 0.237592
14923 0.754341 0.237549
14924 0.754351 0.237495
14925 0.754362 0.237462
14926 0.754373 0.237448
14927 0.754384 0.237451
14928 0.754396 0.237438
14929 0.754407 0.23741
14930 0.754418 0.23737
14931 0.754429 0.237349
14932 0.75444 0.237347
14933 0.754451 0.237328
14934 0.754462 0.237296
14935 0.754473 0.237252
14936 0.754484 0.237196
14937 0.754496 0.23713
14938 0.754507 0.237055
14939 0.754518 0.236972
14940 0.754529 0.236913
14941 0.75454 0.236844
14942 0.754551 0.236766
14943 0.754563 0.236712
14944 0.754574 0.236647
14945 0.754585 0.236573
14946 0.754597 0.236491
14947 0.754608 0.236433
14948 0.75462 0.236397
14949 0.754631 0.236379
14950 0.754643 0.236348
14951 0.754654 0.236304
14952 0.754666 0.23628
14953 0.754678 0.236275
14954 0.754689 0.236285
14955 0.754701 0.236279
14956 0.754713 0.236258
14957 0.754725 0.236254
14958 0.754737 0.236267
14959 0.754749 0.236262
14960 0.754761 0.236243
14961 0.754773 0.236241
14962 0.754785 0.236255
14963 0.754797 0.236283
14964 0.75481 0.236324
14965 0.754822 0.236345
14966 0.754834 0.236379
14967 0.754847 0.236426
14968 0.754859 0.236453
14969 0.754872 0.236461
14970 0.754884 0.236453
14971 0.754897 0.23643
14972 0.754909 0.236393
14973 0.754922 0.236345
14974 0.754934 0.236285
14975 0.754947 0.236247
14976 0.75496 0.236229
14977 0.754973 0.236228
14978 0.754986 0.236212
14979 0.754999 0.236181
14980 0.755011 0.236138
14981 0.755024 0.236084
14982 0.755037 0.236019
14983 0.755051 0.235977
14984 0.755064 0.235923
14985 0.755077 0.23589
14986 0.75509 0.235876
14987 0.755103 0.235848
14988 0.755117 0.235838
14989 0.75513 0.235813
14990 0.755143 0.235776
14991 0.755157 0.235757
14992 0.75517 0.235757
14993 0.755184 0.235772
14994 0.755197 0.23577
14995 0.755211 0.235752
14996 0.755225 0.23572
14997 0.755238 0.235676
14998 0.755252 0.235653
14999 0.755266 0.235647
15000 0.755279 0.235626
