14000 0.892947 0.465418
14001 0.892936 0.465413
14002 0.892913 0.465401
14003 0.892879 0.465381
14004 0.892862 0.465371
14005 0.89286 0.46537
14006 0.892872 0.465377
14007 0.892897 0.465391
14008 0.892905 0.465395
14009 0.892927 0.465407
14010 0.892959 0.465425
14011 0.893002 0.465449
14012 0.893028 0.465462
14013 0.893064 0.465482
14014 0.893084 0.465492
14015 0.893088 0.465493
14016 0.893079 0.465485
14017 0.893057 0.46547
14018 0.893024 0.465449
14019 0.892981 0.465421
14020 0.892929 0.465388
14021 0.892895 0.465351
14022 0.892879 0.465309
14023 0.892877 0.465264
14024 0.892889 0.465216
14025 0.892914 0.465164
14026 0.892949 0.465109
14027 0.892995 0.465053
14028 0.893049 0.465009
14029 0.893112 0.464978
14030 0.893182 0.464957
14031 0.893232 0.46493
14032 0.893263 0.464898
14033 0.893278 0.464861
14034 0.893278 0.46482
14035 0.893265 0.464774
14036 0.89324 0.464725
14037 0.893204 0.464673
14038 0.893185 0.464633
14039 0.893181 0.464605
14040 0.893192 0.464588
14041 0.893192 0.464585
14042 0.893184 0.464595
14043 0.893168 0.464617
14044 0.893144 0.46465
14045 0.893113 0.464692
14046 0.893073 0.464722
14047 0.893023 0.464741
14048 0.892992 0.464766
14049 0.892977 0.464795
14050 0.892977 0.46483
14051 0.892991 0.464869
14052 0.893017 0.464912
14053 0.893055 0.464958
14054 0.893102 0.465008
14055 0.89313 0.465044
14056 0.893143 0.465069
14057 0.893141 0.465083
14058 0.893153 0.465104
14059 0.893177 0.46513
14060 0.893212 0.465161
14061 0.89323 0.465181
14062 0.89326 0.465208
14063 0.893301 0.465239
14064 0.893351 0.465275
14065 0.89341 0.465315
14066 0.893476 0.465358
14067 0.893522 0.46539
14068 0.89355 0.46541
14069 0.893562 0.46542
14070 0.89356 0.465422
14071 0.893571 0.465431
14072 0.893595 0.465447
14073 0.893629 0.465469
14074 0.893674 0.465496
14075 0.893701 0.465513
14076 0.893712 0.465521
14077 0.893735 0.465535
14078 0.893769 0.465556
14079 0.893814 0.465582
14080 0.89384 0.465598
14081 0.893851 0.465604
14082 0.893874 0.465617
14083 0.893908 0.465637
14084 0.893953 0.465662
14085 0.894006 0.465693
14086 0.894041 0.465713
14087 0.894059 0.465722
14088 0.894062 0.465722
14089 0.894052 0.465714
14090 0.894056 0.465715
14091 0.894073 0.465724
14092 0.894101 0.465739
14093 0.894119 0.465766
14094 0.894126 0.465804
14095 0.894123 0.46585
14096 0.894113 0.465906
14097 0.894117 0.465963
14098 0.894107 0.466007
14099 0.894085 0.466038
14100 0.894052 0.466058
14101 0.894036 0.466084
14102 0.894035 0.466115
14103 0.894047 0.466151
14104 0.894044 0.466176
14105 0.894029 0.466189
14106 0.894002 0.466194
14107 0.893964 0.466189
14108 0.89393 0.46617
14109 0.8939 0.466137
14110 0.893873 0.466091
14111 0.893849 0.466034
14112 0.893828 0.465968
14113 0.893809 0.465892
14114 0.893792 0.465808
14115 0.89379 0.465741
14116 0.893802 0.465689
14117 0.893827 0.465649
14118 0.893862 0.465622
14119 0.893907 0.465605
14120 0.893961 0.465598
14121 0.89401 0.465576
14122 0.894067 0.465564
14123 0.894105 0.465545
14124 0.894153 0.465536
14125 0.894183 0.46552
14126 0.894196 0.465497
14127 0.894222 0.465484
14128 0.894259 0.465481
14129 0.894305 0.465485
14130 0.89436 0.465497
14131 0.894397 0.4655
14132 0.894416 0.465494
14133 0.89442 0.465481
14134 0.894437 0.465477
14135 0.894467 0.465481
14136 0.894479 0.465476
14137 0.894504 0.46548
14138 0.894541 0.465491
14139 0.89456 0.465493
14140 0.894564 0.465487
14141 0.894554 0.465473
14142 0.894531 0.465453
14143 0.894498 0.465426
14144 0.894454 0.465394
14145 0.894401 0.465358
14146 0.89434 0.465317
14147 0.894299 0.465287
14148 0.894249 0.465253
14149 0.89419 0.465214
14150 0.894124 0.465171
14151 0.894055 0.465145
14152 0.894007 0.46513
14153 0.893977 0.465124
14154 0.893964 0.465126
14155 0.893966 0.465136
14156 0.893981 0.465153
14157 0.893981 0.46516
14158 0.893967 0.465158
14159 0.893942 0.465148
14160 0.893933 0.465147
14161 0.893911 0.465138
14162 0.893878 0.465122
14163 0.893835 0.4651
14164 0.89381 0.465087
14165 0.893801 0.465084
14166 0.893806 0.465088
14167 0.893825 0.4651
14168 0.893855 0.465118
14169 0.893896 0.465143
14170 0.893946 0.465172
14171 0.893978 0.465191
14172 0.893993 0.465199
14173 0.893994 0.465199
14174 0.893981 0.46519
14175 0.893955 0.465175
14176 0.893947 0.465168
14177 0.893952 0.46517
14178 0.893971 0.465179
14179 0.893979 0.4652
14180 0.893977 0.465232
14181 0.893967 0.465274
14182 0.893949 0.465325
14183 0.893924 0.465383
14184 0.893893 0.465449
14185 0.893856 0.465521
14186 0.893814 0.465598
14187 0.893764 0.46566
14188 0.893704 0.465708
14189 0.893638 0.465742
14190 0.893592 0.465781
14191 0.893564 0.465823
14192 0.893552 0.46587
14193 0.893555 0.465919
14194 0.893544 0.465955
14195 0.893521 0.46598
14196 0.893487 0.465993
14197 0.893444 0.465997
14198 0.893418 0.466009
14199 0.893408 0.466027
14200 0.893386 0.466036
14201 0.893379 0.466051
14202 0.893387 0.466073
14203 0.893407 0.4661
14204 0.893412 0.466117
14205 0.89343 0.46614
14206 0.89346 0.466168
14207 0.8935 0.466201
14208 0.893523 0.466224
14209 0.89353 0.466235
14210 0.893523 0.466238
14211 0.89353 0.466248
14212 0.89355 0.466265
14213 0.893555 0.466272
14214 0.893573 0.466286
14215 0.893602 0.466307
14216 0.893642 0.466334
14217 0.893691 0.466365
14218 0.893723 0.466386
14219 0.893737 0.466397
14220 0.893764 0.466414
14221 0.893774 0.466421
14222 0.89377 0.46642
14223 0.893753 0.466411
14224 0.893725 0.466395
14225 0.893685 0.466372
14226 0.893663 0.466344
14227 0.893657 0.466311
14228 0.893665 0.466274
14229 0.893686 0.466232
14230 0.893718 0.466186
14231 0.893761 0.466138
14232 0.893786 0.466086
14233 0.893795 0.466031
14234 0.893816 0.46599
14235 0.893849 0.46596
14236 0.893892 0.465942
14237 0.893945 0.465933
14238 0.893979 0.465916
14239 0.893996 0.465894
14240 0.893998 0.465865
14241 0.893986 0.465832
14242 0.893962 0.465794
14243 0.893927 0.465751
14244 0.893909 0.465721
14245 0.893907 0.465701
14246 0.893918 0.465691
14247 0.893942 0.46569
14248 0.893977 0.465697
14249 0.893995 0.465695
14250 0.893998 0.465685
14251 0.893987 0.465668
14252 0.893964 0.465645
14253 0.893929 0.465616
14254 0.893885 0.465582
14255 0.893837 0.465564
14256 0.893806 0.465555
14257 0.89377 0.465561
14258 0.893729 0.465579
14259 0.893706 0.465602
14260 0.893698 0.465631
14261 0.893705 0.465666
14262 0.893724 0.465704
14263 0.893755 0.465746
14264 0.893797 0.465792
14265 0.893821 0.465825
14266 0.893829 0.465847
14267 0.893823 0.465859
14268 0.893804 0.465861
14269 0.893774 0.465855
14270 0.893734 0.465841
14271 0.893711 0.465837
14272 0.893704 0.46584
14273 0.893711 0.465851
14274 0.893731 0.465869
14275 0.893763 0.465893
14276 0.893805 0.465923
14277 0.893856 0.465957
14278 0.893889 0.46598
14279 0.893932 0.466008
14280 0.893958 0.466025
14281 0.893968 0.466032
14282 0.893963 0.46603
14283 0.893946 0.46602
14284 0.893917 0.466003
14285 0.893878 0.465979
14286 0.893856 0.465965
14287 0.89385 0.465961
14288 0.893858 0.465965
14289 0.893879 0.465976
14290 0.893911 0.465994
14291 0.893954 0.466018
14292 0.894005 0.466048
14293 0.894065 0.466082
14294 0.894133 0.466121
14295 0.89418 0.466148
14296 0.89421 0.466164
14297 0.894223 0.46617
14298 0.894248 0.466168
14299 0.894285 0.466158
14300 0.894331 0.466142
14301 0.894386 0.466119
14302 0.89445 0.466091
14303 0.89452 0.466058
14304 0.894598 0.46602
14305 0.894681 0.465979
14306 0.894769 0.465933
14307 0.894862 0.465884
14308 0.894937 0.465854
14309 0.894991 0.465818
14310 0.895026 0.465777
14311 0.895045 0.465733
14312 0.895048 0.465685
14313 0.895038 0.465633
14314 0.895042 0.465595
14315 0.89506 0.465568
14316 0.895089 0.465551
14317 0.895129 0.465544
14318 0.895179 0.465545
14319 0.895237 0.465553
14320 0.895276 0.465553
14321 0.895298 0.465544
14322 0.895332 0.465544
14323 0.895375 0.465552
14324 0.895428 0.465567
14325 0.895463 0.465572
14326 0.89548 0.465568
14327 0.89551 0.465573
14328 0.89555 0.465584
14329 0.895599 0.465602
14330 0.895631 0.46561
14331 0.895646 0.46561
14332 0.895673 0.465617
14333 0.895711 0.46563
14334 0.895758 0.46565
14335 0.895815 0.465676
14336 0.895853 0.465691
14337 0.895878 0.465718
14338 0.895893 0.465755
14339 0.89592 0.465796
14340 0.895957 0.46584
14341 0.895978 0.465872
14342 0.895983 0.465893
14343 0.896002 0.465919
14344 0.896032 0.46595
14345 0.896073 0.465986
14346 0.896096 0.466009
14347 0.896104 0.466023
14348 0.896098 0.466026
14349 0.896079 0.466021
14350 0.896048 0.466008
14351 0.896007 0.465989
14352 0.895957 0.465963
14353 0.895926 0.465947
14354 0.895911 0.46594
14355 0.895885 0.465926
14356 0.895848 0.465905
14357 0.895828 0.465894
14358 0.895824 0.465891
14359 0.895834 0.465897
14360 0.895835 0.465915
14361 0.895827 0.465944
14362 0.895811 0.465984
14363 0.895811 0.466027
14364 0.895824 0.466073
14365 0.89585 0.466123
14366 0.89586 0.466159
14367 0.895855 0.466184
14368 0.895865 0.466214
14369 0.895887 0.466248
14370 0.895894 0.466271
14371 0.895887 0.466283
14372 0.895867 0.466286
14373 0.895841 0.466302
14374 0.895808 0.466329
14375 0.895771 0.466367
14376 0.895729 0.466414
14377 0.895683 0.46647
14378 0.895655 0.466527
14379 0.895643 0.466587
14380 0.895646 0.466649
14381 0.895662 0.466712
14382 0.895663 0.466761
14383 0.89565 0.466797
14384 0.895626 0.466821
14385 0.89559 0.466835
14386 0.895544 0.46684
14387 0.89549 0.466837
14388 0.895427 0.466826
14389 0.895384 0.466824
14390 0.895359 0.466814
14391 0.89535 0.466797
14392 0.895356 0.466775
14393 0.895374 0.466747
14394 0.895405 0.466714
14395 0.895419 0.466676
14396 0.895418 0.466634
14397 0.895403 0.466588
14398 0.895377 0.466539
14399 0.895339 0.466486
14400 0.895292 0.466431
14401 0.895236 0.466374
14402 0.895173 0.466314
14403 0.895129 0.466268
14404 0.895103 0.466234
14405 0.895066 0.466196
14406 0.89502 0.466153
14407 0.894991 0.466123
14408 0.89498 0.466103
14409 0.894983 0.466093
14410 0.894999 0.466092
14411 0.895027 0.466099
14412 0.895039 0.466097
14413 0.895036 0.466087
14414 0.895021 0.46607
14415 0.894993 0.466046
14416 0.894955 0.466017
14417 0.894907 0.465982
14418 0.894851 0.465943
14419 0.894814 0.465915
14420 0.894794 0.465898
14421 0.89479 0.46589
14422 0.894778 0.465896
14423 0.89478 0.465909
14424 0.894795 0.465929
14425 0.894796 0.465938
14426 0.894783 0.465939
14427 0.894785 0.465947
14428 0.894801 0.465962
14429 0.894828 0.465984
14430 0.894844 0.466016
14431 0.894849 0.466057
14432 0.894868 0.466103
14433 0.894898 0.466152
14434 0.894939 0.466203
14435 0.894962 0.466242
14436 0.894996 0.466268
14437 0.895014 0.466284
14438 0.895016 0.466291
14439 0.895005 0.466288
14440 0.894986 0.466299
14441 0.894955 0.466301
14442 0.894914 0.466294
14443 0.894864 0.46628
14444 0.894832 0.46626
14445 0.894817 0.466234
14446 0.894817 0.466203
14447 0.894831 0.466182
14448 0.894857 0.466172
14449 0.894893 0.46617
14450 0.894913 0.466161
14451 0.894922 0.466165
14452 0.894921 0.466182
14453 0.894911 0.46621
14454 0.894889 0.466228
14455 0.89486 0.466256
14456 0.894825 0.466294
14457 0.894808 0.466321
14458 0.894805 0.466337
14459 0.894816 0.466344
14460 0.89484 0.466342
14461 0.894875 0.466332
14462 0.89492 0.466316
14463 0.894974 0.466293
14464 0.895036 0.466265
14465 0.895083 0.466252
14466 0.895116 0.466253
14467 0.895137 0.466267
14468 0.895169 0.466272
14469 0.895212 0.466268
14470 0.895263 0.466257
14471 0.895301 0.46626
14472 0.895326 0.466275
14473 0.895362 0.466281
14474 0.895408 0.466278
14475 0.89544 0.466288
14476 0.89546 0.466311
14477 0.895469 0.466343
14478 0.895491 0.466365
14479 0.895502 0.466397
14480 0.895502 0.466439
14481 0.895516 0.466469
14482 0.89552 0.466508
14483 0.895537 0.466536
14484 0.895565 0.466553
14485 0.895605 0.46656
14486 0.895653 0.466559
14487 0.895688 0.466571
14488 0.895711 0.466594
14489 0.895745 0.466607
14490 0.895789 0.466611
14491 0.895819 0.466628
14492 0.895838 0.466655
14493 0.895846 0.466693
14494 0.895844 0.46674
14495 0.895834 0.466795
14496 0.895811 0.466837
14497 0.895777 0.466866
14498 0.895732 0.466885
14499 0.895679 0.466894
14500 0.895617 0.466894
14501 0.895575 0.466886
14502 0.895524 0.466871
14503 0.895464 0.46685
14504 0.895396 0.466823
14505 0.895349 0.466806
14506 0.895321 0.466799
14507 0.895308 0.466801
14508 0.895288 0.466815
14509 0.895261 0.466841
14510 0.895227 0.466876
14511 0.895188 0.466921
14512 0.895166 0.46697
14513 0.89516 0.467005
14514 0.895168 0.467029
14515 0.895189 0.467043
14516 0.895221 0.467047
14517 0.895264 0.467043
14518 0.895316 0.467031
14519 0.895353 0.467034
14520 0.895378 0.467049
14521 0.895391 0.467075
14522 0.895394 0.467111
14523 0.89541 0.467136
14524 0.895415 0.467171
14525 0.895406 0.467194
14526 0.895385 0.467208
14527 0.895379 0.467212
14528 0.895387 0.467208
14529 0.895386 0.467216
14530 0.895375 0.467237
14531 0.895352 0.467248
14532 0.895318 0.46725
14533 0.8953 0.467243
14534 0.895298 0.467229
14535 0.89531 0.467209
14536 0.895334 0.467183
14537 0.895346 0.467172
14538 0.895349 0.467175
14539 0.895364 0.46717
14540 0.895391 0.467157
14541 0.895429 0.467138
14542 0.895455 0.467133
14543 0.895464 0.467121
14544 0.895459 0.467102
14545 0.895441 0.467077
14546 0.895412 0.467046
14547 0.895372 0.46701
14548 0.895322 0.466969
14549 0.895264 0.466925
14550 0.895199 0.466877
14551 0.895154 0.466826
14552 0.895126 0.466772
14553 0.895092 0.466736
14554 0.895053 0.466716
14555 0.895031 0.466706
14556 0.895024 0.466705
14557 0.895005 0.466695
14558 0.894975 0.466679
14559 0.894961 0.466656
14560 0.894935 0.466628
14561 0.894898 0.466594
14562 0.894851 0.466556
14563 0.894795 0.466513
14564 0.894759 0.466467
14565 0.894739 0.466417
14566 0.894713 0.466385
14567 0.894679 0.466368
14568 0.89464 0.466366
14569 0.894595 0.466377
14570 0.894545 0.466399
14571 0.894514 0.466427
14572 0.8945 0.466459
14573 0.8945 0.466496
14574 0.894515 0.466521
14575 0.894541 0.466535
14576 0.894578 0.46654
14577 0.894602 0.466557
14578 0.894637 0.466565
14579 0.894659 0.466584
14580 0.894693 0.466593
14581 0.894736 0.466593
14582 0.894789 0.466585
14583 0.89485 0.46657
14584 0.894895 0.466569
14585 0.894927 0.466581
14586 0.894946 0.466604
14587 0.894954 0.466638
14588 0.894974 0.46666
14589 0.895006 0.466672
14590 0.895049 0.466675
14591 0.895101 0.466669
14592 0.895161 0.466656
14593 0.895228 0.466637
14594 0.895302 0.466611
14595 0.895383 0.46658
14596 0.895446 0.466565
14597 0.895494 0.466564
14598 0.89555 0.466555
14599 0.895592 0.46656
14600 0.89562 0.466577
14601 0.89566 0.466584
14602 0.895708 0.466583
14603 0.895766 0.466574
14604 0.895808 0.466578
14605 0.895838 0.466596
14606 0.895855 0.466624
14607 0.895884 0.466641
14608 0.895924 0.466649
14609 0.895951 0.466669
14610 0.895967 0.4667
14611 0.895971 0.46674
14612 0.895967 0.46679
14613 0.895954 0.466847
14614 0.895956 0.466891
14615 0.895971 0.466923
14616 0.895998 0.466944
14617 0.896014 0.466975
14618 0.896019 0.467016
14619 0.89601 0.467045
14620 0.895989 0.467064
14621 0.895956 0.467072
14622 0.895913 0.467071
14623 0.895865 0.467084
14624 0.895814 0.467108
14625 0.895758 0.467142
14626 0.895721 0.467165
14627 0.895702 0.467179
14628 0.895698 0.467183
14629 0.895709 0.467178
14630 0.895709 0.467187
14631 0.8957 0.467208
14632 0.895679 0.467219
14633 0.895646 0.467221
14634 0.895603 0.467215
14635 0.89555 0.467202
14636 0.89549 0.467182
14637 0.895422 0.467156
14638 0.895347 0.467124
14639 0.895266 0.467088
14640 0.895179 0.467048
14641 0.895115 0.467019
14642 0.895071 0.467002
14643 0.895045 0.466994
14644 0.895035 0.466994
14645 0.89504 0.467003
14646 0.89503 0.467002
14647 0.895008 0.466994
14648 0.894975 0.466979
14649 0.894931 0.466958
14650 0.894878 0.46693
14651 0.894844 0.466914
14652 0.894827 0.466907
14653 0.894825 0.466908
14654 0.894837 0.466917
14655 0.894861 0.466918
14656 0.894897 0.46691
14657 0.894942 0.466895
14658 0.894974 0.466895
14659 0.894993 0.466907
14660 0.895025 0.466926
14661 0.895066 0.466951
14662 0.895118 0.466965
14663 0.895177 0.46697
14664 0.895244 0.466966
14665 0.895318 0.466955
14666 0.895376 0.466958
14667 0.895419 0.466973
14668 0.895448 0.467
14669 0.895466 0.467036
14670 0.895472 0.467082
14671 0.89547 0.467137
14672 0.895458 0.467198
14673 0.895439 0.467267
14674 0.895412 0.467341
14675 0.895402 0.4674
14676 0.895406 0.467445
14677 0.895424 0.467478
14678 0.895453 0.4675
14679 0.895466 0.467511
14680 0.895464 0.467514
14681 0.895453 0.467529
14682 0.895434 0.467556
14683 0.895408 0.467593
14684 0.895385 0.46761
14685 0.895377 0.467633
14686 0.895384 0.467662
14687 0.895404 0.467696
14688 0.895435 0.467735
14689 0.895477 0.467777
14690 0.895529 0.467823
14691 0.895561 0.467856
14692 0.895577 0.467878
14693 0.895578 0.46789
14694 0.895565 0.467894
14695 0.89554 0.467888
14696 0.895531 0.467892
14697 0.895536 0.467902
14698 0.895554 0.46792
14699 0.895558 0.467928
14700 0.895547 0.467927
14701 0.895523 0.467918
14702 0.895489 0.467902
14703 0.895471 0.467896
14704 0.895469 0.467898
14705 0.895454 0.467892
14706 0.895453 0.467895
14707 0.895467 0.467905
14708 0.895493 0.467921
14709 0.895529 0.467944
14710 0.895576 0.467973
14711 0.895632 0.468006
14712 0.895696 0.468044
14713 0.895744 0.468091
14714 0.895779 0.468146
14715 0.895801 0.468208
14716 0.895807 0.468256
14717 0.895799 0.468292
14718 0.895792 0.468308
14719 0.895786 0.468308
14720 0.89578 0.468291
14721 0.895767 0.468289
14722 0.895745 0.4683
14723 0.895717 0.468323
14724 0.895683 0.468357
14725 0.895665 0.468395
14726 0.895663 0.468437
14727 0.895675 0.468482
14728 0.895672 0.468516
14729 0.895656 0.468538
14730 0.895627 0.46855
14731 0.895588 0.468553
14732 0.89554 0.468548
14733 0.895482 0.468535
14734 0.895417 0.468516
14735 0.895344 0.468491
14736 0.895265 0.468461
14737 0.895208 0.468426
14738 0.89517 0.468387
14739 0.895149 0.468344
14740 0.895145 0.468297
14741 0.895154 0.468247
14742 0.895176 0.46821
14743 0.89521 0.468185
14744 0.895253 0.468171
14745 0.895306 0.468165
14746 0.89534 0.468152
14747 0.895357 0.468133
14748 0.895359 0.468108
14749 0.895347 0.468077
14750 0.89535 0.468057
14751 0.895366 0.468047
14752 0.895371 0.468051
14753 0.895367 0.468067
14754 0.89535 0.468074
14755 0.895321 0.468072
14756 0.895281 0.468062
14757 0.895232 0.468045
14758 0.895174 0.468022
14759 0.895108 0.467993
14760 0.895063 0.467975
14761 0.895035 0.467967
14762 0.895024 0.467951
14763 0.895028 0.467929
14764 0.895045 0.467902
14765 0.895074 0.467869
14766 0.895113 0.467832
14767 0.895162 0.46779
14768 0.895197 0.467765
14769 0.89522 0.467756
14770 0.895231 0.46776
14771 0.895254 0.467771
14772 0.895289 0.467789
14773 0.895334 0.467813
14774 0.895361 0.467827
14775 0.895372 0.467831
14776 0.895396 0.467843
14777 0.89543 0.467861
14778 0.895475 0.467885
14779 0.895502 0.467898
14780 0.89554 0.467918
14781 0.895561 0.467928
14782 0.895566 0.467928
14783 0.895557 0.467921
14784 0.895536 0.467906
14785 0.895503 0.467885
14786 0.89546 0.467858
14787 0.895412 0.467846
14788 0.89536 0.467849
14789 0.895304 0.467863
14790 0.895244 0.467889
14791 0.895204 0.46792
14792 0.895181 0.467956
14793 0.895175 0.467995
14794 0.895183 0.468038
14795 0.895204 0.468085
14796 0.895237 0.468134
14797 0.895257 0.468191
14798 0.895262 0.468234
14799 0.895252 0.468265
14800 0.895231 0.468285
14801 0.895225 0.468311
14802 0.895233 0.468341
14803 0.895254 0.468376
14804 0.895287 0.468416
14805 0.895303 0.468443
14806 0.895304 0.468459
14807 0.895292 0.468466
14808 0.895267 0.468464
14809 0.895231 0.468455
14810 0.895185 0.468438
14811 0.89513 0.468415
14812 0.895067 0.468386
14813 0.894997 0.468352
14814 0.894921 0.468314
14815 0.894838 0.468271
14816 0.89475 0.468224
14817 0.894685 0.46819
14818 0.89464 0.468168
14819 0.894586 0.468139
14820 0.894524 0.468105
14821 0.894458 0.468088
14822 0.894386 0.468064
14823 0.894307 0.468035
14824 0.894223 0.468001
14825 0.894133 0.467962
14826 0.894039 0.467919
14827 0.893941 0.467873
14828 0.893839 0.467823
14829 0.893734 0.467771
14830 0.893625 0.467716
14831 0.893541 0.467674
14832 0.893479 0.467644
14833 0.89341 0.46761
14834 0.893361 0.467586
14835 0.893304 0.467557
14836 0.893266 0.467539
14837 0.893245 0.46753
14838 0.89324 0.467514
14839 0.893249 0.467492
14840 0.89327 0.467464
14841 0.893303 0.467446
14842 0.893333 0.467415
14843 0.893359 0.467371
14844 0.893373 0.467344
14845 0.893377 0.467332
14846 0.89337 0.467334
14847 0.893364 0.46732
14848 0.893358 0.467291
14849 0.893353 0.46725
14850 0.893339 0.467226
14851 0.893316 0.467216
14852 0.89331 0.467215
14853 0.893318 0.467222
14854 0.893339 0.467235
14855 0.893372 0.467255
14856 0.893415 0.46728
14857 0.893468 0.467311
14858 0.893529 0.467346
14859 0.893598 0.467385
14860 0.893673 0.467428
14861 0.893755 0.467473
14862 0.893828 0.467499
14863 0.893894 0.467507
14864 0.893953 0.467498
14865 0.894006 0.467474
14866 0.894054 0.467437
14867 0.894096 0.467388
14868 0.894148 0.467351
14869 0.894209 0.467326
14870 0.894278 0.46731
14871 0.894353 0.467303
14872 0.894435 0.467305
14873 0.894523 0.467313
14874 0.894615 0.467329
14875 0.894713 0.46735
14876 0.894787 0.467361
14877 0.89484 0.467363
14878 0.894874 0.467356
14879 0.894891 0.467343
14880 0.894893 0.467323
14881 0.894909 0.467312
14882 0.894937 0.46731
14883 0.894948 0.467299
14884 0.894945 0.467282
14885 0.894934 0.46728
14886 0.894914 0.46729
14887 0.894887 0.467312
14888 0.894854 0.467345
14889 0.894815 0.467388
14890 0.894794 0.467433
14891 0.894762 0.467466
14892 0.894719 0.467488
14893 0.894667 0.4675
14894 0.894606 0.467502
14895 0.894566 0.467512
14896 0.894543 0.467529
14897 0.894536 0.467551
14898 0.894544 0.467578
14899 0.894542 0.467616
14900 0.894554 0.467657
14901 0.894578 0.467702
14902 0.894587 0.467734
14903 0.894608 0.467771
14904 0.894614 0.467796
14905 0.894606 0.46781
14906 0.894599 0.467807
14907 0.894606 0.467813
14908 0.894626 0.467825
14909 0.894658 0.467843
14910 0.8947 0.467868
14911 0.894752 0.467897
14912 0.894799 0.467908
14913 0.894842 0.467902
14914 0.89488 0.467881
14915 0.894906 0.467875
14916 0.89492 0.467883
14917 0.894923 0.467902
14918 0.894917 0.467932
14919 0.894902 0.467972
14920 0.894889 0.467993
14921 0.894878 0.467995
14922 0.894867 0.467982
14923 0.894858 0.467954
14924 0.894863 0.467937
14925 0.894882 0.467929
14926 0.89489 0.467935
14927 0.89491 0.467947
14928 0.894942 0.467966
14929 0.894985 0.467991
14930 0.895037 0.468021
14931 0.895098 0.468056
14932 0.895139 0.468079
14933 0.89519 0.468107
14934 0.895249 0.468141
14935 0.895289 0.468163
14936 0.895316 0.468195
14937 0.895331 0.468238
14938 0.895335 0.468288
14939 0.895325 0.468326
14940 0.895303 0.468352
14941 0.895274 0.468388
14942 0.895238 0.468434
14943 0.895193 0.468467
14944 0.895166 0.468504
14945 0.895141 0.468522
14946 0.895119 0.468523
14947 0.895113 0.468531
14948 0.895122 0.468546
14949 0.895115 0.468552
14950 0.895096 0.468549
14951 0.895066 0.468538
14952 0.895024 0.468521
14953 0.894974 0.468498
14954 0.894942 0.468484
14955 0.894927 0.46848
14956 0.894927 0.468483
14957 0.894941 0.468494
14958 0.894967 0.468512
14959 0.894977 0.46852
14960 0.894972 0.468519
14961 0.894959 0.468531
14962 0.894938 0.468554
14963 0.89491 0.468588
14964 0.894875 0.468631
14965 0.894835 0.468683
14966 0.894812 0.468737
14967 0.894806 0.468793
14968 0.8948 0.468828
14969 0.894795 0.468844
14970 0.89479 0.468842
14971 0.894787 0.468825
14972 0.894797 0.468817
14973 0.89482 0.468818
14974 0.894831 0.468831
14975 0.894832 0.468856
14976 0.894824 0.468891
14977 0.89483 0.46893
14978 0.894849 0.468973
14979 0.89488 0.469019
14980 0.894895 0.469053
14981 0.894894 0.469075
14982 0.89488 0.469088
14983 0.894854 0.469091
14984 0.894844 0.469101
14985 0.894849 0.469119
14986 0.894867 0.469142
14987 0.894897 0.46917
14988 0.89491 0.469188
14989 0.894909 0.469196
14990 0.894893 0.469195
14991 0.894866 0.469187
14992 0.894828 0.469172
14993 0.89478 0.46915
14994 0.894723 0.469123
14995 0.894658 0.469091
14996 0.894614 0.469069
14997 0.894587 0.469057
14998 0.894577 0.469054
14999 0.894555 0.469044
15000 0.894548 0.469042
