14000 0.928237 0.413621
14001 0.92822 0.413617
14002 0.928204 0.413628
14003 0.92819 0.413655
14004 0.928178 0.413694
14005 0.928175 0.413716
14006 0.928182 0.413724
14007 0.928197 0.413717
14008 0.92821 0.413727
14009 0.928231 0.413723
14010 0.928258 0.413707
14011 0.928291 0.413679
14012 0.928321 0.41367
14013 0.928349 0.413677
14014 0.928373 0.413699
14015 0.928404 0.413706
14016 0.92844 0.413699
14017 0.928473 0.413709
14018 0.928511 0.413705
14019 0.928554 0.413688
14020 0.928593 0.413689
14021 0.928629 0.413705
14022 0.92866 0.413735
14023 0.928698 0.413749
14024 0.92874 0.413749
14025 0.928787 0.413737
14026 0.928839 0.413713
14027 0.928894 0.413678
14028 0.928953 0.413634
14029 0.928991 0.413602
14030 0.929012 0.413579
14031 0.929017 0.413566
14032 0.929007 0.413561
14033 0.928985 0.413563
14034 0.928973 0.413553
14035 0.928972 0.41353
14036 0.928979 0.413498
14037 0.928995 0.413455
14038 0.928995 0.413424
14039 0.928982 0.413403
14040 0.928955 0.41339
14041 0.928917 0.413386
14042 0.928869 0.413389
14043 0.928812 0.413399
14044 0.928769 0.413395
14045 0.928739 0.413378
14046 0.928722 0.41335
14047 0.928692 0.413332
14048 0.928665 0.413331
14049 0.928641 0.413346
14050 0.928619 0.413375
14051 0.9286 0.413417
14052 0.928582 0.41347
14053 0.928567 0.413534
14054 0.928562 0.413578
14055 0.928566 0.413605
14056 0.928578 0.413616
14057 0.928598 0.413614
14058 0.928625 0.413598
14059 0.928659 0.413572
14060 0.928697 0.413535
14061 0.928732 0.413518
14062 0.928764 0.413518
14063 0.928801 0.413505
14064 0.928843 0.41348
14065 0.928881 0.413474
14066 0.928915 0.413483
14067 0.928955 0.413479
14068 0.928977 0.413482
14069 0.928983 0.413492
14070 0.928974 0.413508
14071 0.928952 0.41353
14072 0.928919 0.413556
14073 0.928875 0.413586
14074 0.928821 0.413621
14075 0.928782 0.413639
14076 0.928755 0.413642
14077 0.928739 0.413632
14078 0.928734 0.41361
14079 0.928716 0.413597
14080 0.928685 0.413592
14081 0.928643 0.413595
14082 0.928591 0.413604
14083 0.928531 0.413619
14084 0.928485 0.413619
14085 0.928452 0.413606
14086 0.928431 0.413582
14087 0.928421 0.413547
14088 0.928421 0.413502
14089 0.928406 0.413469
14090 0.928379 0.413445
14091 0.92834 0.413431
14092 0.928305 0.413433
14093 0.928274 0.413451
14094 0.928245 0.413483
14095 0.928228 0.413498
14096 0.928222 0.413499
14097 0.928229 0.413508
14098 0.928249 0.413523
14099 0.92828 0.413545
14100 0.928322 0.413573
14101 0.928359 0.413614
14102 0.928393 0.413666
14103 0.928423 0.413729
14104 0.928459 0.413772
14105 0.928499 0.413798
14106 0.928544 0.413808
14107 0.928594 0.413805
14108 0.928624 0.413808
14109 0.928637 0.413818
14110 0.928658 0.413814
14111 0.928685 0.413798
14112 0.928718 0.41377
14113 0.928756 0.413732
14114 0.928799 0.413685
14115 0.928838 0.413659
14116 0.928873 0.41365
14117 0.928905 0.413658
14118 0.928919 0.413672
14119 0.928941 0.413672
14120 0.928969 0.413659
14121 0.929003 0.413634
14122 0.929042 0.413599
14123 0.929087 0.413554
14124 0.929126 0.41353
14125 0.929162 0.413523
14126 0.92918 0.413524
14127 0.929206 0.413512
14128 0.929237 0.413489
14129 0.929251 0.413475
14130 0.929251 0.413469
14131 0.929236 0.413471
14132 0.929231 0.41346
14133 0.929236 0.413437
14134 0.929226 0.413423
14135 0.929203 0.413418
14136 0.929169 0.41342
14137 0.929147 0.41341
14138 0.929135 0.413387
14139 0.929134 0.413353
14140 0.929132 0.413339
14141 0.929131 0.413341
14142 0.92913 0.413359
14143 0.929129 0.413391
14144 0.929137 0.413406
14145 0.929153 0.413407
14146 0.929167 0.413424
14147 0.92918 0.413454
14148 0.929192 0.413497
14149 0.929211 0.413523
14150 0.929237 0.413534
14151 0.929269 0.41353
14152 0.929307 0.413514
14153 0.929327 0.413506
14154 0.929332 0.413507
14155 0.929321 0.413514
14156 0.929298 0.413528
14157 0.929264 0.413547
14158 0.929219 0.413572
14159 0.929187 0.413581
14160 0.929167 0.413576
14161 0.929158 0.413559
14162 0.929159 0.413531
14163 0.929159 0.413521
14164 0.92916 0.413528
14165 0.929161 0.41355
14166 0.929161 0.413585
14167 0.929171 0.413604
14168 0.929188 0.413608
14169 0.929212 0.413598
14170 0.929243 0.413577
14171 0.929279 0.413545
14172 0.929298 0.413524
14173 0.929301 0.413511
14174 0.92929 0.413507
14175 0.929266 0.41351
14176 0.92923 0.41352
14177 0.929184 0.413536
14178 0.929128 0.413557
14179 0.929064 0.413583
14180 0.928993 0.413613
14181 0.928914 0.413647
14182 0.928829 0.413685
14183 0.928762 0.413706
14184 0.92871 0.413711
14185 0.928672 0.413704
14186 0.928623 0.413703
14187 0.92858 0.413719
14188 0.92854 0.413748
14189 0.928505 0.41379
14190 0.928474 0.413844
14191 0.928445 0.413908
14192 0.928428 0.413952
14193 0.928422 0.413979
14194 0.928425 0.413991
14195 0.928436 0.413988
14196 0.928446 0.414001
14197 0.928455 0.414029
14198 0.928463 0.414069
14199 0.928471 0.414121
14200 0.928477 0.414183
14201 0.928483 0.414255
14202 0.928498 0.414306
14203 0.928519 0.41434
14204 0.928547 0.414357
14205 0.928581 0.41436
14206 0.928621 0.414349
14207 0.928665 0.414327
14208 0.928704 0.414322
14209 0.92874 0.414334
14210 0.928772 0.41436
14211 0.928801 0.414398
14212 0.928836 0.414421
14213 0.928876 0.414428
14214 0.928921 0.414421
14215 0.928947 0.414422
14216 0.928957 0.41443
14217 0.928952 0.414444
14218 0.928933 0.414464
14219 0.928916 0.414497
14220 0.928902 0.414543
14221 0.928897 0.414571
14222 0.928893 0.414612
14223 0.928898 0.414635
14224 0.928911 0.414644
14225 0.928932 0.414639
14226 0.928959 0.414621
14227 0.928993 0.414593
14228 0.929023 0.414583
14229 0.92905 0.414589
14230 0.929075 0.41461
14231 0.929106 0.414617
14232 0.929143 0.41461
14233 0.929185 0.41459
14234 0.929232 0.41456
14235 0.929283 0.41452
14236 0.929337 0.414471
14237 0.929395 0.414414
14238 0.929456 0.41435
14239 0.92952 0.414279
14240 0.929564 0.414223
14241 0.929589 0.41418
14242 0.929598 0.414148
14243 0.929592 0.414126
14244 0.929573 0.414114
14245 0.929542 0.414111
14246 0.929501 0.414115
14247 0.92945 0.414125
14248 0.929412 0.414122
14249 0.929388 0.414107
14250 0.929374 0.41408
14251 0.929371 0.414042
14252 0.929354 0.414016
14253 0.929325 0.414
14254 0.929285 0.413992
14255 0.929235 0.413992
14256 0.929176 0.413999
14257 0.929109 0.414012
14258 0.929058 0.414012
14259 0.929021 0.413998
14260 0.928996 0.413973
14261 0.928959 0.413957
14262 0.928913 0.41395
14263 0.928857 0.413951
14264 0.928815 0.413938
14265 0.928786 0.413914
14266 0.928746 0.413899
14267 0.928697 0.413893
14268 0.928638 0.413893
14269 0.928585 0.41391
14270 0.928537 0.41394
14271 0.928494 0.413983
14272 0.928464 0.414009
14273 0.928446 0.414019
14274 0.928438 0.414015
14275 0.92844 0.413998
14276 0.92845 0.413971
14277 0.928459 0.413961
14278 0.928476 0.41394
14279 0.9285 0.413907
14280 0.928521 0.413894
14281 0.928541 0.413897
14282 0.928558 0.413916
14283 0.928574 0.413948
14284 0.928597 0.413965
14285 0.928626 0.413966
14286 0.928638 0.413974
14287 0.928635 0.413989
14288 0.928641 0.413988
14289 0.928654 0.413975
14290 0.928653 0.41397
14291 0.928638 0.413972
14292 0.928632 0.413961
14293 0.928636 0.413938
14294 0.928648 0.413905
14295 0.928659 0.41389
14296 0.928669 0.413892
14297 0.928678 0.41391
14298 0.928694 0.413913
14299 0.928718 0.413903
14300 0.928747 0.41388
14301 0.928782 0.413847
14302 0.928814 0.413833
14303 0.928843 0.413836
14304 0.928877 0.413825
14305 0.928916 0.413803
14306 0.92896 0.413769
14307 0.929008 0.413726
14308 0.92906 0.413674
14309 0.929116 0.413614
14310 0.929174 0.413547
14311 0.929235 0.413474
14312 0.929276 0.413415
14313 0.929299 0.413369
14314 0.929306 0.413335
14315 0.929298 0.413311
14316 0.929277 0.413296
14317 0.929244 0.41329
14318 0.929222 0.413271
14319 0.929212 0.413242
14320 0.929211 0.413202
14321 0.929219 0.413153
14322 0.929226 0.413124
14323 0.929232 0.413114
14324 0.929246 0.413092
14325 0.929268 0.413059
14326 0.929295 0.413016
14327 0.92932 0.412993
14328 0.929343 0.412988
14329 0.929363 0.412999
14330 0.92939 0.412995
14331 0.929423 0.412979
14332 0.929438 0.412972
14333 0.929439 0.412973
14334 0.929425 0.41298
14335 0.929398 0.412994
14336 0.929361 0.413014
14337 0.929313 0.413039
14338 0.929256 0.413068
14339 0.929213 0.413081
14340 0.929182 0.41308
14341 0.929163 0.413065
14342 0.929155 0.413039
14343 0.929133 0.413022
14344 0.929099 0.413014
14345 0.929082 0.413015
14346 0.929081 0.413023
14347 0.929093 0.413038
14348 0.929118 0.413059
14349 0.929154 0.413086
14350 0.9292 0.413118
14351 0.929255 0.413155
14352 0.929318 0.413195
14353 0.929361 0.413239
14354 0.929385 0.413285
14355 0.929393 0.413334
14356 0.929386 0.413385
14357 0.929366 0.413437
14358 0.929356 0.413471
14359 0.929356 0.413489
14360 0.929364 0.413492
14361 0.92938 0.413481
14362 0.929402 0.413458
14363 0.929409 0.413444
14364 0.929428 0.41344
14365 0.929459 0.413444
14366 0.929473 0.413455
14367 0.929471 0.413472
14368 0.929456 0.413494
14369 0.929456 0.413522
14370 0.929469 0.413555
14371 0.929495 0.413592
14372 0.929531 0.413634
14373 0.929577 0.413679
14374 0.929632 0.413728
14375 0.929668 0.413779
14376 0.929686 0.413832
14377 0.929689 0.413887
14378 0.929678 0.413944
14379 0.929654 0.414003
14380 0.929618 0.414063
14381 0.9296 0.414124
14382 0.929596 0.414188
14383 0.929602 0.414232
14384 0.929615 0.414259
14385 0.929636 0.414269
14386 0.929641 0.414286
14387 0.929631 0.414309
14388 0.929609 0.414337
14389 0.929575 0.414369
14390 0.929558 0.414405
14391 0.929551 0.414425
14392 0.929558 0.414451
14393 0.929573 0.414462
14394 0.929595 0.414458
14395 0.929624 0.414441
14396 0.929658 0.414413
14397 0.929675 0.414395
14398 0.929676 0.414386
14399 0.929664 0.414385
14400 0.929638 0.414392
14401 0.929602 0.414405
14402 0.929577 0.414403
14403 0.929564 0.414389
14404 0.929561 0.414363
14405 0.929566 0.414327
14406 0.92958 0.414281
14407 0.929606 0.414248
14408 0.929643 0.414225
14409 0.92969 0.414213
14410 0.929746 0.41421
14411 0.929809 0.414215
14412 0.92988 0.414227
14413 0.92993 0.414246
14414 0.929961 0.41427
14415 0.929976 0.414298
14416 0.929975 0.414332
14417 0.929987 0.41437
14418 0.930012 0.414412
14419 0.930044 0.414436
14420 0.93008 0.414446
14421 0.930123 0.414442
14422 0.930169 0.414425
14423 0.930198 0.414417
14424 0.930209 0.414418
14425 0.930206 0.414426
14426 0.93019 0.41444
14427 0.930161 0.414461
14428 0.930121 0.414487
14429 0.930099 0.414518
14430 0.930093 0.414554
14431 0.930101 0.414594
14432 0.930121 0.414638
14433 0.930154 0.414686
14434 0.930196 0.414736
14435 0.93022 0.414789
14436 0.930228 0.414844
14437 0.930222 0.414901
14438 0.930202 0.41496
14439 0.930194 0.415
14440 0.930194 0.415023
14441 0.930204 0.415031
14442 0.930222 0.415025
14443 0.930224 0.415027
14444 0.930235 0.415016
14445 0.930231 0.415014
14446 0.930236 0.414999
14447 0.93025 0.414973
14448 0.930248 0.414956
14449 0.930233 0.414949
14450 0.930205 0.41495
14451 0.93019 0.414938
14452 0.930189 0.414935
14453 0.930202 0.41494
14454 0.930227 0.414952
14455 0.930264 0.414971
14456 0.93031 0.414996
14457 0.930365 0.415026
14458 0.930402 0.415061
14459 0.93042 0.415099
14460 0.930423 0.415141
14461 0.93044 0.415187
14462 0.930468 0.415237
14463 0.930507 0.415289
14464 0.930556 0.415344
14465 0.930608 0.41538
14466 0.930665 0.4154
14467 0.930725 0.415405
14468 0.930788 0.415397
14469 0.930853 0.415376
14470 0.930921 0.415345
14471 0.930992 0.415304
14472 0.931041 0.415275
14473 0.931072 0.415257
14474 0.931086 0.415248
14475 0.931085 0.415248
14476 0.931071 0.415255
14477 0.931045 0.41527
14478 0.931034 0.415291
14479 0.931039 0.415318
14480 0.931056 0.41535
14481 0.931085 0.415387
14482 0.93112 0.415407
14483 0.931161 0.415413
14484 0.931184 0.41541
14485 0.931191 0.415399
14486 0.931184 0.415382
14487 0.931191 0.415374
14488 0.931211 0.415375
14489 0.931243 0.415383
14490 0.931285 0.415399
14491 0.931309 0.415421
14492 0.931317 0.415449
14493 0.931311 0.415482
14494 0.931292 0.415519
14495 0.931262 0.415561
14496 0.931221 0.415606
14497 0.93117 0.415655
14498 0.931138 0.415707
14499 0.931123 0.415761
14500 0.931123 0.415818
14501 0.931136 0.415877
14502 0.931162 0.415939
14503 0.931198 0.416002
14504 0.931218 0.416051
14505 0.931221 0.416087
14506 0.931211 0.416112
14507 0.931188 0.416127
14508 0.931154 0.416132
14509 0.931137 0.416145
14510 0.931135 0.416164
14511 0.931147 0.416189
14512 0.931171 0.41622
14513 0.931207 0.416255
14514 0.931225 0.41628
14515 0.931227 0.416293
14516 0.931244 0.416314
14517 0.931272 0.41634
14518 0.931283 0.416356
14519 0.93128 0.416363
14520 0.931291 0.416376
14521 0.931314 0.416397
14522 0.931348 0.416423
14523 0.931393 0.416454
14524 0.931447 0.416491
14525 0.931508 0.416531
14526 0.931551 0.41656
14527 0.931575 0.416578
14528 0.931583 0.416586
14529 0.931604 0.416601
14530 0.931637 0.416623
14531 0.931652 0.416635
14532 0.931653 0.416637
14533 0.93164 0.416631
14534 0.931615 0.416618
14535 0.931578 0.416598
14536 0.931559 0.416588
14537 0.931551 0.416567
14538 0.931553 0.416534
14539 0.931564 0.416493
14540 0.931583 0.416442
14541 0.931609 0.416384
14542 0.931641 0.416319
14543 0.931657 0.416269
14544 0.931658 0.416232
14545 0.931645 0.416206
14546 0.93162 0.416191
14547 0.931585 0.416186
14548 0.931566 0.416189
14549 0.931563 0.4162
14550 0.931574 0.416217
14551 0.931597 0.416241
14552 0.931631 0.41627
14553 0.931676 0.416304
14554 0.931703 0.416327
14555 0.931713 0.416339
14556 0.931709 0.416342
14557 0.931719 0.416352
14558 0.931742 0.41637
14559 0.931749 0.416377
14560 0.931741 0.416376
14561 0.931721 0.416367
14562 0.93169 0.416367
14563 0.931675 0.416374
14564 0.931648 0.416389
14565 0.931638 0.416411
14566 0.931642 0.416438
14567 0.931659 0.41647
14568 0.931662 0.416491
14569 0.93165 0.416502
14570 0.931626 0.416504
14571 0.931618 0.416513
14572 0.931624 0.41653
14573 0.931617 0.416536
14574 0.931623 0.41655
14575 0.931643 0.416571
14576 0.931647 0.416581
14577 0.931637 0.416583
14578 0.931615 0.416576
14579 0.931608 0.416578
14580 0.931616 0.416588
14581 0.931609 0.416588
14582 0.931616 0.416597
14583 0.93161 0.416596
14584 0.931613 0.416583
14585 0.931625 0.416559
14586 0.931645 0.416524
14587 0.93165 0.416485
14588 0.931641 0.416442
14589 0.931619 0.416395
14590 0.931609 0.41634
14591 0.931609 0.416278
14592 0.931618 0.416209
14593 0.931613 0.416155
14594 0.931595 0.416115
14595 0.931587 0.416066
14596 0.93159 0.416009
14597 0.931602 0.415945
14598 0.931598 0.415896
14599 0.931582 0.415859
14600 0.931554 0.415834
14601 0.931515 0.41582
14602 0.931489 0.415794
14603 0.931475 0.415758
14604 0.931471 0.415712
14605 0.931454 0.415679
14606 0.931425 0.415658
14607 0.931386 0.415646
14608 0.931336 0.415644
14609 0.931306 0.415649
14610 0.931292 0.415662
14611 0.931293 0.415682
14612 0.931308 0.415707
14613 0.931334 0.415737
14614 0.931372 0.415773
14615 0.93142 0.415812
14616 0.931476 0.415856
14617 0.931514 0.415903
14618 0.931534 0.415953
14619 0.931538 0.416006
14620 0.931529 0.416062
14621 0.931506 0.416105
14622 0.931473 0.416135
14623 0.931429 0.416154
14624 0.931377 0.416163
14625 0.931338 0.416159
14626 0.931317 0.416163
14627 0.931311 0.416174
14628 0.93132 0.416192
14629 0.931337 0.416195
14630 0.931339 0.416206
14631 0.931326 0.416224
14632 0.931302 0.416248
14633 0.931266 0.416278
14634 0.931221 0.416312
14635 0.931189 0.41633
14636 0.931169 0.416333
14637 0.93116 0.416324
14638 0.931161 0.416302
14639 0.931149 0.41629
14640 0.931124 0.416288
14641 0.931088 0.416293
14642 0.931069 0.416306
14643 0.931066 0.416325
14644 0.931072 0.41633
14645 0.931086 0.416321
14646 0.931108 0.416301
14647 0.931115 0.416275
14648 0.931107 0.416243
14649 0.931086 0.416207
14650 0.931054 0.416167
14651 0.931012 0.416138
14652 0.93096 0.41612
14653 0.9309 0.416112
14654 0.930854 0.416092
14655 0.930814 0.416089
14656 0.930777 0.416102
14657 0.930754 0.416102
14658 0.930741 0.416088
14659 0.930739 0.416063
14660 0.930746 0.416028
14661 0.930766 0.416004
14662 0.930797 0.41599
14663 0.930839 0.415986
14664 0.930891 0.415989
14665 0.930951 0.416001
14666 0.931018 0.416019
14667 0.931065 0.416043
14668 0.931094 0.416072
14669 0.931106 0.416106
14670 0.931103 0.416145
14671 0.931087 0.416187
14672 0.931059 0.416233
14673 0.931047 0.416282
14674 0.93105 0.416334
14675 0.931066 0.416389
14676 0.931094 0.416447
14677 0.931105 0.41649
14678 0.931102 0.416522
14679 0.931086 0.416543
14680 0.931058 0.416553
14681 0.931018 0.416555
14682 0.930997 0.416565
14683 0.930991 0.416582
14684 0.930999 0.416605
14685 0.93102 0.416633
14686 0.931025 0.416651
14687 0.931016 0.416659
14688 0.931017 0.416654
14689 0.931026 0.416636
14690 0.931044 0.416607
14691 0.931069 0.416569
14692 0.931078 0.416541
14693 0.931072 0.416525
14694 0.931081 0.416518
14695 0.931102 0.416519
14696 0.931135 0.416529
14697 0.931177 0.416545
14698 0.93123 0.416567
14699 0.931263 0.416595
14700 0.93128 0.416628
14701 0.931308 0.416666
14702 0.93132 0.416707
14703 0.931317 0.416753
14704 0.931301 0.416801
14705 0.931273 0.416853
14706 0.931262 0.416908
14707 0.931265 0.416964
14708 0.931281 0.417024
14709 0.931309 0.417085
14710 0.931321 0.417132
14711 0.931318 0.417166
14712 0.931302 0.417189
14713 0.931274 0.417202
14714 0.931235 0.417206
14715 0.931213 0.417218
14716 0.931207 0.417236
14717 0.931188 0.417244
14718 0.931158 0.417244
14719 0.931116 0.417236
14720 0.931088 0.417216
14721 0.931072 0.417185
14722 0.931066 0.417145
14723 0.931074 0.417116
14724 0.931095 0.417098
14725 0.931128 0.417089
14726 0.931171 0.41709
14727 0.931196 0.417082
14728 0.931205 0.417083
14729 0.931199 0.417092
14730 0.931181 0.417108
14731 0.93115 0.41713
14732 0.93111 0.417157
14733 0.931059 0.41719
14734 0.931 0.417227
14735 0.930961 0.417269
14736 0.930939 0.417314
14737 0.930933 0.417362
14738 0.930941 0.417414
14739 0.930935 0.417468
14740 0.930938 0.417504
14741 0.93095 0.417523
14742 0.93097 0.417528
14743 0.930996 0.41752
14744 0.93103 0.417499
14745 0.931069 0.417468
14746 0.931113 0.417427
14747 0.931139 0.417397
14748 0.931149 0.417379
14749 0.931144 0.41737
14750 0.931126 0.41737
14751 0.931096 0.417377
14752 0.931055 0.417392
14753 0.931028 0.417392
14754 0.931012 0.417379
14755 0.931007 0.417355
14756 0.931011 0.41732
14757 0.931024 0.417276
14758 0.931022 0.417245
14759 0.931034 0.417224
14760 0.931059 0.417213
14761 0.931067 0.417211
14762 0.931088 0.417217
14763 0.93112 0.417231
14764 0.931163 0.417251
14765 0.93121 0.417256
14766 0.931262 0.417248
14767 0.931318 0.417228
14768 0.931377 0.417197
14769 0.931417 0.417177
14770 0.93144 0.417167
14771 0.931473 0.417166
14772 0.931517 0.417173
14773 0.93157 0.417187
14774 0.931632 0.417208
14775 0.931673 0.417234
14776 0.931697 0.41725
14777 0.931706 0.417256
14778 0.931699 0.417254
14779 0.931707 0.41726
14780 0.931728 0.417273
14781 0.931761 0.417292
14782 0.931803 0.417318
14783 0.931828 0.417349
14784 0.931837 0.417385
14785 0.931832 0.417426
14786 0.931813 0.41747
14787 0.931783 0.417502
14788 0.931743 0.417523
14789 0.93172 0.417549
14790 0.931713 0.417581
14791 0.93172 0.417618
14792 0.93174 0.417659
14793 0.931745 0.417688
14794 0.931735 0.417705
14795 0.931714 0.417713
14796 0.931681 0.417712
14797 0.93166 0.417699
14798 0.931628 0.417694
14799 0.931586 0.417699
14800 0.931562 0.417711
14801 0.931526 0.417729
14802 0.931481 0.417754
14803 0.931453 0.417784
14804 0.931442 0.417819
14805 0.931446 0.417859
14806 0.931436 0.417902
14807 0.931413 0.417949
14808 0.931402 0.417979
14809 0.931401 0.417993
14810 0.931386 0.418013
14811 0.93136 0.418039
14812 0.931345 0.41805
14813 0.931341 0.418047
14814 0.931346 0.418032
14815 0.931338 0.418026
14816 0.931316 0.418029
14817 0.931284 0.418039
14818 0.931263 0.418036
14819 0.931232 0.41804
14820 0.931212 0.418032
14821 0.931204 0.418012
14822 0.931183 0.418001
14823 0.931151 0.418
14824 0.931131 0.417986
14825 0.931123 0.417961
14826 0.931101 0.417946
14827 0.931069 0.417941
14828 0.931053 0.417943
14829 0.931025 0.417954
14830 0.931009 0.417951
14831 0.931005 0.417935
14832 0.93101 0.417909
14833 0.931001 0.417893
14834 0.93098 0.417886
14835 0.930947 0.417873
14836 0.930927 0.417848
14837 0.930895 0.417818
14838 0.930876 0.417778
14839 0.930868 0.41773
14840 0.930861 0.417703
14841 0.930855 0.417694
14842 0.930849 0.417701
14843 0.930844 0.417724
14844 0.930849 0.417731
14845 0.930863 0.417726
14846 0.930861 0.417713
14847 0.930846 0.417694
14848 0.930819 0.417669
14849 0.930781 0.417639
14850 0.930733 0.417604
14851 0.930677 0.417565
14852 0.930612 0.417522
14853 0.93054 0.417476
14854 0.930484 0.417423
14855 0.930443 0.417362
14856 0.930416 0.417294
14857 0.930401 0.41722
14858 0.930397 0.417142
14859 0.930402 0.417058
14860 0.930407 0.416999
14861 0.930411 0.416961
14862 0.930415 0.416943
14863 0.930418 0.416942
14864 0.930422 0.416956
14865 0.930434 0.416957
14866 0.930454 0.416945
14867 0.930481 0.416921
14868 0.930505 0.416916
14869 0.930528 0.416926
14870 0.930557 0.416923
14871 0.930592 0.416908
14872 0.930633 0.416881
14873 0.930679 0.416844
14874 0.93073 0.416798
14875 0.930784 0.416744
14876 0.930842 0.416682
14877 0.930881 0.416634
14878 0.930902 0.416599
14879 0.930908 0.416575
14880 0.930899 0.416561
14881 0.930877 0.416556
14882 0.930844 0.416559
14883 0.9308 0.41657
14884 0.930747 0.416587
14885 0.930708 0.41659
14886 0.930682 0.416579
14887 0.930668 0.416557
14888 0.930669 0.416545
14889 0.930656 0.416541
14890 0.930631 0.416545
14891 0.930608 0.416565
14892 0.930588 0.416599
14893 0.93057 0.416644
14894 0.930554 0.416701
14895 0.930525 0.41676
14896 0.930486 0.41682
14897 0.93046 0.416862
14898 0.930445 0.416887
14899 0.930441 0.416896
14900 0.930451 0.416912
14901 0.930474 0.416935
14902 0.930508 0.416963
14903 0.930552 0.416996
14904 0.930605 0.417033
14905 0.930639 0.417075
14906 0.930679 0.417099
14907 0.930702 0.417129
14908 0.930708 0.417164
14909 0.930723 0.417182
14910 0.930745 0.417185
14911 0.930774 0.417176
14912 0.9308 0.417183
14913 0.930824 0.417205
14914 0.930846 0.417241
14915 0.930865 0.417288
14916 0.930891 0.417318
14917 0.930924 0.417333
14918 0.930963 0.417333
14919 0.930984 0.417341
14920 0.930989 0.417356
14921 0.930994 0.417385
14922 0.930998 0.417426
14923 0.931002 0.41748
14924 0.931015 0.417515
14925 0.931035 0.417534
14926 0.931063 0.417538
14927 0.931097 0.417529
14928 0.931137 0.417508
14929 0.931172 0.417505
14930 0.931205 0.417518
14931 0.931247 0.417538
14932 0.931299 0.417563
14933 0.931359 0.417594
14934 0.9314 0.41763
14935 0.931423 0.41767
14936 0.93143 0.417714
14937 0.931423 0.417745
14938 0.931403 0.417766
14939 0.931398 0.417792
14940 0.931408 0.417824
14941 0.931403 0.417844
14942 0.931385 0.417855
14943 0.931355 0.417857
14944 0.931342 0.417866
14945 0.931343 0.417882
14946 0.931358 0.417905
14947 0.931386 0.417933
14948 0.931423 0.417967
14949 0.931444 0.417989
14950 0.931449 0.418001
14951 0.93144 0.418004
14952 0.931418 0.417998
14953 0.931412 0.418001
14954 0.931421 0.418012
14955 0.931442 0.418029
14956 0.931447 0.418053
14957 0.931438 0.418082
14958 0.931417 0.418116
14959 0.931384 0.418155
14960 0.931341 0.418198
14961 0.931312 0.418223
14962 0.931294 0.418234
14963 0.931288 0.41823
14964 0.931295 0.418235
14965 0.931316 0.418247
14966 0.931321 0.418266
14967 0.931312 0.418291
14968 0.93129 0.418321
14969 0.931257 0.418356
14970 0.931241 0.418396
14971 0.931213 0.418439
14972 0.931201 0.418486
14973 0.931204 0.418536
14974 0.93122 0.418589
14975 0.931244 0.418623
14976 0.931275 0.418642
14977 0.931289 0.418666
14978 0.931288 0.418696
14979 0.931274 0.418731
14980 0.93127 0.41875
14981 0.93128 0.418775
14982 0.931303 0.418805
14983 0.931337 0.41884
14984 0.931354 0.418863
14985 0.931356 0.418876
14986 0.931344 0.418881
14987 0.931319 0.418876
14988 0.931283 0.418865
14989 0.931238 0.418847
14990 0.931183 0.418822
14991 0.931147 0.418808
14992 0.931129 0.418804
14993 0.931126 0.418807
14994 0.931109 0.418803
14995 0.931081 0.418791
14996 0.931042 0.418772
14997 0.930993 0.418748
14998 0.930958 0.418713
14999 0.93094 0.41869
15000 0.930938 0.418677
