14000 0.869466 0.319589
14001 0.869457 0.319568
14002 0.869448 0.319564
14003 0.869439 0.319576
14004 0.86943 0.319603
14005 0.86942 0.319642
14006 0.86941 0.319693
14007 0.8694 0.319754
14008 0.869407 0.31981
14009 0.869428 0.31986
14010 0.869463 0.319907
14011 0.86951 0.319949
14012 0.869568 0.319987
14013 0.869635 0.320022
14014 0.869695 0.320039
14015 0.869748 0.320038
14016 0.869795 0.320021
14017 0.869836 0.320022
14018 0.869872 0.320038
14019 0.869903 0.320068
14020 0.869931 0.32008
14021 0.869954 0.320075
14022 0.869975 0.320055
14023 0.869992 0.320021
14024 0.870007 0.319975
14025 0.870019 0.319949
14026 0.870029 0.319942
14027 0.870037 0.319919
14028 0.870043 0.319884
14029 0.870048 0.319836
14030 0.870051 0.319809
14031 0.870053 0.319799
14032 0.870054 0.319807
14033 0.870053 0.319829
14034 0.870052 0.319833
14035 0.87005 0.319822
14036 0.870047 0.319796
14037 0.870043 0.319757
14038 0.870038 0.319706
14039 0.870033 0.319645
14040 0.870028 0.319606
14041 0.870022 0.319586
14042 0.870015 0.319584
14043 0.870009 0.319597
14044 0.870002 0.319625
14045 0.869995 0.319634
14046 0.869987 0.319627
14047 0.869979 0.319605
14048 0.869971 0.31957
14049 0.869963 0.319522
14050 0.869954 0.319495
14051 0.869946 0.319487
14052 0.869937 0.319494
14053 0.869928 0.319517
14054 0.869919 0.319552
14055 0.86991 0.319569
14056 0.8699 0.319568
14057 0.869891 0.319552
14058 0.869882 0.319522
14059 0.869872 0.31948
14060 0.869863 0.319426
14061 0.869853 0.319362
14062 0.869843 0.31932
14063 0.869833 0.319297
14064 0.869824 0.319293
14065 0.869814 0.319304
14066 0.869803 0.31933
14067 0.869793 0.319369
14068 0.869783 0.319388
14069 0.869773 0.319421
14070 0.869762 0.319435
14071 0.869752 0.319432
14072 0.869742 0.319414
14073 0.869731 0.319413
14074 0.869721 0.319397
14075 0.86971 0.319398
14076 0.8697 0.319414
14077 0.869689 0.319444
14078 0.869679 0.319487
14079 0.869668 0.31951
14080 0.869657 0.319515
14081 0.869647 0.319504
14082 0.869636 0.319479
14083 0.869625 0.319441
14084 0.869614 0.319422
14085 0.869603 0.31942
14086 0.869592 0.319434
14087 0.869581 0.319463
14088 0.86957 0.319504
14089 0.869559 0.319556
14090 0.869548 0.319588
14091 0.869537 0.3196
14092 0.869526 0.319596
14093 0.869514 0.319577
14094 0.869503 0.319544
14095 0.869491 0.319499
14096 0.86948 0.319443
14097 0.869468 0.319377
14098 0.869456 0.319302
14099 0.869445 0.31925
14100 0.869433 0.319218
14101 0.869421 0.319206
14102 0.869409 0.31921
14103 0.869414 0.319214
14104 0.869418 0.319233
14105 0.869419 0.319266
14106 0.86942 0.319312
14107 0.869419 0.319337
14108 0.869417 0.319344
14109 0.869414 0.319335
14110 0.869409 0.319311
14111 0.869405 0.319274
14112 0.869399 0.319225
14113 0.869393 0.319165
14114 0.869386 0.319127
14115 0.869378 0.319108
14116 0.86937 0.319107
14117 0.869361 0.319122
14118 0.869353 0.31915
14119 0.86936 0.319176
14120 0.869366 0.319184
14121 0.86937 0.319176
14122 0.869372 0.319152
14123 0.869372 0.319116
14124 0.869372 0.319099
14125 0.86937 0.319099
14126 0.869367 0.319115
14127 0.869363 0.319144
14128 0.869375 0.319171
14129 0.869402 0.319196
14130 0.869441 0.319218
14131 0.869475 0.319254
14132 0.869505 0.319271
14133 0.86953 0.319301
14134 0.869552 0.319344
14135 0.86957 0.319399
14136 0.869585 0.319463
14137 0.869597 0.319536
14138 0.869624 0.319603
14139 0.869647 0.319647
14140 0.869666 0.319671
14141 0.869683 0.319678
14142 0.869696 0.319668
14143 0.869707 0.319643
14144 0.869716 0.319606
14145 0.869723 0.319557
14146 0.869728 0.319497
14147 0.869731 0.319427
14148 0.869733 0.31938
14149 0.869733 0.319353
14150 0.869732 0.319345
14151 0.86973 0.319353
14152 0.869727 0.319375
14153 0.869723 0.319411
14154 0.869718 0.319428
14155 0.869712 0.319428
14156 0.869723 0.319428
14157 0.869748 0.319428
14158 0.869769 0.319445
14159 0.869787 0.319474
14160 0.869802 0.319517
14161 0.869814 0.31954
14162 0.869824 0.319545
14163 0.869831 0.319534
14164 0.869837 0.319508
14165 0.869841 0.319501
14166 0.869843 0.319509
14167 0.869843 0.319533
14168 0.869843 0.31957
14169 0.869841 0.319618
14170 0.869838 0.319677
14171 0.869834 0.319746
14172 0.869829 0.319792
14173 0.869824 0.319819
14174 0.869818 0.319827
14175 0.869811 0.31985
14176 0.869804 0.319855
14177 0.869797 0.319844
14178 0.869789 0.319818
14179 0.869781 0.319811
14180 0.869772 0.31982
14181 0.869763 0.319843
14182 0.86977 0.319865
14183 0.869792 0.319885
14184 0.869811 0.319918
14185 0.869827 0.319963
14186 0.86984 0.319989
14187 0.869851 0.319996
14188 0.869859 0.319987
14189 0.869866 0.319995
14190 0.86987 0.320017
14191 0.869874 0.320022
14192 0.869876 0.320011
14193 0.869876 0.319985
14194 0.869876 0.319977
14195 0.869874 0.319986
14196 0.869872 0.320009
14197 0.869869 0.320046
14198 0.869865 0.320063
14199 0.86986 0.320063
14200 0.869855 0.320047
14201 0.869849 0.320018
14202 0.869843 0.319975
14203 0.869836 0.319953
14204 0.869829 0.319948
14205 0.869822 0.31996
14206 0.869814 0.319955
14207 0.869806 0.319934
14208 0.869797 0.3199
14209 0.869789 0.319854
14210 0.86978 0.319798
14211 0.86977 0.319731
14212 0.869761 0.319686
14213 0.869752 0.319662
14214 0.869742 0.319655
14215 0.869732 0.319665
14216 0.869738 0.319674
14217 0.86976 0.319682
14218 0.869795 0.31969
14219 0.869842 0.319698
14220 0.8699 0.319705
14221 0.869967 0.319713
14222 0.870044 0.319719
14223 0.870128 0.319726
14224 0.870203 0.319747
14225 0.87027 0.319782
14226 0.870328 0.319829
14227 0.87038 0.319887
14228 0.870427 0.319923
14229 0.870467 0.31994
14230 0.870503 0.31994
14231 0.870534 0.319924
14232 0.870561 0.319895
14233 0.870585 0.319853
14234 0.870606 0.31983
14235 0.870624 0.319825
14236 0.870639 0.319837
14237 0.870651 0.319831
14238 0.870662 0.319811
14239 0.870671 0.319777
14240 0.870678 0.319731
14241 0.870684 0.319674
14242 0.870688 0.319607
14243 0.870691 0.319563
14244 0.870693 0.319538
14245 0.870694 0.319532
14246 0.870694 0.319541
14247 0.870693 0.319565
14248 0.870691 0.319603
14249 0.870689 0.319621
14250 0.870686 0.319622
14251 0.870682 0.319607
14252 0.870678 0.319578
14253 0.870674 0.319567
14254 0.870669 0.319573
14255 0.870664 0.319563
14256 0.870658 0.319539
14257 0.870652 0.319532
14258 0.870646 0.319541
14259 0.87064 0.319535
14260 0.870633 0.319513
14261 0.870626 0.319509
14262 0.870619 0.319521
14263 0.870612 0.319547
14264 0.870605 0.319586
14265 0.870597 0.319637
14266 0.87059 0.319698
14267 0.870582 0.319738
14268 0.870574 0.319758
14269 0.870566 0.31976
14270 0.870558 0.319778
14271 0.87055 0.31981
14272 0.870542 0.319823
14273 0.870533 0.319819
14274 0.870525 0.319831
14275 0.870516 0.319857
14276 0.870508 0.319865
14277 0.870499 0.319857
14278 0.87049 0.319865
14279 0.870482 0.319888
14280 0.870473 0.319893
14281 0.870464 0.319882
14282 0.870455 0.319888
14283 0.870446 0.319909
14284 0.870437 0.319912
14285 0.870428 0.319899
14286 0.870419 0.319872
14287 0.87041 0.319863
14288 0.8704 0.31987
14289 0.870391 0.319862
14290 0.870382 0.319838
14291 0.870372 0.319833
14292 0.870363 0.319843
14293 0.870353 0.319868
14294 0.870344 0.319875
14295 0.870334 0.319897
14296 0.870324 0.319932
14297 0.870314 0.319949
14298 0.870305 0.319948
14299 0.870295 0.319931
14300 0.870285 0.319901
14301 0.870275 0.319889
14302 0.870265 0.319894
14303 0.870255 0.319914
14304 0.870244 0.319948
14305 0.870234 0.319962
14306 0.870224 0.31996
14307 0.870213 0.319942
14308 0.870203 0.319911
14309 0.870192 0.319898
14310 0.870182 0.319902
14311 0.870171 0.319921
14312 0.870161 0.319923
14313 0.87015 0.31994
14314 0.870139 0.31994
14315 0.870129 0.319924
14316 0.870118 0.319895
14317 0.870107 0.319852
14318 0.870096 0.319799
14319 0.870086 0.319766
14320 0.870075 0.319752
14321 0.870064 0.319755
14322 0.870053 0.319743
14323 0.870042 0.319716
14324 0.870031 0.319676
14325 0.87002 0.319624
14326 0.870026 0.319579
14327 0.87003 0.319553
14328 0.870032 0.319545
14329 0.870033 0.319523
14330 0.870033 0.319487
14331 0.870031 0.31947
14332 0.870029 0.319471
14333 0.870026 0.319487
14334 0.870038 0.319502
14335 0.870048 0.319531
14336 0.870073 0.319557
14337 0.870094 0.319565
14338 0.870112 0.319588
14339 0.870127 0.319624
14340 0.870139 0.319641
14341 0.870149 0.319671
14342 0.870157 0.319683
14343 0.870163 0.319679
14344 0.870167 0.31969
14345 0.87017 0.319716
14346 0.870171 0.319724
14347 0.870171 0.319715
14348 0.87017 0.319692
14349 0.870167 0.319655
14350 0.870164 0.319638
14351 0.87016 0.319638
14352 0.870155 0.319654
14353 0.87015 0.319683
14354 0.870143 0.319694
14355 0.870136 0.319688
14356 0.870129 0.319668
14357 0.870121 0.319634
14358 0.870112 0.319588
14359 0.870103 0.319562
14360 0.870094 0.319554
14361 0.870084 0.319563
14362 0.870075 0.319586
14363 0.870065 0.319622
14364 0.870055 0.31964
14365 0.870044 0.31964
14366 0.870033 0.319624
14367 0.870022 0.319626
14368 0.870011 0.319643
14369 0.87 0.319673
14370 0.869988 0.319717
14371 0.869977 0.319771
14372 0.869965 0.319805
14373 0.869953 0.319819
14374 0.869941 0.319817
14375 0.869928 0.319799
14376 0.869915 0.319768
14377 0.869903 0.319755
14378 0.86989 0.319759
14379 0.869877 0.319778
14380 0.869864 0.319811
14381 0.869852 0.319856
14382 0.869839 0.319912
14383 0.869826 0.319978
14384 0.86983 0.320038
14385 0.869849 0.320093
14386 0.869882 0.320142
14387 0.869927 0.320188
14388 0.869983 0.320229
14389 0.870032 0.320251
14390 0.870075 0.320255
14391 0.870112 0.320275
14392 0.870144 0.320307
14393 0.870172 0.320352
14394 0.870196 0.320409
14395 0.870217 0.320474
14396 0.870233 0.320518
14397 0.870247 0.320542
14398 0.870258 0.320548
14399 0.870267 0.320538
14400 0.870274 0.320545
14401 0.870279 0.320566
14402 0.870282 0.320601
14403 0.870284 0.320617
14404 0.870284 0.320615
14405 0.870283 0.320599
14406 0.87028 0.320568
14407 0.870277 0.320525
14408 0.870272 0.320471
14409 0.870267 0.320438
14410 0.870261 0.320424
14411 0.870255 0.320426
14412 0.870248 0.320413
14413 0.87024 0.320386
14414 0.870232 0.320346
14415 0.870223 0.320325
14416 0.870214 0.320322
14417 0.870204 0.320304
14418 0.870194 0.320303
14419 0.870184 0.320318
14420 0.870173 0.320346
14421 0.870162 0.320356
14422 0.870168 0.320367
14423 0.870189 0.320377
14424 0.870206 0.320401
14425 0.87022 0.320438
14426 0.870232 0.320457
14427 0.870241 0.320489
14428 0.870248 0.320533
14429 0.870252 0.320557
14430 0.870255 0.320563
14431 0.870256 0.320585
14432 0.870256 0.320619
14433 0.870255 0.320666
14434 0.870252 0.320723
14435 0.870249 0.320759
14436 0.870244 0.320776
14437 0.870238 0.320807
14438 0.870232 0.32085
14439 0.870225 0.320874
14440 0.870217 0.32088
14441 0.870208 0.3209
14442 0.870199 0.320934
14443 0.87019 0.32098
14444 0.870181 0.321037
14445 0.87017 0.321073
14446 0.87016 0.321089
14447 0.870149 0.321089
14448 0.870138 0.321073
14449 0.870126 0.321075
14450 0.870115 0.321091
14451 0.870103 0.321121
14452 0.870091 0.321164
14453 0.870079 0.321187
14454 0.870067 0.321193
14455 0.870054 0.321182
14456 0.870041 0.321157
14457 0.870028 0.321119
14458 0.870014 0.32107
14459 0.870001 0.321041
14460 0.869988 0.32103
14461 0.869991 0.321022
14462 0.870009 0.321015
14463 0.870041 0.32101
14464 0.870086 0.321007
14465 0.870141 0.321005
14466 0.870189 0.321019
14467 0.870231 0.321046
14468 0.870268 0.321087
14469 0.8703 0.321138
14470 0.870327 0.3212
14471 0.87035 0.321241
14472 0.870369 0.321262
14473 0.870384 0.321265
14474 0.870397 0.321253
14475 0.870406 0.321226
14476 0.870413 0.321187
14477 0.870417 0.321137
14478 0.87042 0.321107
14479 0.870421 0.321095
14480 0.87042 0.3211
14481 0.870419 0.32112
14482 0.870416 0.321153
14483 0.870412 0.321167
14484 0.870407 0.321165
14485 0.8704 0.321148
14486 0.870392 0.321117
14487 0.870384 0.321073
14488 0.870375 0.32105
14489 0.870365 0.321044
14490 0.870355 0.321054
14491 0.870345 0.321079
14492 0.870351 0.321102
14493 0.870372 0.321123
14494 0.870406 0.321143
14495 0.870452 0.321163
14496 0.870509 0.321181
14497 0.870576 0.321198
14498 0.870652 0.321214
14499 0.870718 0.321244
14500 0.870777 0.321287
14501 0.870828 0.321341
14502 0.870874 0.321404
14503 0.870913 0.321477
14504 0.870947 0.321558
14505 0.870977 0.321646
14506 0.871002 0.32171
14507 0.871023 0.321752
14508 0.87104 0.321775
14509 0.871054 0.32178
14510 0.871066 0.3218
14511 0.871075 0.321833
14512 0.871082 0.321878
14513 0.871087 0.321935
14514 0.87109 0.32197
14515 0.871091 0.321986
14516 0.87109 0.321986
14517 0.871088 0.32197
14518 0.871085 0.321971
14519 0.871081 0.321987
14520 0.871075 0.321987
14521 0.871069 0.321971
14522 0.871062 0.321972
14523 0.871054 0.321988
14524 0.871046 0.321988
14525 0.871037 0.321972
14526 0.871027 0.321973
14527 0.871016 0.321959
14528 0.871005 0.32193
14529 0.87101 0.321906
14530 0.87103 0.321886
14531 0.871064 0.321868
14532 0.871092 0.321837
14533 0.871116 0.321794
14534 0.871136 0.32177
14535 0.871153 0.321764
14536 0.871166 0.321775
14537 0.871177 0.321768
14538 0.871185 0.321747
14539 0.871191 0.321713
14540 0.871195 0.321698
14541 0.871197 0.321699
14542 0.871197 0.321716
14543 0.871197 0.321746
14544 0.871195 0.321758
14545 0.871191 0.321754
14546 0.871186 0.321734
14547 0.871181 0.321732
14548 0.871174 0.321746
14549 0.871167 0.321773
14550 0.87116 0.321813
14551 0.871152 0.321864
14552 0.87116 0.321912
14553 0.871182 0.321956
14554 0.871201 0.32198
14555 0.871216 0.321986
14556 0.871228 0.321977
14557 0.871237 0.321984
14558 0.871245 0.322005
14559 0.87125 0.32204
14560 0.871253 0.322087
14561 0.871255 0.322144
14562 0.871256 0.322211
14563 0.871255 0.322256
14564 0.871252 0.322281
14565 0.871248 0.322288
14566 0.871243 0.322279
14567 0.871237 0.322256
14568 0.87123 0.322251
14569 0.871222 0.322261
14570 0.871214 0.322286
14571 0.871206 0.322323
14572 0.871197 0.322372
14573 0.871204 0.322418
14574 0.871209 0.322443
14575 0.871228 0.322468
14576 0.871261 0.322491
14577 0.871289 0.322497
14578 0.871313 0.322486
14579 0.871333 0.322462
14580 0.871349 0.322424
14581 0.871362 0.322375
14582 0.871388 0.322333
14583 0.871428 0.322296
14584 0.871479 0.322264
14585 0.87154 0.322236
14586 0.87161 0.322213
14587 0.871672 0.322177
14588 0.871726 0.322128
14589 0.871774 0.32207
14590 0.871815 0.322002
14591 0.87185 0.321925
14592 0.87188 0.321841
14593 0.871906 0.32175
14594 0.871929 0.321683
14595 0.871948 0.321639
14596 0.871963 0.321614
14597 0.871977 0.321607
14598 0.871987 0.321616
14599 0.871996 0.321639
14600 0.872002 0.321676
14601 0.872007 0.321724
14602 0.87201 0.321783
14603 0.872012 0.32182
14604 0.872012 0.321839
14605 0.872011 0.32184
14606 0.872009 0.321826
14607 0.872005 0.321798
14608 0.872001 0.321788
14609 0.871996 0.321794
14610 0.871991 0.321815
14611 0.871985 0.32185
14612 0.871978 0.321896
14613 0.871971 0.321922
14614 0.871963 0.321931
14615 0.871955 0.321923
14616 0.871946 0.3219
14617 0.871937 0.321896
14618 0.871927 0.321907
14619 0.871918 0.321932
14620 0.871908 0.32197
14621 0.871898 0.32202
14622 0.871888 0.322081
14623 0.871877 0.322119
14624 0.871866 0.322139
14625 0.871855 0.322141
14626 0.871844 0.322159
14627 0.871833 0.32219
14628 0.871821 0.322233
14629 0.87181 0.322288
14630 0.871798 0.322352
14631 0.871787 0.322395
14632 0.871775 0.322418
14633 0.871763 0.322423
14634 0.87175 0.322412
14635 0.871738 0.322418
14636 0.871726 0.322439
14637 0.871714 0.322473
14638 0.871701 0.322519
14639 0.871689 0.322576
14640 0.871676 0.322643
14641 0.871664 0.322687
14642 0.871651 0.322712
14643 0.871639 0.322719
14644 0.871626 0.322709
14645 0.871613 0.322685
14646 0.8716 0.322648
14647 0.871586 0.322599
14648 0.871573 0.322539
14649 0.87156 0.322501
14650 0.871547 0.322483
14651 0.871533 0.322481
14652 0.87152 0.322496
14653 0.871507 0.322524
14654 0.871493 0.322565
14655 0.87148 0.322618
14656 0.871467 0.32265
14657 0.871453 0.322663
14658 0.87144 0.322659
14659 0.871443 0.322657
14660 0.871462 0.322656
14661 0.871495 0.322657
14662 0.871539 0.322658
14663 0.871595 0.322661
14664 0.871661 0.322665
14665 0.871719 0.322653
14666 0.87177 0.322658
14667 0.871814 0.322677
14668 0.871852 0.32268
14669 0.871886 0.322666
14670 0.871914 0.322638
14671 0.871939 0.322598
14672 0.871959 0.322577
14673 0.871977 0.322574
14674 0.871991 0.322586
14675 0.872003 0.322613
14676 0.872012 0.322653
14677 0.872019 0.322673
14678 0.872024 0.322676
14679 0.872027 0.322694
14680 0.872029 0.322725
14681 0.872029 0.322769
14682 0.872028 0.322793
14683 0.872026 0.3228
14684 0.872022 0.32279
14685 0.872018 0.322796
14686 0.872013 0.322818
14687 0.872007 0.322821
14688 0.872001 0.322809
14689 0.871993 0.322814
14690 0.871986 0.322834
14691 0.871977 0.322836
14692 0.871969 0.322853
14693 0.87196 0.322853
14694 0.87195 0.322869
14695 0.871941 0.322899
14696 0.871931 0.32291
14697 0.871921 0.322936
14698 0.87191 0.322943
14699 0.8719 0.322965
14700 0.871889 0.323001
14701 0.871878 0.323017
14702 0.871867 0.323048
14703 0.871856 0.323091
14704 0.871845 0.323145
14705 0.871833 0.323178
14706 0.871821 0.323192
14707 0.871809 0.32322
14708 0.871797 0.323261
14709 0.871786 0.323314
14710 0.871774 0.323377
14711 0.871762 0.323417
14712 0.871749 0.323439
14713 0.871737 0.323443
14714 0.871724 0.323431
14715 0.871711 0.323404
14716 0.871715 0.323382
14717 0.871717 0.323377
14718 0.871718 0.323388
14719 0.871717 0.323383
14720 0.871715 0.323362
14721 0.871712 0.323329
14722 0.871708 0.323314
14723 0.871703 0.323316
14724 0.871697 0.323333
14725 0.871691 0.323333
14726 0.8717 0.323334
14727 0.871725 0.323336
14728 0.871762 0.323339
14729 0.871794 0.323358
14730 0.871822 0.32339
14731 0.871846 0.323434
14732 0.871883 0.323475
14733 0.871932 0.323513
14734 0.871975 0.323531
14735 0.872012 0.323532
14736 0.872044 0.323549
14737 0.872072 0.323579
14738 0.872096 0.323622
14739 0.872117 0.323677
14740 0.872134 0.323741
14741 0.872149 0.323783
14742 0.87216 0.323806
14743 0.872169 0.323811
14744 0.872177 0.3238
14745 0.872182 0.323774
14746 0.872185 0.323766
14747 0.872187 0.323775
14748 0.872188 0.323799
14749 0.872188 0.323835
14750 0.872187 0.323853
14751 0.872184 0.323853
14752 0.87218 0.323838
14753 0.872176 0.323839
14754 0.872171 0.323856
14755 0.872165 0.323856
14756 0.872159 0.323841
14757 0.872152 0.323811
14758 0.872144 0.3238
14759 0.872136 0.323805
14760 0.872128 0.323795
14761 0.872119 0.323769
14762 0.87211 0.323762
14763 0.872101 0.323772
14764 0.872091 0.323764
14765 0.872081 0.323773
14766 0.872071 0.323797
14767 0.872061 0.323803
14768 0.87205 0.323793
14769 0.872039 0.323799
14770 0.872028 0.32382
14771 0.872017 0.323855
14772 0.872006 0.323902
14773 0.871995 0.323928
14774 0.871983 0.323937
14775 0.871971 0.323929
14776 0.871959 0.323937
14777 0.871947 0.32396
14778 0.871935 0.323996
14779 0.871922 0.324045
14780 0.87191 0.324072
14781 0.871897 0.324082
14782 0.871884 0.324075
14783 0.871871 0.324053
14784 0.871858 0.324018
14785 0.871844 0.324002
14786 0.871831 0.324003
14787 0.871817 0.323989
14788 0.871804 0.32396
14789 0.87179 0.323919
14790 0.871776 0.323897
14791 0.871762 0.323894
14792 0.871749 0.323906
14793 0.871735 0.323901
14794 0.871721 0.323881
14795 0.871707 0.323879
14796 0.871693 0.323893
14797 0.871679 0.323889
14798 0.871665 0.323871
14799 0.871651 0.32387
14800 0.871637 0.323884
14801 0.871623 0.323882
14802 0.87161 0.323895
14803 0.871596 0.323892
14804 0.871582 0.323904
14805 0.871568 0.3239
14806 0.871553 0.32388
14807 0.871539 0.323878
14808 0.871525 0.323892
14809 0.871528 0.323905
14810 0.871546 0.323919
14811 0.871578 0.323932
14812 0.871622 0.323944
14813 0.871677 0.323957
14814 0.871742 0.32397
14815 0.871816 0.323982
14816 0.871897 0.323994
14817 0.871987 0.324007
14818 0.872082 0.324019
14819 0.872167 0.324045
14820 0.872243 0.324084
14821 0.872309 0.324135
14822 0.872369 0.324165
14823 0.872421 0.324177
14824 0.872466 0.324172
14825 0.872506 0.324152
14826 0.872541 0.324119
14827 0.872571 0.324074
14828 0.872598 0.324049
14829 0.872621 0.324041
14830 0.87264 0.32405
14831 0.872657 0.324074
14832 0.872671 0.324079
14833 0.872683 0.324069
14834 0.872693 0.324044
14835 0.8727 0.324006
14836 0.872706 0.323957
14837 0.87271 0.323927
14838 0.872714 0.323917
14839 0.872716 0.323923
14840 0.872717 0.323944
14841 0.872717 0.323978
14842 0.872716 0.324025
14843 0.872714 0.324082
14844 0.872712 0.324118
14845 0.872709 0.324135
14846 0.872705 0.324166
14847 0.872701 0.32421
14848 0.872696 0.324264
14849 0.872691 0.324329
14850 0.872685 0.324403
14851 0.872679 0.324454
14852 0.872673 0.324484
14853 0.872667 0.324496
14854 0.87266 0.32449
14855 0.872653 0.32447
14856 0.872645 0.324437
14857 0.872638 0.324391
14858 0.87263 0.324334
14859 0.872623 0.324298
14860 0.872615 0.324282
14861 0.872607 0.324282
14862 0.872599 0.324299
14863 0.872591 0.324329
14864 0.872583 0.32434
14865 0.872574 0.324335
14866 0.872566 0.324315
14867 0.872558 0.324281
14868 0.87255 0.324235
14869 0.872541 0.324209
14870 0.872533 0.324202
14871 0.872524 0.32421
14872 0.872515 0.324203
14873 0.872507 0.32418
14874 0.872498 0.324144
14875 0.872489 0.324096
14876 0.87248 0.324069
14877 0.872471 0.32406
14878 0.872462 0.324067
14879 0.872452 0.324058
14880 0.872443 0.324034
14881 0.872434 0.323997
14882 0.872424 0.323949
14883 0.872415 0.323889
14884 0.872405 0.323821
14885 0.872395 0.323743
14886 0.872386 0.323689
14887 0.872376 0.323655
14888 0.872366 0.323641
14889 0.872357 0.323644
14890 0.872347 0.32363
14891 0.872337 0.323603
14892 0.872328 0.323563
14893 0.872318 0.323511
14894 0.872308 0.32348
14895 0.872298 0.323468
14896 0.872289 0.323472
14897 0.872279 0.323492
14898 0.87227 0.323525
14899 0.87226 0.323539
14900 0.87225 0.323536
14901 0.87224 0.323518
14902 0.87223 0.323487
14903 0.872221 0.323474
14904 0.872211 0.323477
14905 0.872201 0.323497
14906 0.872191 0.323529
14907 0.872182 0.323574
14908 0.872172 0.323631
14909 0.872162 0.323666
14910 0.872152 0.323682
14911 0.872142 0.323711
14912 0.872133 0.323754
14913 0.872123 0.323777
14914 0.872113 0.323813
14915 0.872103 0.323861
14916 0.872093 0.323888
14917 0.872083 0.323929
14918 0.872073 0.323981
14919 0.872063 0.324012
14920 0.872053 0.324025
14921 0.872042 0.324052
14922 0.872032 0.324091
14923 0.872022 0.324112
14924 0.872011 0.324114
14925 0.872001 0.324132
14926 0.87199 0.324164
14927 0.87198 0.324208
14928 0.87197 0.324233
14929 0.871959 0.324239
14930 0.871948 0.32426
14931 0.871938 0.324295
14932 0.871927 0.32431
14933 0.871916 0.324309
14934 0.871905 0.324323
14935 0.871894 0.324352
14936 0.871883 0.324393
14937 0.871872 0.324414
14938 0.87186 0.324418
14939 0.871849 0.324406
14940 0.871836 0.32438
14941 0.871824 0.32434
14942 0.871812 0.32432
14943 0.8718 0.324318
14944 0.871788 0.324332
14945 0.871777 0.324359
14946 0.871765 0.324369
14947 0.871753 0.324362
14948 0.871741 0.324371
14949 0.871729 0.324395
14950 0.871717 0.324432
14951 0.871706 0.324481
14952 0.871694 0.324509
14953 0.871682 0.324519
14954 0.87167 0.324513
14955 0.871658 0.324523
14956 0.871646 0.324547
14957 0.871635 0.324585
14958 0.871623 0.324634
14959 0.871612 0.324694
14960 0.8716 0.324732
14961 0.871588 0.324751
14962 0.871576 0.324784
14963 0.871564 0.324829
14964 0.871553 0.324885
14965 0.871541 0.32495
14966 0.871529 0.324994
14967 0.871517 0.325018
14968 0.871505 0.325055
14969 0.871494 0.325104
14970 0.871482 0.325132
14971 0.871469 0.325143
14972 0.871457 0.325136
14973 0.871445 0.325146
14974 0.871432 0.32517
14975 0.87142 0.325208
14976 0.871408 0.325257
14977 0.871397 0.325317
14978 0.871385 0.325386
14979 0.871373 0.325433
14980 0.871361 0.32546
14981 0.871348 0.325469
14982 0.871335 0.325461
14983 0.871322 0.32547
14984 0.87131 0.325493
14985 0.871297 0.325529
14986 0.871285 0.325578
14987 0.871272 0.325606
14988 0.871259 0.325615
14989 0.871246 0.325609
14990 0.871233 0.325618
14991 0.87122 0.325642
14992 0.871207 0.32568
14993 0.871194 0.325698
14994 0.871181 0.325698
14995 0.871167 0.325683
14996 0.871153 0.325654
14997 0.871139 0.325612
14998 0.871125 0.32559
14999 0.871112 0.325555
15000 0.871097 0.325507
