14000 0.928146 0.351065
14001 0.928166 0.351086
14002 0.928184 0.351089
14003 0.928201 0.351076
14004 0.928215 0.35108
14005 0.928228 0.351099
14006 0.92824 0.351131
14007 0.928251 0.351145
14008 0.928261 0.351142
14009 0.92827 0.351124
14010 0.928277 0.351092
14011 0.928284 0.351047
14012 0.928291 0.351023
14013 0.928297 0.351016
14014 0.928302 0.351026
14015 0.928306 0.351019
14016 0.928311 0.350998
14017 0.928314 0.350963
14018 0.928318 0.350947
14019 0.928321 0.350948
14020 0.928323 0.350964
14021 0.928325 0.350964
14022 0.928327 0.350979
14023 0.928329 0.351008
14024 0.928331 0.35105
14025 0.928332 0.351072
14026 0.928333 0.351076
14027 0.928333 0.351064
14028 0.928334 0.351038
14029 0.928334 0.350999
14030 0.928334 0.350948
14031 0.928334 0.350918
14032 0.928334 0.350906
14033 0.928334 0.350911
14034 0.928347 0.350908
14035 0.928373 0.350897
14036 0.928396 0.350872
14037 0.928416 0.350834
14038 0.928434 0.350784
14039 0.928451 0.350754
14040 0.928479 0.35072
14041 0.928504 0.350705
14042 0.928513 0.350698
14043 0.928507 0.350698
14044 0.928487 0.350705
14045 0.92847 0.350727
14046 0.928454 0.350762
14047 0.92844 0.350778
14048 0.928427 0.350777
14049 0.928416 0.350792
14050 0.928406 0.350821
14051 0.928397 0.350862
14052 0.928388 0.350915
14053 0.928381 0.350978
14054 0.928375 0.35102
14055 0.928369 0.351041
14056 0.928363 0.351045
14057 0.928358 0.351033
14058 0.928354 0.351006
14059 0.92835 0.350967
14060 0.928346 0.350916
14061 0.928342 0.350854
14062 0.928339 0.350783
14063 0.928336 0.350735
14064 0.928333 0.350707
14065 0.92833 0.350667
14066 0.928328 0.350645
14067 0.928326 0.350642
14068 0.928337 0.350631
14069 0.928347 0.350637
14070 0.92837 0.350635
14071 0.928404 0.350625
14072 0.928447 0.350608
14073 0.928473 0.3506
14074 0.928482 0.350599
14075 0.928476 0.350605
14076 0.928456 0.350617
14077 0.928425 0.350635
14078 0.928382 0.350657
14079 0.92833 0.350684
14080 0.928297 0.350701
14081 0.92828 0.350708
14082 0.928278 0.350706
14083 0.928291 0.350697
14084 0.928302 0.350705
14085 0.928311 0.350727
14086 0.92832 0.350763
14087 0.928328 0.35081
14088 0.928335 0.350869
14089 0.928355 0.350914
14090 0.928387 0.350947
14091 0.928429 0.350968
14092 0.92848 0.35098
14093 0.92854 0.350983
14094 0.928607 0.350978
14095 0.928682 0.350965
14096 0.928734 0.350961
14097 0.928768 0.350964
14098 0.928784 0.350973
14099 0.928784 0.350988
14100 0.92877 0.351008
14101 0.928771 0.351019
14102 0.928785 0.351021
14103 0.928812 0.351015
14104 0.928822 0.351016
14105 0.928817 0.351024
14106 0.928826 0.351023
14107 0.928848 0.351015
14108 0.928881 0.351001
14109 0.928924 0.35098
14110 0.92895 0.350967
14111 0.928958 0.350963
14112 0.928952 0.350967
14113 0.928932 0.350977
14114 0.9289 0.350992
14115 0.928885 0.350999
14116 0.928885 0.350997
14117 0.928899 0.350988
14118 0.928925 0.350972
14119 0.928935 0.350964
14120 0.928929 0.350964
14121 0.92891 0.350971
14122 0.928907 0.35097
14123 0.928904 0.350953
14124 0.928901 0.350923
14125 0.928898 0.35088
14126 0.928896 0.350856
14127 0.928894 0.350851
14128 0.928892 0.350831
14129 0.92889 0.350797
14130 0.928888 0.350782
14131 0.928887 0.350784
14132 0.928886 0.350801
14133 0.928884 0.350802
14134 0.928883 0.350786
14135 0.928882 0.350788
14136 0.928881 0.350805
14137 0.92888 0.350836
14138 0.928879 0.350848
14139 0.928878 0.350843
14140 0.928877 0.350824
14141 0.928876 0.350822
14142 0.928875 0.350835
14143 0.928875 0.350863
14144 0.928874 0.350904
14145 0.928874 0.350956
14146 0.928873 0.350988
14147 0.928873 0.351001
14148 0.928886 0.351004
14149 0.928911 0.351
14150 0.928947 0.350988
14151 0.928994 0.35097
14152 0.929049 0.350946
14153 0.929099 0.350909
14154 0.929129 0.350883
14155 0.929143 0.350866
14156 0.929142 0.350858
14157 0.929126 0.350857
14158 0.929098 0.350864
14159 0.929073 0.350885
14160 0.929051 0.35092
14161 0.92903 0.350968
14162 0.929012 0.351026
14163 0.928996 0.351062
14164 0.928981 0.35108
14165 0.928967 0.35108
14166 0.928955 0.351095
14167 0.928944 0.351094
14168 0.928934 0.351077
14169 0.928925 0.351077
14170 0.928917 0.351062
14171 0.928909 0.351032
14172 0.928903 0.35099
14173 0.928896 0.350968
14174 0.928891 0.350963
14175 0.928886 0.350975
14176 0.928881 0.351001
14177 0.928863 0.351031
14178 0.928833 0.351066
14179 0.928791 0.351103
14180 0.92874 0.351144
14181 0.92868 0.351187
14182 0.928625 0.35121
14183 0.928577 0.351216
14184 0.928533 0.351236
14185 0.928493 0.351239
14186 0.928457 0.351257
14187 0.928425 0.351258
14188 0.928396 0.351243
14189 0.92837 0.351245
14190 0.928347 0.351263
14191 0.928326 0.351294
14192 0.92832 0.351315
14193 0.928328 0.351325
14194 0.928336 0.351351
14195 0.928343 0.351389
14196 0.928349 0.351439
14197 0.928354 0.351499
14198 0.928373 0.351546
14199 0.928403 0.351581
14200 0.928444 0.351604
14201 0.928494 0.351617
14202 0.928553 0.351621
14203 0.928619 0.351618
14204 0.928679 0.35163
14205 0.928733 0.351656
14206 0.928782 0.351696
14207 0.928825 0.351716
14208 0.928865 0.351718
14209 0.9289 0.351704
14210 0.928932 0.351677
14211 0.928947 0.351659
14212 0.928946 0.35165
14213 0.928932 0.351648
14214 0.928905 0.351654
14215 0.928867 0.351666
14216 0.928818 0.351684
14217 0.928775 0.351715
14218 0.928735 0.351759
14219 0.9287 0.351814
14220 0.928668 0.35188
14221 0.92864 0.351954
14222 0.928614 0.352005
14223 0.92859 0.352036
14224 0.928569 0.352047
14225 0.92855 0.352043
14226 0.928533 0.352023
14227 0.928518 0.35202
14228 0.928503 0.352034
14229 0.928491 0.352061
14230 0.928479 0.352071
14231 0.928468 0.352064
14232 0.928459 0.352042
14233 0.92845 0.352006
14234 0.928442 0.351959
14235 0.928434 0.3519
14236 0.928427 0.351832
14237 0.92842 0.351756
14238 0.928414 0.351702
14239 0.928408 0.351638
14240 0.928403 0.351565
14241 0.928398 0.351484
14242 0.928393 0.351426
14243 0.928402 0.351367
14244 0.928424 0.351306
14245 0.928444 0.351266
14246 0.928461 0.351246
14247 0.928477 0.351244
14248 0.928491 0.351257
14249 0.928504 0.351285
14250 0.928515 0.351325
14251 0.928525 0.351377
14252 0.928534 0.351408
14253 0.928541 0.351421
14254 0.928548 0.351416
14255 0.928554 0.351397
14256 0.928573 0.351372
14257 0.928604 0.351341
14258 0.928645 0.351306
14259 0.928682 0.35129
14260 0.928715 0.351261
14261 0.928731 0.351241
14262 0.928731 0.351229
14263 0.928717 0.351226
14264 0.928691 0.35123
14265 0.928653 0.35124
14266 0.928605 0.351256
14267 0.928562 0.351286
14268 0.928523 0.351329
14269 0.928488 0.351383
14270 0.928457 0.351447
14271 0.928442 0.351497
14272 0.928442 0.351534
14273 0.928456 0.35156
14274 0.928468 0.351567
14275 0.92848 0.351559
14276 0.92849 0.351535
14277 0.928499 0.351498
14278 0.928507 0.35145
14279 0.928514 0.351422
14280 0.928521 0.351412
14281 0.928527 0.351419
14282 0.928546 0.351417
14283 0.928577 0.351408
14284 0.928605 0.351384
14285 0.928615 0.351369
14286 0.928611 0.351363
14287 0.928607 0.351373
14288 0.928604 0.351397
14289 0.928614 0.351411
14290 0.928637 0.351417
14291 0.928672 0.351413
14292 0.928716 0.351403
14293 0.928756 0.351378
14294 0.928792 0.35134
14295 0.92881 0.351312
14296 0.928813 0.351295
14297 0.928801 0.351285
14298 0.928791 0.351293
14299 0.928781 0.351315
14300 0.928773 0.35135
14301 0.928765 0.351367
14302 0.928758 0.351366
14303 0.928752 0.351349
14304 0.928746 0.35135
14305 0.928741 0.351335
14306 0.928736 0.351307
14307 0.928732 0.351265
14308 0.928728 0.351212
14309 0.928724 0.351148
14310 0.928721 0.351075
14311 0.928718 0.350994
14312 0.928715 0.350906
14313 0.928712 0.350842
14314 0.92871 0.3508
14315 0.928707 0.350777
14316 0.928705 0.350773
14317 0.928703 0.350785
14318 0.928701 0.350811
14319 0.9287 0.350819
14320 0.928698 0.35081
14321 0.928696 0.350787
14322 0.928695 0.35075
14323 0.928693 0.350702
14324 0.928691 0.350642
14325 0.92869 0.350604
14326 0.928688 0.350586
14327 0.928687 0.350554
14328 0.928685 0.350509
14329 0.928684 0.350485
14330 0.928683 0.350478
14331 0.928681 0.350488
14332 0.92868 0.350513
14333 0.928679 0.35055
14334 0.928678 0.350568
14335 0.928676 0.350569
14336 0.928675 0.350585
14337 0.928674 0.350585
14338 0.928672 0.350599
14339 0.928671 0.350628
14340 0.92867 0.350639
14341 0.928669 0.350632
14342 0.928667 0.350611
14343 0.928666 0.350608
14344 0.928665 0.35062
14345 0.928664 0.350647
14346 0.928676 0.350663
14347 0.928701 0.35067
14348 0.928737 0.350668
14349 0.928783 0.350658
14350 0.928837 0.350642
14351 0.9289 0.350619
14352 0.928969 0.35059
14353 0.929046 0.350556
14354 0.929114 0.350541
14355 0.929176 0.350544
14356 0.929218 0.350553
14357 0.929241 0.350568
14358 0.929248 0.350589
14359 0.929241 0.350614
14360 0.929234 0.350653
14361 0.929228 0.350703
14362 0.929222 0.350764
14363 0.929231 0.350811
14364 0.929252 0.350845
14365 0.929285 0.350868
14366 0.929328 0.350881
14367 0.929381 0.350885
14368 0.929441 0.350881
14369 0.929509 0.350869
14370 0.929557 0.350865
14371 0.929586 0.350869
14372 0.929598 0.35088
14373 0.929594 0.350896
14374 0.929605 0.350904
14375 0.929628 0.350902
14376 0.929635 0.350908
14377 0.929627 0.350921
14378 0.929606 0.350939
14379 0.929574 0.350963
14380 0.92953 0.350991
14381 0.929477 0.351024
14382 0.929443 0.351046
14383 0.929426 0.351057
14384 0.929424 0.35106
14385 0.929422 0.351078
14386 0.929421 0.351109
14387 0.929419 0.351154
14388 0.929404 0.3512
14389 0.929376 0.35125
14390 0.929338 0.351301
14391 0.929316 0.35134
14392 0.92931 0.351366
14393 0.929319 0.351382
14394 0.92934 0.351389
14395 0.929345 0.351402
14396 0.929335 0.35142
14397 0.929312 0.351444
14398 0.929278 0.351473
14399 0.929261 0.35149
14400 0.929258 0.351498
14401 0.92927 0.351497
14402 0.929266 0.351504
14403 0.929276 0.351501
14404 0.929285 0.351515
14405 0.929307 0.351519
14406 0.92934 0.351515
14407 0.929383 0.351503
14408 0.929436 0.351485
14409 0.929496 0.351461
14410 0.929564 0.351431
14411 0.929639 0.351396
14412 0.929692 0.351372
14413 0.929726 0.351357
14414 0.929743 0.351351
14415 0.929745 0.351353
14416 0.929732 0.351362
14417 0.929734 0.351362
14418 0.929749 0.351355
14419 0.929777 0.35134
14420 0.929815 0.351318
14421 0.929849 0.351315
14422 0.929866 0.351319
14423 0.929868 0.35133
14424 0.929855 0.351347
14425 0.92983 0.351369
14426 0.929794 0.351397
14427 0.929747 0.351429
14428 0.929718 0.35145
14429 0.929706 0.351461
14430 0.929709 0.351463
14431 0.929724 0.351457
14432 0.929752 0.351443
14433 0.929763 0.351438
14434 0.929759 0.35144
14435 0.929768 0.351434
14436 0.929763 0.351437
14437 0.929745 0.351446
14438 0.929714 0.351461
14439 0.929673 0.351482
14440 0.929649 0.351493
14441 0.929613 0.351509
14442 0.929567 0.351532
14443 0.929526 0.351567
14444 0.929489 0.351615
14445 0.929456 0.351674
14446 0.929439 0.351719
14447 0.929438 0.351751
14448 0.92945 0.351772
14449 0.929474 0.351782
14450 0.92951 0.351784
14451 0.929555 0.351777
14452 0.929609 0.351762
14453 0.929658 0.351765
14454 0.929702 0.351784
14455 0.929727 0.351807
14456 0.929737 0.351836
14457 0.929731 0.351868
14458 0.92974 0.35189
14459 0.92976 0.351901
14460 0.929793 0.351903
14461 0.929835 0.351897
14462 0.929887 0.351883
14463 0.929947 0.351862
14464 0.930014 0.351836
14465 0.930088 0.351803
14466 0.930168 0.351766
14467 0.930226 0.35174
14468 0.930265 0.351724
14469 0.930286 0.351717
14470 0.93029 0.351719
14471 0.930281 0.351727
14472 0.930259 0.351742
14473 0.930252 0.351748
14474 0.93026 0.351744
14475 0.93028 0.351733
14476 0.930311 0.351715
14477 0.930353 0.35169
14478 0.930404 0.35166
14479 0.930463 0.351625
14480 0.930503 0.351601
14481 0.930524 0.351586
14482 0.93053 0.351581
14483 0.930522 0.351584
14484 0.930501 0.351594
14485 0.930495 0.351595
14486 0.930504 0.351588
14487 0.930524 0.351573
14488 0.930529 0.351567
14489 0.93052 0.35157
14490 0.930498 0.35158
14491 0.930465 0.351596
14492 0.930421 0.351618
14493 0.930395 0.35163
14494 0.930384 0.351633
14495 0.930362 0.351642
14496 0.930327 0.351659
14497 0.930309 0.351665
14498 0.930307 0.351662
14499 0.930318 0.351652
14500 0.930314 0.35165
14501 0.930324 0.35164
14502 0.930346 0.351622
14503 0.930352 0.351614
14504 0.930344 0.351614
14505 0.930323 0.351621
14506 0.93029 0.351635
14507 0.930246 0.351655
14508 0.930193 0.351681
14509 0.930158 0.351695
14510 0.930141 0.3517
14511 0.930138 0.351696
14512 0.930149 0.351684
14513 0.930158 0.351689
14514 0.930167 0.351709
14515 0.930188 0.351719
14516 0.930207 0.351743
14517 0.930225 0.35178
14518 0.93024 0.35183
14519 0.930267 0.351866
14520 0.930305 0.35189
14521 0.930352 0.351904
14522 0.930408 0.351907
14523 0.930471 0.351902
14524 0.930542 0.351889
14525 0.930591 0.351885
14526 0.930622 0.351889
14527 0.930636 0.3519
14528 0.930662 0.351902
14529 0.930699 0.351895
14530 0.930745 0.35188
14531 0.930773 0.351874
14532 0.930784 0.351877
14533 0.93078 0.351887
14534 0.930763 0.351903
14535 0.930762 0.35191
14536 0.930773 0.351907
14537 0.93077 0.351913
14538 0.930753 0.351925
14539 0.930725 0.351945
14540 0.930685 0.351969
14541 0.930636 0.351999
14542 0.930605 0.352018
14543 0.930591 0.352027
14544 0.930591 0.352026
14545 0.930577 0.352033
14546 0.930552 0.352047
14547 0.930542 0.352052
14548 0.930546 0.352048
14549 0.930563 0.352036
14550 0.930579 0.35204
14551 0.930593 0.35206
14552 0.930618 0.35207
14553 0.930655 0.35207
14554 0.930701 0.352062
14555 0.930729 0.352063
14556 0.93074 0.352071
14557 0.930737 0.352086
14558 0.93072 0.352107
14559 0.930691 0.352133
14560 0.930651 0.352164
14561 0.930601 0.3522
14562 0.93057 0.352224
14563 0.930555 0.352237
14564 0.930555 0.352241
14565 0.930541 0.352252
14566 0.930515 0.352269
14567 0.930504 0.352276
14568 0.930508 0.352274
14569 0.930525 0.352264
14570 0.930554 0.352247
14571 0.930565 0.352239
14572 0.930562 0.352239
14573 0.930573 0.352231
14574 0.930596 0.352215
14575 0.930616 0.352216
14576 0.930648 0.352209
14577 0.930662 0.352211
14578 0.930662 0.352219
14579 0.930675 0.352219
14580 0.9307 0.35221
14581 0.930708 0.35221
14582 0.930702 0.352217
14583 0.930683 0.352232
14584 0.930653 0.352252
14585 0.930638 0.352262
14586 0.930639 0.352263
14587 0.930652 0.352256
14588 0.930678 0.352241
14589 0.930687 0.352235
14590 0.930682 0.352237
14591 0.930663 0.352247
14592 0.93066 0.352247
14593 0.930643 0.352255
14594 0.930615 0.35227
14595 0.930575 0.352291
14596 0.930526 0.352317
14597 0.930495 0.352333
14598 0.93048 0.352339
14599 0.930481 0.352336
14600 0.930494 0.352326
14601 0.930507 0.352331
14602 0.930518 0.352353
14603 0.930528 0.352387
14604 0.930537 0.352434
14605 0.930545 0.352492
14606 0.930566 0.352536
14607 0.930598 0.352567
14608 0.930613 0.352603
14609 0.93064 0.352627
14610 0.930677 0.35264
14611 0.930698 0.35266
14612 0.930702 0.352686
14613 0.93072 0.352701
14614 0.930749 0.352706
14615 0.930789 0.352702
14616 0.930838 0.352691
14617 0.930868 0.352689
14618 0.930882 0.352694
14619 0.930881 0.352707
14620 0.930866 0.352726
14621 0.930838 0.35275
14622 0.9308 0.35278
14623 0.930779 0.352799
14624 0.930774 0.352808
14625 0.930783 0.352808
14626 0.930777 0.352815
14627 0.930758 0.35283
14628 0.930727 0.352851
14629 0.930685 0.352877
14630 0.930634 0.352908
14631 0.930602 0.352928
14632 0.930573 0.352962
14633 0.93056 0.352984
14634 0.930548 0.35302
14635 0.930538 0.353067
14636 0.930528 0.353126
14637 0.930533 0.353171
14638 0.930551 0.353203
14639 0.930567 0.353248
14640 0.930595 0.35328
14641 0.930633 0.3533
14642 0.930682 0.353311
14643 0.930738 0.353313
14644 0.930776 0.353322
14645 0.930796 0.353338
14646 0.9308 0.35336
14647 0.93079 0.353387
14648 0.930782 0.353427
14649 0.930774 0.353479
14650 0.930766 0.353542
14651 0.93076 0.353614
14652 0.930768 0.353671
14653 0.930775 0.353737
14654 0.930781 0.353813
14655 0.930787 0.353866
14656 0.930792 0.353897
14657 0.930796 0.35391
14658 0.9308 0.353906
14659 0.930804 0.353886
14660 0.930808 0.353853
14661 0.930811 0.353808
14662 0.930813 0.353782
14663 0.930829 0.353752
14664 0.930857 0.353716
14665 0.930896 0.353676
14666 0.930945 0.353633
14667 0.930975 0.353601
14668 0.930988 0.35358
14669 0.930986 0.353569
14670 0.930971 0.353567
14671 0.930943 0.353573
14672 0.930905 0.353585
14673 0.930883 0.353589
14674 0.930878 0.353584
14675 0.930887 0.353572
14676 0.930881 0.353569
14677 0.930862 0.353574
14678 0.930858 0.35357
14679 0.930841 0.353574
14680 0.93084 0.35357
14681 0.930852 0.353559
14682 0.930876 0.35354
14683 0.930884 0.353531
14684 0.930878 0.353531
14685 0.930859 0.353538
14686 0.930828 0.353553
14687 0.9308 0.353581
14688 0.930774 0.353623
14689 0.930752 0.353676
14690 0.930731 0.353739
14691 0.930726 0.353788
14692 0.930735 0.353824
14693 0.930757 0.353849
14694 0.93079 0.353863
14695 0.930833 0.353868
14696 0.930885 0.353864
14697 0.930919 0.353869
14698 0.930935 0.35388
14699 0.930937 0.353899
14700 0.930924 0.353923
14701 0.930926 0.353937
14702 0.930942 0.353941
14703 0.930942 0.353953
14704 0.930928 0.353971
14705 0.930902 0.353995
14706 0.930865 0.354024
14707 0.930846 0.354043
14708 0.930841 0.354051
14709 0.930851 0.35405
14710 0.930873 0.354042
14711 0.930906 0.354026
14712 0.930923 0.35402
14713 0.930924 0.354022
14714 0.930911 0.354031
14715 0.930886 0.354047
14716 0.930849 0.354069
14717 0.93083 0.354081
14718 0.930826 0.354084
14719 0.930836 0.354079
14720 0.930859 0.354066
14721 0.930865 0.354062
14722 0.930858 0.354066
14723 0.930851 0.354085
14724 0.930844 0.354118
14725 0.930839 0.354164
14726 0.930834 0.35422
14727 0.930843 0.354263
14728 0.930851 0.354317
14729 0.930844 0.354374
14730 0.930825 0.354433
14731 0.930821 0.354477
14732 0.930804 0.354525
14733 0.930802 0.354561
14734 0.930814 0.354585
14735 0.93081 0.354614
14736 0.930794 0.354648
14737 0.930765 0.354686
14738 0.930726 0.354728
14739 0.930676 0.354773
14740 0.930646 0.354806
14741 0.930632 0.354827
14742 0.930632 0.354839
14743 0.930647 0.354841
14744 0.930673 0.354836
14745 0.930711 0.354823
14746 0.930758 0.354803
14747 0.930814 0.354777
14748 0.930851 0.354762
14749 0.93087 0.354756
14750 0.930874 0.354758
14751 0.930891 0.354752
14752 0.93092 0.354739
14753 0.93096 0.354719
14754 0.931009 0.354693
14755 0.93104 0.354678
14756 0.931054 0.354672
14757 0.931053 0.354674
14758 0.931065 0.354668
14759 0.93109 0.354655
14760 0.931099 0.354651
14761 0.931093 0.354655
14762 0.931102 0.354651
14763 0.931123 0.35464
14764 0.931155 0.354621
14765 0.931171 0.354613
14766 0.931172 0.354613
14767 0.931186 0.354605
14768 0.931212 0.35459
14769 0.931249 0.354569
14770 0.931296 0.354541
14771 0.931325 0.354525
14772 0.931337 0.354517
14773 0.931334 0.354519
14774 0.931318 0.354528
14775 0.93129 0.354529
14776 0.931279 0.354521
14777 0.931282 0.354506
14778 0.931298 0.354485
14779 0.931326 0.354457
14780 0.931365 0.354425
14781 0.931386 0.354387
14782 0.931392 0.354346
14783 0.931383 0.354301
14784 0.931389 0.354252
14785 0.931381 0.3542
14786 0.93136 0.354162
14787 0.931327 0.354135
14788 0.931312 0.354103
14789 0.931311 0.354065
14790 0.93131 0.354048
14791 0.93131 0.354047
14792 0.931309 0.354063
14793 0.931295 0.354085
14794 0.931269 0.354112
14795 0.931232 0.354145
14796 0.931185 0.354182
14797 0.931129 0.354223
14798 0.931065 0.354268
14799 0.930994 0.354316
14800 0.930943 0.354351
14801 0.930911 0.354375
14802 0.930896 0.354388
14803 0.930895 0.354392
14804 0.930881 0.354403
14805 0.930855 0.354421
14806 0.930817 0.354444
14807 0.930797 0.354457
14808 0.930765 0.354477
14809 0.930723 0.354502
14810 0.930671 0.354532
14811 0.93061 0.354567
14812 0.930542 0.354606
14813 0.930467 0.354648
14814 0.930413 0.354679
14815 0.930377 0.354698
14816 0.930332 0.354722
14817 0.930304 0.354736
14818 0.930292 0.354741
14819 0.930282 0.35476
14820 0.930273 0.354794
14821 0.930264 0.354839
14822 0.930256 0.354896
14823 0.930263 0.354939
14824 0.930282 0.35497
14825 0.930313 0.354989
14826 0.930354 0.354998
14827 0.930404 0.354999
14828 0.930463 0.354991
14829 0.930529 0.354976
14830 0.930589 0.354978
14831 0.930643 0.354995
14832 0.930692 0.355027
14833 0.930735 0.355071
14834 0.930775 0.355126
14835 0.930811 0.355191
14836 0.930829 0.355258
14837 0.930846 0.355334
14838 0.930861 0.355417
14839 0.930875 0.355477
14840 0.930887 0.355515
14841 0.930898 0.355533
14842 0.930908 0.355534
14843 0.930904 0.355528
14844 0.930886 0.355514
14845 0.930856 0.355493
14846 0.930816 0.355468
14847 0.930766 0.355437
14848 0.930707 0.355401
14849 0.930654 0.355353
14850 0.930607 0.355295
14851 0.930564 0.355226
14852 0.930526 0.35518
14853 0.930491 0.355155
14854 0.93046 0.355116
14855 0.930432 0.355066
14856 0.930407 0.355004
14857 0.930384 0.354934
14858 0.930364 0.354854
14859 0.930345 0.354767
14860 0.930329 0.354705
14861 0.930314 0.354664
14862 0.9303 0.354643
14863 0.930288 0.35464
14864 0.930277 0.354653
14865 0.930267 0.35468
14866 0.930258 0.35472
14867 0.93025 0.354772
14868 0.930243 0.354803
14869 0.930236 0.354815
14870 0.93023 0.35481
14871 0.930224 0.35479
14872 0.930219 0.354757
14873 0.930214 0.354711
14874 0.93021 0.354653
14875 0.930206 0.354586
14876 0.930202 0.35451
14877 0.930198 0.354426
14878 0.930195 0.354366
14879 0.930192 0.354328
14880 0.930189 0.354309
14881 0.930186 0.354308
14882 0.930183 0.354322
14883 0.930181 0.354319
14884 0.930178 0.354301
14885 0.930176 0.354301
14886 0.930174 0.354316
14887 0.930172 0.354345
14888 0.93017 0.354356
14889 0.930168 0.354381
14890 0.930166 0.35442
14891 0.930165 0.35447
14892 0.930163 0.3545
14893 0.930162 0.354511
14894 0.93016 0.354505
14895 0.930159 0.354515
14896 0.930158 0.35454
14897 0.93017 0.354555
14898 0.930195 0.35456
14899 0.930231 0.354557
14900 0.930276 0.354546
14901 0.930331 0.354529
14902 0.93038 0.354528
14903 0.930425 0.354544
14904 0.930465 0.354574
14905 0.930501 0.354616
14906 0.930533 0.35467
14907 0.930563 0.354734
14908 0.930589 0.354807
14909 0.930613 0.354889
14910 0.930635 0.354978
14911 0.930668 0.355051
14912 0.930711 0.355108
14913 0.93075 0.355144
14914 0.930799 0.355169
14915 0.930857 0.355183
14916 0.930922 0.355189
14917 0.930995 0.355185
14918 0.931046 0.35519
14919 0.931079 0.355203
14920 0.931109 0.355229
14921 0.931136 0.355269
14922 0.931146 0.355312
14923 0.931143 0.355359
14924 0.931139 0.355386
14925 0.931149 0.355402
14926 0.931172 0.355409
14927 0.931193 0.355431
14928 0.931213 0.355466
14929 0.93123 0.355482
14930 0.931245 0.355481
14931 0.931273 0.355472
14932 0.931311 0.355456
14933 0.931359 0.355434
14934 0.931389 0.355406
14935 0.931402 0.355373
14936 0.931401 0.355335
14937 0.931386 0.355293
14938 0.931385 0.355248
14939 0.931372 0.355215
14940 0.931373 0.355177
14941 0.931361 0.355151
14942 0.931336 0.355136
14943 0.9313 0.35513
14944 0.931254 0.355132
14945 0.931226 0.355126
14946 0.931202 0.355137
14947 0.93118 0.355162
14948 0.93116 0.3552
14949 0.931156 0.355227
14950 0.931166 0.355243
14951 0.931175 0.355273
14952 0.93117 0.355307
14953 0.931152 0.355347
14954 0.931149 0.355374
14955 0.931159 0.355391
14956 0.931156 0.355413
14957 0.931138 0.355442
14958 0.931109 0.355475
14959 0.93107 0.355513
14960 0.931034 0.355562
14961 0.931003 0.355623
14962 0.930974 0.355693
14963 0.930949 0.355772
14964 0.93094 0.355834
14965 0.930945 0.355883
14966 0.93095 0.355943
14967 0.930955 0.356012
14968 0.930972 0.356066
14969 0.931002 0.356107
14970 0.931042 0.356136
14971 0.931091 0.356154
14972 0.931122 0.356178
14973 0.931137 0.356208
14974 0.931136 0.356242
14975 0.931122 0.356281
14976 0.931123 0.356308
14977 0.931137 0.356324
14978 0.93115 0.356355
14979 0.931162 0.356398
14980 0.931186 0.356429
14981 0.931222 0.356449
14982 0.931267 0.356459
14983 0.931295 0.356475
14984 0.931306 0.356499
14985 0.931302 0.356511
14986 0.931285 0.356515
14987 0.931283 0.356511
14988 0.931268 0.356514
14989 0.931241 0.356526
14990 0.93123 0.356528
14991 0.931234 0.356522
14992 0.931224 0.356524
14993 0.931201 0.356535
14994 0.931194 0.356536
14995 0.931202 0.356529
14996 0.931195 0.356515
14997 0.931175 0.356495
14998 0.931143 0.356469
14999 0.931101 0.356438
15000 0.93105 0.356402
