14000 0.874035 0.25705
14001 0.874054 0.257079
14002 0.874058 0.257112
14003 0.874047 0.257135
14004 0.874025 0.257147
14005 0.873991 0.257166
14006 0.873947 0.257191
14007 0.873923 0.257214
14008 0.873917 0.257235
14009 0.873927 0.257255
14010 0.873923 0.257265
14011 0.873906 0.257266
14012 0.873877 0.257259
14013 0.873851 0.257268
14014 0.87383 0.257292
14015 0.873811 0.25733
14016 0.873795 0.257379
14017 0.873767 0.257415
14018 0.873758 0.257448
14019 0.873765 0.257479
14020 0.873787 0.257507
14021 0.873822 0.257533
14022 0.873855 0.257541
14023 0.873885 0.257532
14024 0.873914 0.257509
14025 0.87394 0.257472
14026 0.873965 0.257424
14027 0.873988 0.257365
14028 0.87401 0.257296
14029 0.874031 0.25725
14030 0.874051 0.257224
14031 0.874069 0.257216
14032 0.874087 0.257193
14033 0.874105 0.257188
14034 0.874107 0.257176
14035 0.874095 0.257157
14036 0.874071 0.257132
14037 0.874036 0.257103
14038 0.87399 0.257068
14039 0.873936 0.257029
14040 0.873874 0.256987
14041 0.873819 0.256964
14042 0.87377 0.256959
14043 0.873742 0.256955
14044 0.873733 0.256951
14045 0.87374 0.256949
14046 0.873761 0.256947
14047 0.873797 0.256945
14048 0.873844 0.256944
14049 0.873902 0.256944
14050 0.873956 0.256959
14051 0.87399 0.256965
14052 0.874008 0.256962
14053 0.87401 0.256968
14054 0.874028 0.256973
14055 0.87406 0.256978
14056 0.874104 0.256984
14057 0.87413 0.256981
14058 0.874154 0.256962
14059 0.874178 0.25693
14060 0.874199 0.256886
14061 0.87422 0.256831
14062 0.87424 0.256796
14063 0.874259 0.256781
14064 0.874277 0.256783
14065 0.874294 0.2568
14066 0.874311 0.256831
14067 0.874327 0.256874
14068 0.874343 0.256928
14069 0.874343 0.25697
14070 0.87433 0.256999
14071 0.874305 0.257018
14072 0.874268 0.257028
14073 0.874222 0.257028
14074 0.874166 0.257021
14075 0.874103 0.257007
14076 0.874062 0.256995
14077 0.87404 0.256984
14078 0.874036 0.256975
14079 0.874048 0.256967
14080 0.874075 0.25696
14081 0.874114 0.256954
14082 0.874165 0.25695
14083 0.874198 0.256953
14084 0.874214 0.256964
14085 0.874214 0.256982
14086 0.874201 0.257006
14087 0.874176 0.257035
14088 0.874169 0.257062
14089 0.874179 0.257087
14090 0.874203 0.257109
14091 0.874211 0.257121
14092 0.874205 0.257125
14093 0.874215 0.257128
14094 0.874211 0.257123
14095 0.874208 0.257103
14096 0.874206 0.25707
14097 0.874206 0.257024
14098 0.874207 0.256967
14099 0.87421 0.256932
14100 0.874213 0.256916
14101 0.874216 0.256916
14102 0.874221 0.256933
14103 0.874226 0.256963
14104 0.874232 0.256975
14105 0.874239 0.25697
14106 0.874246 0.25695
14107 0.874253 0.256948
14108 0.874275 0.256946
14109 0.874311 0.256945
14110 0.874344 0.256928
14111 0.874376 0.256898
14112 0.87439 0.256878
14113 0.874405 0.256845
14114 0.874419 0.256799
14115 0.874418 0.256766
14116 0.874404 0.256744
14117 0.874378 0.256732
14118 0.87437 0.256722
14119 0.874378 0.256713
14120 0.874401 0.256705
14121 0.874409 0.256706
14122 0.874402 0.256714
14123 0.874411 0.256722
14124 0.874435 0.256729
14125 0.874472 0.256737
14126 0.874507 0.256727
14127 0.874525 0.256727
14128 0.874542 0.256742
14129 0.874558 0.256771
14130 0.874589 0.256798
14131 0.874603 0.25683
14132 0.874602 0.256866
14133 0.874588 0.256907
14134 0.874576 0.256959
14135 0.874581 0.257006
14136 0.874601 0.257049
14137 0.874635 0.257087
14138 0.874681 0.257123
14139 0.874738 0.257155
14140 0.874775 0.257176
14141 0.874796 0.257187
14142 0.874801 0.257189
14143 0.874791 0.257184
14144 0.87477 0.257171
14145 0.874737 0.257151
14146 0.874693 0.257126
14147 0.87467 0.257103
14148 0.874665 0.257083
14149 0.874675 0.257066
14150 0.874701 0.25705
14151 0.87471 0.257044
14152 0.874705 0.257047
14153 0.874716 0.257049
14154 0.874741 0.257052
14155 0.87478 0.257055
14156 0.87483 0.257058
14157 0.874891 0.257061
14158 0.874962 0.257064
14159 0.875011 0.257059
14160 0.875043 0.257047
14161 0.875058 0.257044
14162 0.875058 0.257049
14163 0.875044 0.257061
14164 0.875018 0.25708
14165 0.874982 0.257105
14166 0.874964 0.257128
14167 0.874964 0.257149
14168 0.874951 0.257176
14169 0.874955 0.257201
14170 0.874973 0.257223
14171 0.875006 0.257244
14172 0.875022 0.257271
14173 0.875022 0.257287
14174 0.87501 0.257294
14175 0.874984 0.257292
14176 0.874948 0.257283
14177 0.874902 0.257266
14178 0.874847 0.257244
14179 0.874784 0.257231
14180 0.874743 0.257221
14181 0.874693 0.257219
14182 0.874663 0.257218
14183 0.874623 0.257225
14184 0.874573 0.257239
14185 0.874515 0.25726
14186 0.874449 0.257286
14187 0.874376 0.257318
14188 0.874327 0.257347
14189 0.874297 0.257373
14190 0.874287 0.257397
14191 0.874293 0.25742
14192 0.874284 0.257447
14193 0.874264 0.25748
14194 0.874231 0.257502
14195 0.874218 0.257522
14196 0.874222 0.257541
14197 0.874211 0.257565
14198 0.874189 0.257595
14199 0.874184 0.257622
14200 0.874195 0.257647
14201 0.874206 0.257653
14202 0.874217 0.257644
14203 0.874228 0.25762
14204 0.874239 0.257583
14205 0.87425 0.257534
14206 0.874262 0.257474
14207 0.874273 0.257405
14208 0.874298 0.257343
14209 0.874337 0.257287
14210 0.874372 0.257222
14211 0.874391 0.257171
14212 0.874394 0.257133
14213 0.874384 0.257106
14214 0.874361 0.257089
14215 0.874326 0.257082
14216 0.874282 0.257083
14217 0.874228 0.257092
14218 0.874195 0.2571
14219 0.874181 0.257108
14220 0.874185 0.257115
14221 0.874174 0.257129
14222 0.87415 0.25715
14223 0.874116 0.257176
14224 0.8741 0.2572
14225 0.874073 0.257229
14226 0.874063 0.257255
14227 0.874071 0.257279
14228 0.874093 0.257301
14229 0.874128 0.257322
14230 0.874147 0.257348
14231 0.87415 0.257378
14232 0.874153 0.257391
14233 0.874157 0.257386
14234 0.874162 0.257366
14235 0.874167 0.257333
14236 0.874172 0.257288
14237 0.874178 0.257231
14238 0.874184 0.257165
14239 0.87419 0.257121
14240 0.874197 0.257096
14241 0.874204 0.25709
14242 0.874211 0.257069
14243 0.874218 0.257034
14244 0.874226 0.257019
14245 0.874234 0.25702
14246 0.874242 0.257037
14247 0.87425 0.257037
14248 0.874258 0.257021
14249 0.874266 0.257022
14250 0.874275 0.257039
14251 0.874284 0.257069
14252 0.874293 0.257081
14253 0.874301 0.257076
14254 0.87431 0.257056
14255 0.874319 0.257023
14256 0.874313 0.257001
14257 0.874295 0.256988
14258 0.874265 0.256985
14259 0.874224 0.25699
14260 0.874174 0.257002
14261 0.874144 0.257013
14262 0.874133 0.257023
14263 0.874139 0.257033
14264 0.87416 0.257043
14265 0.874194 0.257052
14266 0.874211 0.257068
14267 0.874213 0.25709
14268 0.874201 0.257117
14269 0.874206 0.257142
14270 0.874226 0.257165
14271 0.87426 0.257187
14272 0.874306 0.257206
14273 0.874333 0.257231
14274 0.874345 0.257262
14275 0.874341 0.257297
14276 0.874325 0.257336
14277 0.874296 0.257379
14278 0.874286 0.257418
14279 0.874293 0.257454
14280 0.874315 0.257486
14281 0.87435 0.257516
14282 0.874368 0.257535
14283 0.87437 0.257544
14284 0.874359 0.257545
14285 0.874336 0.257537
14286 0.87433 0.257531
14287 0.874341 0.257526
14288 0.874366 0.257522
14289 0.874404 0.257519
14290 0.87444 0.2575
14291 0.874472 0.257468
14292 0.874518 0.257439
14293 0.874545 0.257422
14294 0.874556 0.257413
14295 0.874552 0.257414
14296 0.874535 0.257422
14297 0.874536 0.25743
14298 0.874552 0.257438
14299 0.874582 0.257445
14300 0.874624 0.257453
14301 0.874649 0.257467
14302 0.874687 0.25748
14303 0.874708 0.2575
14304 0.874713 0.257526
14305 0.874704 0.257557
14306 0.874682 0.257577
14307 0.874664 0.25758
14308 0.874648 0.257566
14309 0.87465 0.257555
14310 0.874667 0.257545
14311 0.874698 0.257537
14312 0.874713 0.257521
14313 0.874712 0.2575
14314 0.874698 0.257473
14315 0.874672 0.257441
14316 0.874664 0.257412
14317 0.874672 0.257387
14318 0.874666 0.257357
14319 0.874677 0.25733
14320 0.874701 0.257307
14321 0.87471 0.257278
14322 0.874704 0.257244
14323 0.874686 0.257205
14324 0.874685 0.257171
14325 0.874699 0.257141
14326 0.874699 0.257121
14327 0.874685 0.257112
14328 0.874688 0.257103
14329 0.874706 0.257096
14330 0.874738 0.257089
14331 0.874754 0.257076
14332 0.874754 0.257056
14333 0.874741 0.257046
14334 0.874716 0.257045
14335 0.874708 0.257044
14336 0.874717 0.257043
14337 0.874741 0.257043
14338 0.874749 0.25705
14339 0.874743 0.257065
14340 0.874753 0.257079
14341 0.874777 0.257091
14342 0.874815 0.257102
14343 0.874835 0.257105
14344 0.87484 0.2571
14345 0.874831 0.257087
14346 0.874809 0.257067
14347 0.874776 0.257042
14348 0.874761 0.25702
14349 0.874764 0.257
14350 0.874782 0.256983
14351 0.874814 0.256967
14352 0.874829 0.256961
14353 0.87483 0.256963
14354 0.874816 0.256973
14355 0.87482 0.256982
14356 0.874838 0.25699
14357 0.874842 0.257006
14358 0.874831 0.257027
14359 0.874808 0.257054
14360 0.874803 0.257079
14361 0.874814 0.257102
14362 0.874839 0.257122
14363 0.874878 0.257141
14364 0.874899 0.257166
14365 0.874905 0.257196
14366 0.874896 0.257231
14367 0.874904 0.257263
14368 0.874927 0.257291
14369 0.874963 0.257318
14370 0.874982 0.257334
14371 0.874985 0.25734
14372 0.874975 0.257338
14373 0.874981 0.257337
14374 0.875002 0.257336
14375 0.875037 0.257335
14376 0.875084 0.257335
14377 0.875113 0.257343
14378 0.875125 0.257358
14379 0.875123 0.257379
14380 0.875107 0.257406
14381 0.875079 0.257438
14382 0.87507 0.257468
14383 0.875077 0.257495
14384 0.875099 0.257519
14385 0.875135 0.257542
14386 0.875153 0.25757
14387 0.875156 0.257604
14388 0.875145 0.257641
14389 0.875122 0.257683
14390 0.875088 0.257728
14391 0.875072 0.25777
14392 0.875074 0.257808
14393 0.875062 0.257834
14394 0.875038 0.25785
14395 0.875003 0.257856
14396 0.874957 0.257854
14397 0.874932 0.257853
14398 0.874925 0.257852
14399 0.874934 0.257853
14400 0.874958 0.257853
14401 0.874995 0.257855
14402 0.875015 0.257848
14403 0.87502 0.257834
14404 0.87501 0.257814
14405 0.875017 0.257796
14406 0.875039 0.257781
14407 0.875074 0.257768
14408 0.875122 0.257757
14409 0.875151 0.257739
14410 0.875163 0.257715
14411 0.875161 0.257686
14412 0.875175 0.257661
14413 0.875203 0.257638
14414 0.875244 0.257619
14415 0.875267 0.257594
14416 0.875274 0.257579
14417 0.875267 0.257573
14418 0.875247 0.257576
14419 0.875245 0.257579
14420 0.875259 0.257582
14421 0.875286 0.257586
14422 0.875298 0.257597
14423 0.875295 0.257615
14424 0.875307 0.257632
14425 0.875334 0.257647
14426 0.875345 0.257669
14427 0.875341 0.257697
14428 0.875324 0.257729
14429 0.875324 0.257759
14430 0.87534 0.257787
14431 0.875341 0.25782
14432 0.875357 0.25785
14433 0.875387 0.257878
14434 0.875401 0.257911
14435 0.8754 0.257948
14436 0.875385 0.257975
14437 0.875358 0.25799
14438 0.875321 0.257996
14439 0.875273 0.257994
14440 0.875246 0.257993
14441 0.875238 0.257993
14442 0.875216 0.258001
14443 0.875183 0.258015
14444 0.87514 0.258036
14445 0.875117 0.258056
14446 0.875112 0.258075
14447 0.875123 0.258092
14448 0.875148 0.258109
14449 0.875187 0.258125
14450 0.875237 0.25814
14451 0.875269 0.258146
14452 0.875284 0.258143
14453 0.875284 0.258133
14454 0.87527 0.258115
14455 0.875245 0.258092
14456 0.875237 0.258072
14457 0.875246 0.258055
14458 0.87527 0.25804
14459 0.875307 0.258028
14460 0.875356 0.258018
14461 0.875415 0.258009
14462 0.875455 0.25801
14463 0.875478 0.258018
14464 0.875484 0.258033
14465 0.875477 0.258054
14466 0.875486 0.258074
14467 0.875509 0.258093
14468 0.875546 0.258111
14469 0.875595 0.258128
14470 0.875625 0.258136
14471 0.875639 0.258135
14472 0.875638 0.258126
14473 0.875652 0.258119
14474 0.875681 0.258113
14475 0.875693 0.258116
14476 0.875691 0.258127
14477 0.875704 0.258137
14478 0.875732 0.258147
14479 0.875772 0.258157
14480 0.875795 0.258158
14481 0.875802 0.258151
14482 0.875795 0.258137
14483 0.875775 0.258116
14484 0.875773 0.258099
14485 0.875786 0.258083
14486 0.875814 0.258071
14487 0.875855 0.25806
14488 0.875907 0.258051
14489 0.87597 0.258043
14490 0.876042 0.258037
14491 0.876093 0.258039
14492 0.876125 0.258049
14493 0.876141 0.258066
14494 0.876142 0.258088
14495 0.876128 0.258117
14496 0.876103 0.25815
14497 0.876067 0.258188
14498 0.876021 0.25823
14499 0.875965 0.258275
14500 0.875902 0.258324
14501 0.875861 0.258368
14502 0.87581 0.258416
14503 0.87578 0.25846
14504 0.875769 0.2585
14505 0.875774 0.258537
14506 0.875794 0.258571
14507 0.875828 0.258602
14508 0.875875 0.25863
14509 0.875903 0.258664
14510 0.875915 0.258687
14511 0.875911 0.2587
14512 0.875924 0.258712
14513 0.875952 0.258723
14514 0.875992 0.258735
14515 0.876044 0.258746
14516 0.876106 0.258756
14517 0.876148 0.258758
14518 0.876173 0.258752
14519 0.876211 0.258747
14520 0.876261 0.258744
14521 0.876321 0.258742
14522 0.876362 0.258732
14523 0.876385 0.258715
14524 0.876392 0.258693
14525 0.876385 0.258664
14526 0.876365 0.258631
14527 0.876362 0.258602
14528 0.876347 0.258568
14529 0.876348 0.258539
14530 0.876336 0.25852
14531 0.876341 0.258503
14532 0.87636 0.25849
14533 0.876394 0.258478
14534 0.87641 0.258476
14535 0.876412 0.258481
14536 0.876429 0.258487
14537 0.87643 0.258484
14538 0.876418 0.258474
14539 0.876423 0.258466
14540 0.876443 0.258459
14541 0.876476 0.258454
14542 0.876522 0.25845
14543 0.876579 0.258448
14544 0.876617 0.258453
14545 0.876637 0.258466
14546 0.876642 0.258486
14547 0.876633 0.258511
14548 0.876611 0.258542
14549 0.876607 0.25857
14550 0.876619 0.258597
14551 0.876616 0.258629
14552 0.8766 0.258665
14553 0.876572 0.258706
14554 0.876533 0.258751
14555 0.876485 0.258799
14556 0.876428 0.25885
14557 0.876393 0.258897
14558 0.876347 0.258931
14559 0.876292 0.258955
14560 0.876259 0.258977
14561 0.876244 0.258997
14562 0.876247 0.259017
14563 0.876264 0.259035
14564 0.876296 0.259053
14565 0.87634 0.25907
14566 0.876396 0.259086
14567 0.876461 0.259102
14568 0.876507 0.259108
14569 0.876534 0.259105
14570 0.876545 0.259096
14571 0.876571 0.259088
14572 0.876609 0.259082
14573 0.876659 0.259077
14574 0.876691 0.259065
14575 0.876706 0.259047
14576 0.876706 0.259023
14577 0.876692 0.258993
14578 0.876666 0.258958
14579 0.876629 0.258919
14580 0.876583 0.258877
14581 0.876527 0.25883
14582 0.876463 0.258781
14583 0.876422 0.258737
14584 0.8764 0.258699
14585 0.876396 0.258666
14586 0.876408 0.258637
14587 0.876434 0.258612
14588 0.876474 0.25859
14589 0.876525 0.258572
14590 0.876586 0.258556
14591 0.876628 0.258534
14592 0.876652 0.258507
14593 0.876661 0.258474
14594 0.876655 0.258453
14595 0.876635 0.258441
14596 0.876634 0.258431
14597 0.876619 0.25843
14598 0.876592 0.258437
14599 0.876554 0.258452
14600 0.876535 0.258465
14601 0.876534 0.258478
14602 0.876519 0.258498
14603 0.876493 0.258524
14604 0.876455 0.258554
14605 0.876408 0.25859
14606 0.876381 0.258623
14607 0.876372 0.258653
14608 0.87638 0.258682
14609 0.876403 0.258708
14610 0.876409 0.25874
14611 0.876431 0.258769
14612 0.876437 0.258804
14613 0.876429 0.258842
14614 0.876438 0.258878
14615 0.876461 0.258912
14616 0.876497 0.258942
14617 0.876546 0.258971
14618 0.876576 0.259005
14619 0.876619 0.259036
14620 0.876644 0.259072
14621 0.876653 0.259113
14622 0.876648 0.259157
14623 0.876658 0.259198
14624 0.876684 0.259235
14625 0.876693 0.259277
14626 0.876688 0.259323
14627 0.87667 0.259372
14628 0.87664 0.259425
14629 0.876629 0.259473
14630 0.876635 0.259517
14631 0.876655 0.259558
14632 0.87669 0.259595
14633 0.876736 0.25963
14634 0.876765 0.259669
14635 0.876777 0.259713
14636 0.876774 0.25976
14637 0.876788 0.259804
14638 0.876815 0.259844
14639 0.876827 0.259888
14640 0.876824 0.259936
14641 0.876808 0.259987
14642 0.876809 0.260034
14643 0.876825 0.260077
14644 0.876827 0.260108
14645 0.876814 0.260128
14646 0.876819 0.260147
14647 0.876838 0.260165
14648 0.876872 0.260182
14649 0.876918 0.260199
14650 0.876945 0.260206
14651 0.876956 0.260204
14652 0.876953 0.260211
14653 0.876936 0.260225
14654 0.876908 0.260246
14655 0.876898 0.260265
14656 0.876905 0.260284
14657 0.876927 0.260302
14658 0.876962 0.26032
14659 0.877009 0.260337
14660 0.877038 0.26036
14661 0.877051 0.260373
14662 0.877049 0.260377
14663 0.877034 0.260372
14664 0.877006 0.260361
14665 0.876997 0.260351
14666 0.877004 0.260344
14667 0.876997 0.260329
14668 0.876978 0.260308
14669 0.876946 0.260282
14670 0.876934 0.260259
14671 0.876938 0.260239
14672 0.876957 0.260223
14673 0.876962 0.260216
14674 0.876952 0.260218
14675 0.876959 0.26022
14676 0.87698 0.260224
14677 0.876986 0.260235
14678 0.876978 0.260252
14679 0.876958 0.260276
14680 0.876955 0.260299
14681 0.876968 0.26032
14682 0.876995 0.260341
14683 0.877035 0.26036
14684 0.877058 0.260369
14685 0.877065 0.26037
14686 0.877057 0.260363
14687 0.877037 0.260364
14688 0.877005 0.260358
14689 0.876963 0.260344
14690 0.876911 0.260324
14691 0.876851 0.260314
14692 0.876813 0.260306
14693 0.876794 0.2603
14694 0.876764 0.260302
14695 0.876723 0.260312
14696 0.876702 0.260321
14697 0.876698 0.260331
14698 0.876682 0.260348
14699 0.876683 0.260364
14700 0.876699 0.260379
14701 0.8767 0.260401
14702 0.876687 0.260428
14703 0.876663 0.260461
14704 0.876627 0.260498
14705 0.87661 0.260532
14706 0.876611 0.260564
14707 0.876598 0.260601
14708 0.876602 0.260634
14709 0.876592 0.260657
14710 0.87657 0.260669
14711 0.876536 0.260672
14712 0.876492 0.260667
14713 0.876468 0.260664
14714 0.876462 0.260661
14715 0.876472 0.26066
14716 0.876497 0.26066
14717 0.876536 0.260661
14718 0.876585 0.260662
14719 0.876646 0.260664
14720 0.876687 0.260659
14721 0.87671 0.260661
14722 0.876718 0.260671
14723 0.876711 0.260689
14724 0.876692 0.260712
14725 0.876661 0.260741
14726 0.876619 0.260775
14727 0.876597 0.260806
14728 0.876593 0.260836
14729 0.876576 0.26087
14730 0.876577 0.260902
14731 0.876593 0.260932
14732 0.876623 0.260959
14733 0.876636 0.260992
14734 0.876635 0.261029
14735 0.87662 0.261071
14736 0.876593 0.261116
14737 0.876555 0.261165
14738 0.876508 0.261217
14739 0.876481 0.261265
14740 0.876472 0.261308
14741 0.87648 0.261349
14742 0.876473 0.261393
14743 0.876454 0.261441
14744 0.876423 0.261492
14745 0.876411 0.261539
14746 0.876415 0.261582
14747 0.876406 0.261613
14748 0.876384 0.261633
14749 0.87638 0.261653
14750 0.876392 0.261671
14751 0.876418 0.261689
14752 0.876457 0.261706
14753 0.876493 0.261706
14754 0.876513 0.261699
14755 0.876516 0.261684
14756 0.876521 0.261655
14757 0.876526 0.261613
14758 0.876546 0.261577
14759 0.876579 0.261545
14760 0.876625 0.261518
14761 0.876653 0.261502
14762 0.876665 0.261495
14763 0.876662 0.261496
14764 0.876645 0.261506
14765 0.876646 0.261515
14766 0.876663 0.261525
14767 0.876693 0.261535
14768 0.876707 0.261551
14769 0.876706 0.261574
14770 0.876691 0.261603
14771 0.876694 0.26163
14772 0.876712 0.261655
14773 0.876744 0.261679
14774 0.876759 0.261708
14775 0.876759 0.261727
14776 0.876745 0.261737
14777 0.876748 0.261746
14778 0.876767 0.261756
14779 0.87677 0.261757
14780 0.876759 0.261751
14781 0.876765 0.261746
14782 0.876786 0.261743
14783 0.876791 0.261732
14784 0.876782 0.261715
14785 0.87676 0.261692
14786 0.876727 0.261664
14787 0.876712 0.26164
14788 0.876715 0.261619
14789 0.876733 0.261601
14790 0.876765 0.261586
14791 0.876809 0.261573
14792 0.876836 0.261554
14793 0.876846 0.261529
14794 0.876841 0.261499
14795 0.876823 0.261465
14796 0.876793 0.261426
14797 0.876782 0.261392
14798 0.876788 0.261362
14799 0.876808 0.261336
14800 0.876843 0.261313
14801 0.876889 0.261294
14802 0.876947 0.261277
14803 0.876985 0.261254
14804 0.877006 0.261226
14805 0.877011 0.261193
14806 0.877002 0.261155
14807 0.87698 0.261113
14808 0.876947 0.261068
14809 0.876904 0.261019
14810 0.876881 0.260975
14811 0.876846 0.260929
14812 0.876801 0.260894
14813 0.876747 0.260871
14814 0.876685 0.260859
14815 0.876616 0.260855
14816 0.87654 0.260859
14817 0.876457 0.260871
14818 0.876399 0.260882
14819 0.876362 0.260893
14820 0.876345 0.260904
14821 0.876316 0.260922
14822 0.876275 0.260945
14823 0.876255 0.260967
14824 0.876252 0.260988
14825 0.876236 0.261015
14826 0.876208 0.261047
14827 0.876169 0.261083
14828 0.87615 0.261117
14829 0.876148 0.261148
14830 0.876133 0.261184
14831 0.876106 0.261224
14832 0.876097 0.261262
14833 0.876104 0.261297
14834 0.876126 0.261329
14835 0.876133 0.261366
14836 0.876125 0.261408
14837 0.876105 0.261452
14838 0.876072 0.2615
14839 0.876059 0.261545
14840 0.876063 0.261586
14841 0.876081 0.261625
14842 0.876114 0.261661
14843 0.876159 0.261695
14844 0.876215 0.261727
14845 0.876281 0.261757
14846 0.876327 0.261791
14847 0.876354 0.26183
14848 0.876366 0.261873
14849 0.876362 0.261904
14850 0.876346 0.261924
14851 0.876317 0.261934
14852 0.876278 0.261935
14853 0.876229 0.261929
14854 0.876201 0.261924
14855 0.876191 0.261921
14856 0.876197 0.26192
14857 0.876219 0.26192
14858 0.876225 0.261912
14859 0.876246 0.261906
14860 0.87628 0.261903
14861 0.876298 0.261892
14862 0.8763 0.261874
14863 0.876288 0.26185
14864 0.876293 0.26183
14865 0.876313 0.261813
14866 0.876346 0.261799
14867 0.876392 0.261787
14868 0.876449 0.261778
14869 0.876516 0.261771
14870 0.876563 0.261757
14871 0.876591 0.261736
14872 0.876603 0.26171
14873 0.8766 0.261679
14874 0.876584 0.261643
14875 0.876556 0.261603
14876 0.876517 0.261559
14877 0.876497 0.26152
14878 0.876495 0.261486
14879 0.87648 0.261448
14880 0.876453 0.261406
14881 0.876414 0.261361
14882 0.876366 0.261312
14883 0.876309 0.261261
14884 0.876274 0.261215
14885 0.876258 0.261175
14886 0.876258 0.26114
14887 0.876275 0.26111
14888 0.876276 0.261074
14889 0.876263 0.261035
14890 0.876239 0.261007
14891 0.876203 0.26099
14892 0.876157 0.260982
14893 0.876102 0.260983
14894 0.876039 0.260991
14895 0.875998 0.261
14896 0.875977 0.261008
14897 0.875973 0.261017
14898 0.875986 0.261025
14899 0.875983 0.261041
14900 0.875968 0.261063
14901 0.87594 0.26109
14902 0.875901 0.261123
14903 0.875882 0.261153
14904 0.875881 0.261181
14905 0.875866 0.261214
14906 0.875839 0.261252
14907 0.87583 0.261287
14908 0.875838 0.261319
14909 0.875831 0.261356
14910 0.875841 0.26139
14911 0.875836 0.261429
14912 0.875818 0.261472
14913 0.875789 0.261518
14914 0.875748 0.261567
14915 0.875728 0.261613
14916 0.875695 0.261661
14917 0.875682 0.261706
14918 0.875685 0.261748
14919 0.875675 0.261793
14920 0.875667 0.261818
14921 0.87566 0.261825
14922 0.875655 0.261815
14923 0.875637 0.261815
14924 0.875607 0.261822
14925 0.875566 0.261836
14926 0.875545 0.261849
14927 0.875542 0.261863
14928 0.875555 0.261876
14929 0.875582 0.261889
14930 0.875621 0.261902
14931 0.875644 0.261921
14932 0.87565 0.261946
14933 0.875642 0.261976
14934 0.875622 0.262011
14935 0.875604 0.262027
14936 0.875604 0.262042
14937 0.87562 0.262057
14938 0.875649 0.262072
14939 0.875676 0.262069
14940 0.875702 0.262052
14941 0.875726 0.26202
14942 0.875749 0.261976
14943 0.875756 0.261944
14944 0.875748 0.261924
14945 0.875728 0.261913
14946 0.875696 0.26191
14947 0.875654 0.261916
14948 0.875602 0.261929
14949 0.875571 0.261942
14950 0.875559 0.261954
14951 0.875564 0.261967
14952 0.875583 0.261979
14953 0.875617 0.261991
14954 0.875663 0.262003
14955 0.875719 0.262015
14956 0.875786 0.262026
14957 0.875833 0.262045
14958 0.875861 0.262069
14959 0.875873 0.262098
14960 0.87587 0.262133
14961 0.875853 0.262172
14962 0.875825 0.262214
14963 0.875786 0.262261
14964 0.875737 0.26231
14965 0.87568 0.262362
14966 0.875644 0.26241
14967 0.875627 0.262455
14968 0.875628 0.262496
14969 0.875644 0.262534
14970 0.875674 0.262569
14971 0.875716 0.262602
14972 0.875741 0.26264
14973 0.87575 0.262681
14974 0.875744 0.262726
14975 0.875725 0.262774
14976 0.875695 0.262825
14977 0.875654 0.262879
14978 0.875633 0.262929
14979 0.875629 0.262975
14980 0.875641 0.263017
14981 0.875668 0.263056
14982 0.875708 0.263093
14983 0.875759 0.263127
14984 0.875821 0.263158
14985 0.875863 0.263195
14986 0.875887 0.263235
14987 0.875896 0.26328
14988 0.87589 0.263327
14989 0.875871 0.263378
14990 0.87584 0.263432
14991 0.875828 0.263481
14992 0.875833 0.263527
14993 0.875853 0.263569
14994 0.875872 0.263591
14995 0.875891 0.263596
14996 0.875909 0.263584
14997 0.875926 0.263558
14998 0.875943 0.263519
14999 0.875959 0.263468
15000 0.875975 0.263407
