14000 0.873178 0.131805
14001 0.873161 0.131759
14002 0.873146 0.131734
14003 0.873133 0.131726
14004 0.873122 0.131735
14005 0.873112 0.131758
14006 0.87309 0.131772
14007 0.87307 0.1318
14008 0.873053 0.13184
14009 0.873039 0.131892
14010 0.873026 0.131955
14011 0.873014 0.132027
14012 0.87302 0.132092
14013 0.87304 0.13215
14014 0.873074 0.132204
14015 0.873106 0.132236
14016 0.873135 0.13225
14017 0.873162 0.132247
14018 0.873186 0.13226
14019 0.873209 0.132256
14020 0.873217 0.132244
14021 0.873209 0.132227
14022 0.873189 0.132203
14023 0.873172 0.132198
14024 0.873156 0.132208
14025 0.873158 0.132218
14026 0.873159 0.132243
14027 0.873162 0.13225
14028 0.873165 0.13224
14029 0.873169 0.132216
14030 0.873173 0.132178
14031 0.873177 0.132129
14032 0.873182 0.132069
14033 0.873187 0.132
14034 0.873192 0.131953
14035 0.873198 0.131927
14036 0.873203 0.131918
14037 0.873208 0.131926
14038 0.873213 0.131949
14039 0.873218 0.131985
14040 0.873223 0.132002
14041 0.873229 0.132033
14042 0.873234 0.132076
14043 0.87324 0.132131
14044 0.873245 0.132164
14045 0.873252 0.132179
14046 0.873258 0.132176
14047 0.873265 0.132159
14048 0.873271 0.132127
14049 0.873278 0.132083
14050 0.873286 0.132028
14051 0.873293 0.131963
14052 0.873316 0.131904
14053 0.873351 0.131852
14054 0.873399 0.131805
14055 0.873428 0.131756
14056 0.873455 0.131726
14057 0.87348 0.131716
14058 0.873504 0.131722
14059 0.873525 0.131743
14060 0.873546 0.131777
14061 0.873565 0.131824
14062 0.873583 0.131881
14063 0.8736 0.131917
14064 0.873617 0.131934
14065 0.873632 0.131934
14066 0.873633 0.131926
14067 0.87362 0.131911
14068 0.873609 0.131913
14069 0.8736 0.131931
14070 0.873592 0.131963
14071 0.873587 0.131975
14072 0.873583 0.131971
14073 0.87358 0.131952
14074 0.873578 0.13195
14075 0.873577 0.131964
14076 0.873577 0.131992
14077 0.873579 0.132002
14078 0.873595 0.132011
14079 0.873611 0.132004
14080 0.873626 0.131982
14081 0.873626 0.131954
14082 0.873613 0.131921
14083 0.873587 0.131884
14084 0.873579 0.131851
14085 0.873588 0.131822
14086 0.873612 0.131795
14087 0.873634 0.131787
14088 0.87364 0.131772
14089 0.873647 0.131774
14090 0.873654 0.131791
14091 0.873661 0.131822
14092 0.873668 0.131866
14093 0.873676 0.131921
14094 0.873684 0.131986
14095 0.873692 0.13206
14096 0.8737 0.132142
14097 0.873723 0.132216
14098 0.87373 0.132275
14099 0.873723 0.132321
14100 0.873717 0.132346
14101 0.873713 0.132353
14102 0.87371 0.132345
14103 0.873709 0.132321
14104 0.873708 0.132284
14105 0.873709 0.132235
14106 0.873711 0.132176
14107 0.873728 0.132123
14108 0.873759 0.132075
14109 0.873802 0.132033
14110 0.873828 0.131987
14111 0.873837 0.131938
14112 0.873861 0.131894
14113 0.873899 0.131855
14114 0.873948 0.13182
14115 0.873978 0.131781
14116 0.873993 0.131738
14117 0.873992 0.131691
14118 0.873992 0.131665
14119 0.873993 0.131657
14120 0.873995 0.131634
14121 0.873997 0.131598
14122 0.874001 0.131581
14123 0.874004 0.131581
14124 0.874009 0.131597
14125 0.874013 0.131627
14126 0.874018 0.131669
14127 0.874024 0.131723
14128 0.874029 0.131787
14129 0.874035 0.13186
14130 0.874056 0.131926
14131 0.874062 0.131978
14132 0.874068 0.132009
14133 0.874088 0.132037
14134 0.874123 0.132063
14135 0.87414 0.132078
14136 0.874142 0.132085
14137 0.87413 0.132083
14138 0.874106 0.132074
14139 0.8741 0.132065
14140 0.87411 0.132058
14141 0.874135 0.132052
14142 0.874172 0.132047
14143 0.874193 0.132034
14144 0.874198 0.132015
14145 0.874188 0.13199
14146 0.874196 0.131968
14147 0.874218 0.131948
14148 0.874253 0.13193
14149 0.874286 0.13193
14150 0.874303 0.131921
14151 0.874304 0.131906
14152 0.87432 0.131893
14153 0.874351 0.131881
14154 0.874365 0.131862
14155 0.874364 0.131837
14156 0.874364 0.131831
14157 0.874365 0.13184
14158 0.874353 0.131841
14159 0.874328 0.131835
14160 0.874321 0.131829
14161 0.874331 0.131823
14162 0.874355 0.131819
14163 0.874392 0.131815
14164 0.874442 0.131812
14165 0.874472 0.131801
14166 0.874487 0.131783
14167 0.874486 0.13176
14168 0.874472 0.131731
14169 0.874445 0.131697
14170 0.874437 0.131667
14171 0.874446 0.13164
14172 0.874469 0.131616
14173 0.874505 0.131594
14174 0.874524 0.131567
14175 0.874528 0.131534
14176 0.874518 0.131497
14177 0.874496 0.131456
14178 0.874491 0.131419
14179 0.874502 0.131385
14180 0.874499 0.131348
14181 0.874483 0.131306
14182 0.874469 0.131283
14183 0.874459 0.131279
14184 0.874464 0.131275
14185 0.874485 0.131271
14186 0.874519 0.131268
14187 0.874566 0.131265
14188 0.874594 0.131254
14189 0.874607 0.131253
14190 0.874605 0.131261
14191 0.87459 0.131276
14192 0.874593 0.13129
14193 0.874611 0.131303
14194 0.874613 0.131322
14195 0.874603 0.131349
14196 0.874609 0.131372
14197 0.874631 0.131394
14198 0.874637 0.131421
14199 0.874629 0.131455
14200 0.874609 0.131494
14201 0.874593 0.131544
14202 0.874579 0.131605
14203 0.874582 0.13166
14204 0.8746 0.131709
14205 0.874632 0.131754
14206 0.874662 0.13181
14207 0.874691 0.131875
14208 0.874717 0.13195
14209 0.874728 0.132009
14210 0.874724 0.132055
14211 0.874707 0.132088
14212 0.874692 0.132102
14213 0.874681 0.132099
14214 0.874671 0.132081
14215 0.874664 0.13208
14216 0.874673 0.13208
14217 0.874696 0.13208
14218 0.874704 0.132072
14219 0.874698 0.132057
14220 0.874707 0.132044
14221 0.874732 0.132032
14222 0.87474 0.132014
14223 0.874735 0.131989
14224 0.874745 0.131967
14225 0.87477 0.131948
14226 0.874808 0.13193
14227 0.874829 0.131924
14228 0.874836 0.131926
14229 0.874829 0.131937
14230 0.874809 0.131956
14231 0.874807 0.131973
14232 0.874821 0.131988
14233 0.874849 0.132002
14234 0.87489 0.132015
14235 0.874914 0.132035
14236 0.874923 0.132062
14237 0.874946 0.132086
14238 0.874983 0.132109
14239 0.875003 0.132137
14240 0.875007 0.132155
14241 0.874998 0.132164
14242 0.874976 0.132163
14243 0.874943 0.132155
14244 0.8749 0.13214
14245 0.874877 0.132126
14246 0.874871 0.132115
14247 0.874882 0.132104
14248 0.874878 0.132087
14249 0.874861 0.132064
14250 0.874832 0.132036
14251 0.874793 0.132002
14252 0.874773 0.131972
14253 0.874771 0.131946
14254 0.874784 0.131922
14255 0.874812 0.131901
14256 0.874853 0.131883
14257 0.874905 0.131867
14258 0.874968 0.131852
14259 0.875011 0.131831
14260 0.875036 0.131805
14261 0.875045 0.131773
14262 0.87504 0.131736
14263 0.875022 0.131695
14264 0.874993 0.131667
14265 0.874953 0.13165
14266 0.874933 0.131635
14267 0.874931 0.131622
14268 0.874916 0.131618
14269 0.87489 0.131624
14270 0.874852 0.131637
14271 0.874835 0.13165
14272 0.874806 0.131669
14273 0.874795 0.131687
14274 0.874773 0.131712
14275 0.87474 0.131743
14276 0.874725 0.131771
14277 0.874728 0.131796
14278 0.874746 0.131819
14279 0.874778 0.13184
14280 0.874822 0.131858
14281 0.874878 0.131875
14282 0.874914 0.131883
14283 0.874933 0.131881
14284 0.874938 0.131872
14285 0.874928 0.131856
14286 0.874906 0.131833
14287 0.874901 0.131813
14288 0.874913 0.131795
14289 0.874939 0.131779
14290 0.874978 0.131765
14291 0.875029 0.131752
14292 0.875062 0.131749
14293 0.875079 0.131756
14294 0.875081 0.13177
14295 0.875069 0.131791
14296 0.875046 0.13182
14297 0.875041 0.131845
14298 0.875052 0.131868
14299 0.875078 0.131889
14300 0.875088 0.131917
14301 0.875083 0.131934
14302 0.875095 0.13195
14303 0.875092 0.131956
14304 0.875105 0.131961
14305 0.875132 0.131967
14306 0.875172 0.131972
14307 0.875224 0.131976
14308 0.875257 0.131989
14309 0.875275 0.13201
14310 0.875306 0.132028
14311 0.87535 0.132045
14312 0.875375 0.132053
14313 0.875385 0.132051
14314 0.875381 0.132042
14315 0.875363 0.132026
14316 0.875335 0.13202
14317 0.875324 0.132016
14318 0.875331 0.132011
14319 0.875352 0.132008
14320 0.875387 0.132005
14321 0.875405 0.131994
14322 0.875408 0.131977
14323 0.875397 0.131953
14324 0.875373 0.131924
14325 0.875338 0.13189
14326 0.875323 0.131859
14327 0.875324 0.131831
14328 0.875341 0.131806
14329 0.875343 0.131776
14330 0.875331 0.131741
14331 0.875322 0.131725
14332 0.875315 0.131726
14333 0.875309 0.131743
14334 0.875291 0.13175
14335 0.875261 0.131748
14336 0.87522 0.131739
14337 0.87517 0.131723
14338 0.875112 0.1317
14339 0.875046 0.131672
14340 0.874987 0.131662
14341 0.874936 0.131669
14342 0.874891 0.131691
14343 0.874866 0.13171
14344 0.874859 0.131728
14345 0.874869 0.131744
14346 0.874893 0.131759
14347 0.874931 0.131772
14348 0.87498 0.131784
14349 0.87504 0.131795
14350 0.87511 0.131805
14351 0.875188 0.131814
14352 0.875274 0.131822
14353 0.875368 0.13183
14354 0.875467 0.131837
14355 0.875543 0.131835
14356 0.875598 0.131826
14357 0.875635 0.131826
14358 0.875655 0.131835
14359 0.87566 0.131852
14360 0.875652 0.131877
14361 0.875632 0.131907
14362 0.875601 0.131944
14363 0.875561 0.131986
14364 0.87554 0.132023
14365 0.875536 0.132058
14366 0.875549 0.132088
14367 0.875576 0.132116
14368 0.875587 0.132133
14369 0.875583 0.132141
14370 0.875567 0.132139
14371 0.875538 0.13213
14372 0.875499 0.132114
14373 0.875479 0.1321
14374 0.875477 0.132087
14375 0.875491 0.132076
14376 0.875519 0.132066
14377 0.875531 0.132049
14378 0.875528 0.132026
14379 0.875512 0.131997
14380 0.875513 0.131971
14381 0.87553 0.131948
14382 0.87556 0.131927
14383 0.875575 0.131901
14384 0.875574 0.131869
14385 0.875589 0.13184
14386 0.875618 0.131815
14387 0.875631 0.131784
14388 0.87563 0.131765
14389 0.875616 0.131757
14390 0.87559 0.131758
14391 0.875583 0.13176
14392 0.875592 0.131761
14393 0.875616 0.131763
14394 0.875653 0.131764
14395 0.875674 0.131775
14396 0.875679 0.131793
14397 0.875672 0.131818
14398 0.875652 0.13185
14399 0.87565 0.131879
14400 0.875664 0.131905
14401 0.875692 0.131929
14402 0.875704 0.131959
14403 0.875703 0.131995
14404 0.875689 0.132037
14405 0.875692 0.132074
14406 0.87571 0.132108
14407 0.875713 0.132131
14408 0.875731 0.132152
14409 0.875734 0.132163
14410 0.875752 0.132173
14411 0.875755 0.132174
14412 0.875745 0.132166
14413 0.875751 0.13216
14414 0.875772 0.132155
14415 0.875806 0.132151
14416 0.875853 0.132147
14417 0.875911 0.132144
14418 0.87595 0.132151
14419 0.875972 0.132165
14420 0.87598 0.132188
14421 0.875973 0.1322
14422 0.875954 0.132202
14423 0.875923 0.132197
14424 0.875911 0.132192
14425 0.875915 0.132188
14426 0.875935 0.132185
14427 0.875969 0.132183
14428 0.875985 0.132172
14429 0.876016 0.132164
14430 0.876031 0.132165
14431 0.876031 0.132174
14432 0.876019 0.132192
14433 0.875995 0.132201
14434 0.875988 0.132208
14435 0.875998 0.132216
14436 0.876023 0.132222
14437 0.876032 0.132221
14438 0.876055 0.132219
14439 0.876092 0.132218
14440 0.876112 0.132227
14441 0.876118 0.132243
14442 0.87611 0.132267
14443 0.876091 0.132298
14444 0.87606 0.132335
14445 0.87602 0.132377
14446 0.875971 0.132424
14447 0.875943 0.132467
14448 0.875933 0.132506
14449 0.87594 0.132541
14450 0.875933 0.132582
14451 0.875943 0.132619
14452 0.875938 0.132644
14453 0.875921 0.132659
14454 0.875892 0.132665
14455 0.875852 0.132661
14456 0.875832 0.132659
14457 0.875829 0.132657
14458 0.875842 0.132656
14459 0.87587 0.132655
14460 0.875911 0.132655
14461 0.875963 0.132656
14462 0.875996 0.132648
14463 0.876014 0.13265
14464 0.876017 0.132661
14465 0.876006 0.13268
14466 0.876013 0.132698
14467 0.876034 0.132714
14468 0.876069 0.132729
14469 0.876087 0.132734
14470 0.876119 0.13274
14471 0.876163 0.132745
14472 0.876191 0.132759
14473 0.876202 0.132781
14474 0.8762 0.132809
14475 0.876184 0.132827
14476 0.876186 0.132843
14477 0.876203 0.132858
14478 0.876234 0.132872
14479 0.876278 0.132885
14480 0.876304 0.132889
14481 0.876313 0.132885
14482 0.876338 0.132881
14483 0.876347 0.132887
14484 0.876343 0.132901
14485 0.876354 0.132914
14486 0.876351 0.132918
14487 0.876335 0.132914
14488 0.876307 0.132902
14489 0.876297 0.132892
14490 0.876304 0.132883
14491 0.876297 0.132867
14492 0.876307 0.132853
14493 0.87633 0.132841
14494 0.876339 0.132822
14495 0.876361 0.132805
14496 0.876369 0.132782
14497 0.876391 0.132762
14498 0.876426 0.132744
14499 0.876474 0.132728
14500 0.876504 0.132723
14501 0.876519 0.132727
14502 0.876518 0.132723
14503 0.876505 0.132728
14504 0.87648 0.132742
14505 0.876446 0.132764
14506 0.876401 0.132775
14507 0.876376 0.132786
14508 0.87637 0.132796
14509 0.87638 0.132805
14510 0.876375 0.132805
14511 0.876387 0.132805
14512 0.876413 0.132805
14513 0.876452 0.132806
14514 0.876474 0.132799
14515 0.876509 0.132792
14516 0.876556 0.132786
14517 0.876615 0.132781
14518 0.876654 0.132786
14519 0.876678 0.1328
14520 0.876686 0.132821
14521 0.876709 0.13284
14522 0.876716 0.13285
14523 0.876709 0.13285
14524 0.87669 0.13286
14525 0.876661 0.132878
14526 0.87665 0.132894
14527 0.876626 0.132901
14528 0.876621 0.132908
14529 0.876632 0.132914
14530 0.876628 0.132911
14531 0.876611 0.132901
14532 0.876612 0.132892
14533 0.876599 0.132876
14534 0.876575 0.132871
14535 0.876541 0.132875
14536 0.876525 0.13288
14537 0.876527 0.132884
14538 0.876545 0.132889
14539 0.876576 0.132893
14540 0.876619 0.132898
14541 0.876645 0.132894
14542 0.876655 0.132882
14543 0.87668 0.132872
14544 0.876717 0.132864
14545 0.876767 0.132857
14546 0.876798 0.132842
14547 0.876813 0.132821
14548 0.876813 0.132812
14549 0.876801 0.132813
14550 0.876778 0.132822
14551 0.876744 0.132841
14552 0.87673 0.132858
14553 0.876732 0.132873
14554 0.87675 0.132888
14555 0.876753 0.132893
14556 0.876742 0.132889
14557 0.876719 0.132878
14558 0.876684 0.13286
14559 0.876669 0.132844
14560 0.876671 0.13283
14561 0.876688 0.132817
14562 0.87672 0.132807
14563 0.876763 0.132797
14564 0.87679 0.132798
14565 0.87683 0.1328
14566 0.876882 0.132801
14567 0.876944 0.132803
14568 0.877015 0.132805
14569 0.877066 0.132799
14570 0.877099 0.132785
14571 0.877115 0.132782
14572 0.877118 0.132789
14573 0.877108 0.132804
14574 0.877086 0.132827
14575 0.877083 0.132849
14576 0.877095 0.132869
14577 0.877122 0.132887
14578 0.877161 0.132904
14579 0.877213 0.132919
14580 0.877245 0.132925
14581 0.877262 0.132923
14582 0.877263 0.132912
14583 0.877251 0.132894
14584 0.877255 0.132878
14585 0.877247 0.132874
14586 0.877255 0.132871
14587 0.877278 0.132868
14588 0.877315 0.132866
14589 0.877363 0.132865
14590 0.877395 0.132873
14591 0.87741 0.13289
14592 0.877411 0.132898
14593 0.877398 0.132896
14594 0.877374 0.132904
14595 0.877369 0.132912
14596 0.877379 0.132919
14597 0.877375 0.132918
14598 0.877358 0.132908
14599 0.87733 0.132892
14600 0.877291 0.132868
14601 0.877242 0.132839
14602 0.877185 0.132805
14603 0.877149 0.132774
14604 0.877133 0.132747
14605 0.877134 0.132723
14606 0.87715 0.132701
14607 0.877151 0.132674
14608 0.877139 0.132641
14609 0.877144 0.132612
14610 0.877164 0.132586
14611 0.877169 0.132554
14612 0.877161 0.132535
14613 0.877141 0.132528
14614 0.877111 0.13253
14615 0.877071 0.132542
14616 0.877023 0.132563
14617 0.876996 0.132582
14618 0.876958 0.132608
14619 0.876913 0.132641
14620 0.876859 0.132681
14621 0.876826 0.132716
14622 0.876812 0.132749
14623 0.876816 0.132778
14624 0.876834 0.132805
14625 0.876867 0.132829
14626 0.876882 0.132843
14627 0.876883 0.132847
14628 0.8769 0.132851
14629 0.87693 0.132855
14630 0.876973 0.132858
14631 0.877028 0.132862
14632 0.877064 0.132874
14633 0.877085 0.132895
14634 0.877091 0.132923
14635 0.877084 0.132958
14636 0.877093 0.13299
14637 0.877089 0.133028
14638 0.877072 0.133054
14639 0.877072 0.133077
14640 0.87706 0.133108
14641 0.877036 0.133145
14642 0.877031 0.133179
14643 0.877042 0.133209
14644 0.877039 0.133246
14645 0.877023 0.133271
14646 0.877025 0.133294
14647 0.877042 0.133315
14648 0.877073 0.133333
14649 0.877088 0.13336
14650 0.877118 0.133384
14651 0.87716 0.133406
14652 0.877214 0.133426
14653 0.87725 0.133453
14654 0.87727 0.133487
14655 0.877275 0.133528
14656 0.877268 0.133574
14657 0.877277 0.133616
14658 0.877301 0.133654
14659 0.877338 0.133689
14660 0.877358 0.133712
14661 0.877363 0.133724
14662 0.877354 0.133727
14663 0.877332 0.133722
14664 0.877329 0.133717
14665 0.877341 0.133713
14666 0.877368 0.13371
14667 0.877379 0.133717
14668 0.877405 0.133724
14669 0.877445 0.13373
14670 0.877467 0.133728
14671 0.877502 0.133725
14672 0.87755 0.133724
14673 0.877579 0.133714
14674 0.877593 0.133715
14675 0.877594 0.133726
14676 0.877582 0.133745
14677 0.877559 0.133772
14678 0.877525 0.133788
14679 0.87748 0.133794
14680 0.877456 0.133799
14681 0.877423 0.133814
14682 0.87738 0.133837
14683 0.877357 0.133858
14684 0.877352 0.133877
14685 0.877334 0.133887
14686 0.877305 0.133887
14687 0.877294 0.133887
14688 0.8773 0.133888
14689 0.877292 0.13388
14690 0.8773 0.133873
14691 0.877323 0.133868
14692 0.877332 0.133872
14693 0.877327 0.133886
14694 0.877311 0.133908
14695 0.877282 0.13392
14696 0.877244 0.133939
14697 0.877226 0.133958
14698 0.877225 0.133974
14699 0.877212 0.133999
14700 0.877188 0.13403
14701 0.877153 0.134068
14702 0.877138 0.134103
14703 0.87714 0.134134
14704 0.877128 0.134154
14705 0.877105 0.134163
14706 0.87707 0.134164
14707 0.877054 0.134165
14708 0.877056 0.134165
14709 0.877073 0.134166
14710 0.877075 0.134159
14711 0.877064 0.134162
14712 0.877042 0.134174
14713 0.87701 0.134194
14714 0.876969 0.134222
14715 0.876947 0.134247
14716 0.876943 0.13427
14717 0.876955 0.134291
14718 0.876982 0.13431
14719 0.877021 0.134327
14720 0.877045 0.134352
14721 0.877053 0.134384
14722 0.877048 0.134422
14723 0.877059 0.134457
14724 0.877057 0.134497
14725 0.877042 0.134543
14726 0.877045 0.134585
14727 0.877063 0.134623
14728 0.877094 0.134657
14729 0.87711 0.13468
14730 0.87711 0.134692
14731 0.877098 0.134712
14732 0.877074 0.13474
14733 0.877069 0.134766
14734 0.87708 0.134789
14735 0.877105 0.13481
14736 0.877115 0.134839
14737 0.87714 0.134865
14738 0.877178 0.134889
14739 0.877199 0.134902
14740 0.877205 0.134906
14741 0.877226 0.134909
14742 0.87726 0.134913
14743 0.877278 0.134925
14744 0.87731 0.134937
14745 0.877327 0.134957
14746 0.877329 0.134985
14747 0.877319 0.135019
14748 0.877297 0.135059
14749 0.877293 0.135096
14750 0.877306 0.13513
14751 0.877332 0.13516
14752 0.877372 0.135188
14753 0.877423 0.135214
14754 0.877485 0.135237
14755 0.877528 0.135268
14756 0.877555 0.135305
14757 0.877566 0.135348
14758 0.877564 0.135396
14759 0.87755 0.135449
14760 0.877553 0.135498
14761 0.877571 0.135541
14762 0.877574 0.135573
14763 0.877563 0.135593
14764 0.877569 0.135612
14765 0.87759 0.135629
14766 0.877624 0.135645
14767 0.877642 0.135651
14768 0.877645 0.135649
14769 0.877663 0.135647
14770 0.877666 0.135655
14771 0.877685 0.135663
14772 0.877718 0.135671
14773 0.877735 0.135687
14774 0.877738 0.135712
14775 0.877728 0.135743
14776 0.877735 0.135772
14777 0.877757 0.135798
14778 0.877763 0.135814
14779 0.877784 0.135829
14780 0.877819 0.135843
14781 0.877866 0.135856
14782 0.877924 0.135868
14783 0.877963 0.135871
14784 0.877984 0.135866
14785 0.87799 0.135853
14786 0.877982 0.135833
14787 0.877961 0.135808
14788 0.87793 0.135794
14789 0.877917 0.135782
14790 0.877922 0.135772
14791 0.877913 0.135755
14792 0.877892 0.135749
14793 0.87786 0.135735
14794 0.877817 0.135715
14795 0.877766 0.135688
14796 0.877706 0.135656
14797 0.877638 0.135619
14798 0.877564 0.135578
14799 0.877484 0.135533
14800 0.877399 0.135484
14801 0.877309 0.135449
14802 0.877244 0.135418
14803 0.877202 0.135391
14804 0.877179 0.135366
14805 0.877174 0.135345
14806 0.877186 0.135325
14807 0.877183 0.135317
14808 0.877169 0.135319
14809 0.877171 0.135322
14810 0.877189 0.135324
14811 0.877221 0.135327
14812 0.877237 0.135338
14813 0.877238 0.135358
14814 0.877227 0.135385
14815 0.877204 0.135419
14816 0.877171 0.135458
14817 0.877157 0.135494
14818 0.87716 0.135527
14819 0.877179 0.135557
14820 0.877211 0.135585
14821 0.877256 0.13561
14822 0.877283 0.135624
14823 0.877294 0.135629
14824 0.877291 0.135643
14825 0.877275 0.135665
14826 0.877249 0.135694
14827 0.877241 0.13572
14828 0.87725 0.135745
14829 0.877273 0.135768
14830 0.87731 0.135789
14831 0.877358 0.135809
14832 0.87739 0.135836
14833 0.877405 0.13587
14834 0.877407 0.135909
14835 0.877395 0.135954
14836 0.877373 0.136004
14837 0.877368 0.13605
14838 0.877379 0.136092
14839 0.877405 0.136131
14840 0.877444 0.136166
14841 0.877495 0.136199
14842 0.877556 0.136229
14843 0.877627 0.136257
14844 0.877678 0.136292
14845 0.877712 0.136332
14846 0.877729 0.136378
14847 0.877732 0.136412
14848 0.877721 0.136433
14849 0.877697 0.136445
14850 0.877662 0.136448
14851 0.877618 0.136442
14852 0.877593 0.136437
14853 0.877587 0.136434
14854 0.877597 0.136432
14855 0.877621 0.136431
14856 0.87763 0.136423
14857 0.877654 0.136415
14858 0.87769 0.13641
14859 0.877739 0.136405
14860 0.87777 0.136393
14861 0.877784 0.136374
14862 0.877783 0.136349
14863 0.877768 0.136319
14864 0.877771 0.136292
14865 0.87776 0.13626
14866 0.877737 0.136223
14867 0.877702 0.136182
14868 0.877658 0.136137
14869 0.877605 0.136105
14870 0.877574 0.136078
14871 0.877561 0.136054
14872 0.877565 0.136033
14873 0.877584 0.136015
14874 0.877588 0.135991
14875 0.877578 0.135961
14876 0.877557 0.135943
14877 0.877525 0.135937
14878 0.877484 0.13594
14879 0.877434 0.135952
14880 0.877376 0.135973
14881 0.877312 0.136
14882 0.877241 0.136034
14883 0.877194 0.136066
14884 0.877137 0.136086
14885 0.877073 0.136096
14886 0.87703 0.136106
14887 0.877008 0.136115
14888 0.877003 0.136125
14889 0.877015 0.136133
14890 0.877012 0.136134
14891 0.877025 0.136134
14892 0.877052 0.136135
14893 0.877093 0.136137
14894 0.877145 0.136139
14895 0.877178 0.136133
14896 0.877194 0.13612
14897 0.877196 0.136099
14898 0.877212 0.136082
14899 0.877243 0.136067
14900 0.877287 0.136053
14901 0.877342 0.136042
14902 0.877378 0.136041
14903 0.877398 0.13605
14904 0.877404 0.136067
14905 0.877396 0.136074
14906 0.877404 0.136081
14907 0.877427 0.136088
14908 0.877463 0.136095
14909 0.877483 0.13611
14910 0.877517 0.136125
14911 0.877563 0.136139
14912 0.877592 0.136161
14913 0.877633 0.136181
14914 0.877687 0.1362
14915 0.87775 0.136218
14916 0.877823 0.136235
14917 0.877876 0.136259
14918 0.877911 0.13629
14919 0.87793 0.136328
14920 0.877935 0.136371
14921 0.877926 0.13642
14922 0.877906 0.136473
14923 0.877903 0.136521
14924 0.877889 0.136574
14925 0.877863 0.136631
14926 0.877855 0.136683
14927 0.877864 0.136731
14928 0.877888 0.136774
14929 0.877895 0.136805
14930 0.877889 0.136825
14931 0.87787 0.136835
14932 0.877839 0.136836
14933 0.877827 0.136837
14934 0.877832 0.136839
14935 0.877852 0.136841
14936 0.877886 0.136844
14937 0.877932 0.136848
14938 0.877989 0.136852
14939 0.878057 0.136856
14940 0.878133 0.136861
14941 0.878188 0.136857
14942 0.878224 0.136845
14943 0.878243 0.136826
14944 0.878248 0.136819
14945 0.878239 0.136822
14946 0.878219 0.136834
14947 0.878217 0.136845
14948 0.878201 0.136848
14949 0.878174 0.136841
14950 0.878136 0.136828
14951 0.878088 0.136807
14952 0.878031 0.136781
14953 0.877996 0.136758
14954 0.87798 0.136737
14955 0.877982 0.13672
14956 0.877999 0.136705
14957 0.87803 0.136692
14958 0.878073 0.136681
14959 0.8781 0.13668
14960 0.878111 0.136689
14961 0.878109 0.136706
14962 0.878094 0.136732
14963 0.878069 0.136764
14964 0.878033 0.136802
14965 0.877988 0.136846
14966 0.877935 0.136895
14967 0.877904 0.13694
14968 0.877891 0.136981
14969 0.877895 0.137018
14970 0.877914 0.137053
14971 0.877947 0.137085
14972 0.877993 0.137114
14973 0.878049 0.137141
14974 0.878088 0.137175
14975 0.87811 0.137214
14976 0.878117 0.13726
14977 0.878111 0.13731
14978 0.878094 0.137365
14979 0.878065 0.137423
14980 0.878055 0.137477
14981 0.878033 0.137517
14982 0.877999 0.137545
14983 0.877985 0.137571
14984 0.877987 0.137594
14985 0.878005 0.137616
14986 0.878009 0.137646
14987 0.878 0.137682
14988 0.877979 0.137723
14989 0.877947 0.137753
14990 0.877904 0.137771
14991 0.877853 0.13778
14992 0.877822 0.137788
14993 0.87781 0.137796
14994 0.877786 0.137796
14995 0.877751 0.137787
14996 0.877706 0.137771
14997 0.877652 0.137748
14998 0.877589 0.13772
14999 0.87752 0.137687
15000 0.877473 0.137657
