14000 0.930734 0.765691
14001 0.93071 0.765725
14002 0.930676 0.765747
14003 0.930631 0.76576
14004 0.930577 0.765763
14005 0.930515 0.765759
14006 0.930446 0.765747
14007 0.930397 0.765744
14008 0.930367 0.76575
14009 0.930353 0.765763
14010 0.930353 0.765782
14011 0.930368 0.765808
14012 0.930394 0.765838
14013 0.930419 0.765851
14014 0.930442 0.765846
14015 0.930465 0.765826
14016 0.930471 0.765801
14017 0.930464 0.76577
14018 0.930443 0.765735
14019 0.930411 0.765696
14020 0.930382 0.765677
14021 0.930355 0.765675
14022 0.930332 0.765688
14023 0.93031 0.765716
14024 0.930291 0.765757
14025 0.930274 0.76581
14026 0.930259 0.765842
14027 0.930247 0.765854
14028 0.930238 0.76585
14029 0.930229 0.765863
14030 0.930221 0.765889
14031 0.930214 0.765928
14032 0.930208 0.765979
14033 0.930202 0.766041
14034 0.930197 0.766112
14035 0.930194 0.76616
14036 0.930192 0.766188
14037 0.93019 0.766229
14038 0.930189 0.766281
14039 0.930189 0.766313
14040 0.93019 0.766325
14041 0.930192 0.766321
14042 0.930195 0.766302
14043 0.930199 0.766269
14044 0.930203 0.766224
14045 0.930208 0.766199
14046 0.930212 0.766192
14047 0.930215 0.766201
14048 0.930219 0.766225
14049 0.930222 0.766262
14050 0.930225 0.766312
14051 0.930227 0.766371
14052 0.930231 0.76641
14053 0.930236 0.766428
14054 0.930241 0.76643
14055 0.930247 0.766416
14056 0.930253 0.766387
14057 0.930259 0.766377
14058 0.930265 0.766384
14059 0.93027 0.766405
14060 0.930261 0.766417
14061 0.930239 0.76642
14062 0.93022 0.766407
14063 0.930205 0.76638
14064 0.930192 0.766341
14065 0.930182 0.766289
14066 0.930174 0.766228
14067 0.930167 0.766188
14068 0.930161 0.766167
14069 0.930155 0.766164
14070 0.93015 0.766178
14071 0.930145 0.766205
14072 0.930141 0.766245
14073 0.930137 0.766297
14074 0.930134 0.766328
14075 0.930133 0.766341
14076 0.930134 0.766336
14077 0.930135 0.766317
14078 0.930137 0.766284
14079 0.930141 0.766239
14080 0.930145 0.766182
14081 0.930149 0.766147
14082 0.930152 0.766131
14083 0.930155 0.766133
14084 0.930157 0.766149
14085 0.93016 0.76618
14086 0.930162 0.766223
14087 0.930163 0.766278
14088 0.930166 0.766311
14089 0.93017 0.766326
14090 0.930174 0.766323
14091 0.930191 0.766329
14092 0.930221 0.766342
14093 0.93026 0.766361
14094 0.93031 0.766386
14095 0.930367 0.766417
14096 0.930433 0.766452
14097 0.930493 0.766468
14098 0.930548 0.766467
14099 0.930599 0.766451
14100 0.930632 0.766429
14101 0.930647 0.766401
14102 0.930647 0.766368
14103 0.930634 0.76633
14104 0.930622 0.766312
14105 0.930612 0.766312
14106 0.930602 0.766327
14107 0.930594 0.766356
14108 0.930586 0.766398
14109 0.93058 0.76642
14110 0.930576 0.766424
14111 0.930586 0.766436
14112 0.930608 0.766454
14113 0.930642 0.766479
14114 0.930686 0.766508
14115 0.930738 0.766543
14116 0.930772 0.766582
14117 0.93079 0.766625
14118 0.930792 0.766671
14119 0.93078 0.76672
14120 0.93077 0.766749
14121 0.930763 0.766759
14122 0.930757 0.766753
14123 0.930753 0.766732
14124 0.930751 0.766697
14125 0.930735 0.766674
14126 0.930707 0.76666
14127 0.930669 0.766656
14128 0.930635 0.766637
14129 0.930606 0.766604
14130 0.930593 0.766582
14131 0.930596 0.76657
14132 0.930611 0.766567
14133 0.930638 0.766572
14134 0.930664 0.766561
14135 0.930688 0.766536
14136 0.930711 0.766497
14137 0.930733 0.766447
14138 0.930754 0.766386
14139 0.930786 0.76634
14140 0.930802 0.76629
14141 0.930802 0.766237
14142 0.930789 0.766182
14143 0.930777 0.766148
14144 0.930766 0.766133
14145 0.930757 0.766135
14146 0.930735 0.766129
14147 0.930701 0.766116
14148 0.930657 0.766097
14149 0.930631 0.766087
14150 0.930622 0.766086
14151 0.930627 0.766093
14152 0.930644 0.766107
14153 0.930674 0.766127
14154 0.930714 0.766153
14155 0.930737 0.766169
14156 0.930744 0.766176
14157 0.930736 0.766174
14158 0.930716 0.766164
14159 0.930684 0.766148
14160 0.930669 0.766141
14161 0.930669 0.766143
14162 0.930683 0.766152
14163 0.930708 0.766168
14164 0.930745 0.766191
14165 0.930764 0.766203
14166 0.930768 0.766206
14167 0.930758 0.766202
14168 0.930762 0.766205
14169 0.93078 0.766216
14170 0.930809 0.766234
14171 0.930822 0.766257
14172 0.93082 0.766286
14173 0.930805 0.76632
14174 0.930778 0.766359
14175 0.930739 0.766401
14176 0.930706 0.766423
14177 0.930689 0.766451
14178 0.930688 0.766484
14179 0.9307 0.766522
14180 0.930725 0.766563
14181 0.930761 0.766609
14182 0.930794 0.766634
14183 0.93081 0.766649
14184 0.930811 0.766655
14185 0.930798 0.766652
14186 0.930773 0.766642
14187 0.930737 0.766625
14188 0.930691 0.766602
14189 0.930636 0.766574
14190 0.9306 0.766556
14191 0.930581 0.766548
14192 0.930577 0.766549
14193 0.930588 0.766557
14194 0.93061 0.766573
14195 0.930644 0.766595
14196 0.930688 0.766622
14197 0.930729 0.766631
14198 0.930767 0.766624
14199 0.930801 0.766602
14200 0.930819 0.766574
14201 0.930821 0.766541
14202 0.930837 0.76652
14203 0.930865 0.766508
14204 0.930903 0.766505
14205 0.930924 0.766511
14206 0.930929 0.766508
14207 0.930921 0.766498
14208 0.930899 0.76648
14209 0.930894 0.766473
14210 0.930902 0.766474
14211 0.930923 0.766482
14212 0.930956 0.766498
14213 0.930971 0.76652
14214 0.930972 0.766547
14215 0.930959 0.76658
14216 0.930933 0.766617
14217 0.930897 0.766658
14218 0.930851 0.766703
14219 0.930823 0.766751
14220 0.930811 0.766803
14221 0.930814 0.766857
14222 0.930818 0.766889
14223 0.930834 0.766927
14224 0.930863 0.766969
14225 0.930875 0.766999
14226 0.930872 0.767018
14227 0.930857 0.767027
14228 0.930856 0.767043
14229 0.930868 0.767066
14230 0.930893 0.767094
14231 0.930929 0.767128
14232 0.930948 0.76715
14233 0.930951 0.767162
14234 0.930941 0.767166
14235 0.930918 0.767161
14236 0.930883 0.767149
14237 0.930854 0.767122
14238 0.930828 0.767083
14239 0.930806 0.767032
14240 0.930787 0.76697
14241 0.930771 0.766899
14242 0.930757 0.76682
14243 0.930746 0.766764
14244 0.930735 0.766729
14245 0.930725 0.766714
14246 0.930716 0.766715
14247 0.930708 0.766732
14248 0.930701 0.766764
14249 0.930681 0.766784
14250 0.93065 0.766794
14251 0.930608 0.766796
14252 0.930556 0.76679
14253 0.930496 0.766777
14254 0.930456 0.766773
14255 0.930433 0.766777
14256 0.930426 0.766789
14257 0.930433 0.766807
14258 0.930453 0.766832
14259 0.930484 0.766862
14260 0.930514 0.766873
14261 0.930541 0.766867
14262 0.930566 0.766847
14263 0.930591 0.766813
14264 0.930613 0.766767
14265 0.930635 0.76671
14266 0.930667 0.766666
14267 0.93071 0.766635
14268 0.930763 0.766614
14269 0.930823 0.766604
14270 0.930864 0.766586
14271 0.930887 0.766563
14272 0.930895 0.766534
14273 0.930888 0.766501
14274 0.930868 0.766463
14275 0.930836 0.766421
14276 0.930821 0.766391
14277 0.930822 0.766371
14278 0.930836 0.766362
14279 0.930862 0.766361
14280 0.930899 0.766368
14281 0.930945 0.766382
14282 0.931001 0.766403
14283 0.931038 0.766429
14284 0.931057 0.76646
14285 0.931061 0.766496
14286 0.931051 0.766537
14287 0.931028 0.766581
14288 0.930994 0.766628
14289 0.93095 0.766679
14290 0.930924 0.766732
14291 0.930914 0.766788
14292 0.930919 0.766846
14293 0.930937 0.766906
14294 0.930939 0.766968
14295 0.930927 0.767016
14296 0.930903 0.767051
14297 0.930883 0.767067
14298 0.930866 0.767066
14299 0.930851 0.76705
14300 0.930839 0.767019
14301 0.930829 0.766976
14302 0.930821 0.766922
14303 0.930828 0.766881
14304 0.930834 0.76686
14305 0.930839 0.766856
14306 0.930844 0.766869
14307 0.930849 0.766896
14308 0.930853 0.766935
14309 0.930857 0.766987
14310 0.93086 0.767049
14311 0.93085 0.767097
14312 0.930827 0.767133
14313 0.930792 0.767157
14314 0.930748 0.767171
14315 0.930694 0.767177
14316 0.930647 0.767166
14317 0.930605 0.76714
14318 0.930569 0.767101
14319 0.930536 0.767082
14320 0.930506 0.767081
14321 0.93048 0.767095
14322 0.930456 0.767123
14323 0.930434 0.767165
14324 0.930415 0.767218
14325 0.930397 0.767281
14326 0.930381 0.767353
14327 0.930368 0.767403
14328 0.930356 0.767463
14329 0.930345 0.767533
14330 0.930335 0.767612
14331 0.930326 0.767698
14332 0.930319 0.76776
14333 0.930313 0.7678
14334 0.930309 0.767821
14335 0.930307 0.767824
14336 0.930306 0.767811
14337 0.930304 0.767815
14338 0.930304 0.767803
14339 0.930305 0.767777
14340 0.930307 0.767738
14341 0.93031 0.767687
14342 0.930313 0.767625
14343 0.930316 0.767586
14344 0.930319 0.767566
14345 0.930322 0.767532
14346 0.930325 0.767517
14347 0.930328 0.76752
14348 0.93033 0.767538
14349 0.930332 0.767569
14350 0.930334 0.767613
14351 0.930337 0.767637
14352 0.930339 0.767675
14353 0.930342 0.767693
14354 0.930346 0.767693
14355 0.93035 0.767678
14356 0.930354 0.76768
14357 0.930357 0.767698
14358 0.93036 0.767729
14359 0.930363 0.767773
14360 0.930366 0.767828
14361 0.930369 0.767862
14362 0.930372 0.767877
14363 0.930376 0.767906
14364 0.930379 0.767948
14365 0.930381 0.768001
14366 0.930384 0.768065
14367 0.930386 0.768138
14368 0.930389 0.768187
14369 0.930391 0.768248
14370 0.930393 0.768318
14371 0.930396 0.768366
14372 0.9304 0.768393
14373 0.930404 0.768402
14374 0.930408 0.768394
14375 0.930413 0.768371
14376 0.930418 0.768335
14377 0.930424 0.768287
14378 0.93043 0.768229
14379 0.930436 0.76816
14380 0.930442 0.768114
14381 0.930447 0.768088
14382 0.930452 0.76805
14383 0.930458 0.767999
14384 0.930464 0.767938
14385 0.930456 0.767875
14386 0.930435 0.767811
14387 0.930402 0.767746
14388 0.930373 0.767703
14389 0.930347 0.76768
14390 0.930323 0.767675
14391 0.930302 0.767655
14392 0.930285 0.767621
14393 0.93027 0.767575
14394 0.930256 0.767549
14395 0.930257 0.767534
14396 0.930272 0.767527
14397 0.930299 0.76753
14398 0.930323 0.767547
14399 0.930331 0.767556
14400 0.930324 0.767555
14401 0.930305 0.767548
14402 0.930273 0.767533
14403 0.930245 0.767536
14404 0.93022 0.767554
14405 0.930197 0.767586
14406 0.930177 0.76763
14407 0.930158 0.767685
14408 0.930142 0.76772
14409 0.930129 0.767735
14410 0.930117 0.767733
14411 0.930107 0.767747
14412 0.930098 0.767775
14413 0.93009 0.767785
14414 0.930084 0.767778
14415 0.930092 0.76778
14416 0.930113 0.767789
14417 0.930145 0.767805
14418 0.930188 0.767828
14419 0.930239 0.767856
14420 0.930299 0.767889
14421 0.930367 0.767927
14422 0.930441 0.767969
14423 0.930509 0.767991
14424 0.930571 0.767995
14425 0.930613 0.767991
14426 0.930637 0.76798
14427 0.930645 0.767963
14428 0.930639 0.767939
14429 0.930619 0.767911
14430 0.930588 0.767877
14431 0.930546 0.767839
14432 0.930495 0.767798
14433 0.930462 0.767768
14434 0.930446 0.76775
14435 0.930446 0.767741
14436 0.930459 0.767741
14437 0.930457 0.767733
14438 0.930441 0.767718
14439 0.930413 0.767698
14440 0.930375 0.767671
14441 0.930326 0.76764
14442 0.930283 0.767628
14443 0.930244 0.767633
14444 0.930208 0.767652
14445 0.930178 0.767655
14446 0.930151 0.767641
14447 0.930127 0.767613
14448 0.930107 0.767572
14449 0.93009 0.76752
14450 0.930088 0.767481
14451 0.9301 0.767453
14452 0.930124 0.767436
14453 0.930159 0.767429
14454 0.930205 0.76743
14455 0.930259 0.767438
14456 0.930322 0.767454
14457 0.930391 0.767476
14458 0.930455 0.76748
14459 0.930513 0.767468
14460 0.930566 0.767442
14461 0.930615 0.767402
14462 0.930659 0.767382
14463 0.930699 0.76738
14464 0.930735 0.767394
14465 0.930767 0.767422
14466 0.930783 0.767439
14467 0.930783 0.767447
14468 0.93077 0.767447
14469 0.930758 0.767462
14470 0.930747 0.767492
14471 0.930738 0.767534
14472 0.93073 0.767587
14473 0.930722 0.767651
14474 0.930716 0.767724
14475 0.93071 0.767806
14476 0.930705 0.767895
14477 0.9307 0.767991
14478 0.930696 0.768093
14479 0.930694 0.768169
14480 0.930678 0.768229
14481 0.93065 0.768276
14482 0.930611 0.768311
14483 0.930562 0.768335
14484 0.930505 0.768348
14485 0.930439 0.768353
14486 0.930367 0.76835
14487 0.930315 0.768354
14488 0.930282 0.768367
14489 0.930266 0.768386
14490 0.930265 0.768411
14491 0.930277 0.768441
14492 0.930302 0.768477
14493 0.93031 0.768501
14494 0.930304 0.768515
14495 0.930285 0.768521
14496 0.930254 0.768518
14497 0.930212 0.768509
14498 0.930161 0.768492
14499 0.930115 0.768462
14500 0.930075 0.76842
14501 0.93004 0.768365
14502 0.930008 0.768301
14503 0.929981 0.768227
14504 0.92997 0.768169
14505 0.929974 0.768125
14506 0.929991 0.768093
14507 0.930019 0.768072
14508 0.930059 0.768061
14509 0.930095 0.768035
14510 0.930141 0.76802
14511 0.930182 0.768022
14512 0.930219 0.76804
14513 0.930254 0.76804
14514 0.930284 0.768056
14515 0.930312 0.768085
14516 0.930337 0.768128
14517 0.930345 0.768159
14518 0.930353 0.768202
14519 0.93036 0.768257
14520 0.930366 0.768322
14521 0.930372 0.768396
14522 0.930377 0.768478
14523 0.930382 0.768536
14524 0.930388 0.768573
14525 0.930394 0.768591
14526 0.930385 0.768599
14527 0.930364 0.768599
14528 0.930331 0.768591
14529 0.930315 0.768592
14530 0.930314 0.768601
14531 0.930327 0.768617
14532 0.930325 0.768623
14533 0.930309 0.768621
14534 0.930295 0.768636
14535 0.930283 0.768664
14536 0.930271 0.768705
14537 0.930275 0.76875
14538 0.930278 0.768775
14539 0.930282 0.768782
14540 0.930287 0.768772
14541 0.930291 0.768747
14542 0.930296 0.76871
14543 0.930301 0.76866
14544 0.930306 0.7686
14545 0.930311 0.76853
14546 0.930316 0.768483
14547 0.930321 0.768456
14548 0.930324 0.768447
14549 0.930328 0.768456
14550 0.930331 0.768479
14551 0.930335 0.768484
14552 0.930338 0.768472
14553 0.930343 0.768447
14554 0.930347 0.768408
14555 0.930351 0.768357
14556 0.930356 0.768296
14557 0.930361 0.768225
14558 0.930366 0.768146
14559 0.930371 0.768059
14560 0.930376 0.767965
14561 0.930381 0.767864
14562 0.930387 0.767758
14563 0.930392 0.767678
14564 0.93041 0.767614
14565 0.93044 0.767564
14566 0.930481 0.767527
14567 0.930518 0.767478
14568 0.930552 0.767449
14569 0.930582 0.767439
14570 0.93061 0.767414
14571 0.930635 0.767407
14572 0.930658 0.767417
14573 0.930678 0.767441
14574 0.930697 0.767479
14575 0.930714 0.767529
14576 0.930729 0.767589
14577 0.930743 0.767659
14578 0.930755 0.767737
14579 0.930767 0.767824
14580 0.930763 0.767894
14581 0.930747 0.767949
14582 0.930718 0.767992
14583 0.930678 0.768022
14584 0.930629 0.768042
14585 0.930571 0.768052
14586 0.930519 0.768076
14587 0.930472 0.768114
14588 0.93043 0.768164
14589 0.930393 0.768193
14590 0.930359 0.768204
14591 0.93033 0.768229
14592 0.930304 0.768236
14593 0.930281 0.768226
14594 0.93026 0.768202
14595 0.930243 0.768165
14596 0.930228 0.768116
14597 0.930214 0.768056
14598 0.930203 0.767986
14599 0.930193 0.767908
14600 0.930185 0.767822
14601 0.930178 0.767728
14602 0.930173 0.767629
14603 0.930168 0.767555
14604 0.930163 0.767504
14605 0.930159 0.767474
14606 0.930155 0.767463
14607 0.930152 0.767468
14608 0.930149 0.767489
14609 0.930146 0.767523
14610 0.930144 0.767538
14611 0.930143 0.767536
14612 0.930142 0.767519
14613 0.930142 0.767487
14614 0.930142 0.767443
14615 0.930144 0.767388
14616 0.930144 0.767354
14617 0.930159 0.767331
14618 0.930172 0.767326
14619 0.930183 0.767337
14620 0.930194 0.767363
14621 0.930204 0.76737
14622 0.930213 0.767362
14623 0.930222 0.767369
14624 0.93023 0.767392
14625 0.930237 0.767428
14626 0.930243 0.767476
14627 0.930249 0.767503
14628 0.930255 0.767513
14629 0.93026 0.767537
14630 0.930266 0.767542
14631 0.930271 0.767563
14632 0.930275 0.767598
14633 0.93028 0.767613
14634 0.930285 0.767612
14635 0.930289 0.767594
14636 0.930294 0.767563
14637 0.930299 0.767519
14638 0.930305 0.767464
14639 0.93031 0.767399
14640 0.930315 0.767325
14641 0.93032 0.767242
14642 0.930325 0.767184
14643 0.93033 0.767146
14644 0.930334 0.767129
14645 0.930337 0.767128
14646 0.93034 0.767144
14647 0.930343 0.767173
14648 0.930346 0.767216
14649 0.930348 0.767269
14650 0.93035 0.767333
14651 0.930353 0.767375
14652 0.930356 0.767397
14653 0.930359 0.767402
14654 0.930362 0.767421
14655 0.930365 0.767454
14656 0.930367 0.7675
14657 0.93037 0.767525
14658 0.930373 0.767532
14659 0.930377 0.767523
14660 0.93038 0.767499
14661 0.930385 0.767462
14662 0.930389 0.767413
14663 0.930393 0.767385
14664 0.930396 0.767375
14665 0.930399 0.767381
14666 0.930402 0.767403
14667 0.930405 0.767438
14668 0.930407 0.767485
14669 0.930409 0.767544
14670 0.930411 0.767581
14671 0.930414 0.767598
14672 0.930418 0.767598
14673 0.93042 0.767614
14674 0.930423 0.767644
14675 0.930426 0.767655
14676 0.93043 0.767649
14677 0.930433 0.76766
14678 0.930435 0.767685
14679 0.930438 0.767723
14680 0.93044 0.767773
14681 0.930443 0.767803
14682 0.930446 0.767814
14683 0.930449 0.767808
14684 0.930453 0.767787
14685 0.930457 0.767784
14686 0.93046 0.767765
14687 0.930465 0.767733
14688 0.930469 0.767688
14689 0.930474 0.767632
14690 0.930478 0.767598
14691 0.930482 0.767582
14692 0.930485 0.767584
14693 0.930489 0.76757
14694 0.930493 0.767541
14695 0.930498 0.7675
14696 0.930502 0.767479
14697 0.930505 0.767475
14698 0.930508 0.767488
14699 0.930511 0.767515
14700 0.930514 0.767555
14701 0.930517 0.767575
14702 0.93052 0.767578
14703 0.930523 0.767596
14704 0.930526 0.767627
14705 0.930529 0.76764
14706 0.930533 0.767637
14707 0.930536 0.767649
14708 0.930539 0.767675
14709 0.930541 0.767715
14710 0.930543 0.767766
14711 0.930546 0.767828
14712 0.930547 0.767899
14713 0.930549 0.767979
14714 0.930551 0.768036
14715 0.930553 0.768102
14716 0.930556 0.768146
14717 0.930559 0.76817
14718 0.930562 0.768176
14719 0.930566 0.768165
14720 0.93057 0.76814
14721 0.930574 0.768102
14722 0.930579 0.768052
14723 0.930584 0.767991
14724 0.930589 0.767921
14725 0.930594 0.767842
14726 0.930599 0.767787
14727 0.930604 0.767752
14728 0.930621 0.767729
14729 0.930651 0.767716
14730 0.930678 0.767689
14731 0.930703 0.767649
14732 0.930727 0.767597
14733 0.930748 0.767534
14734 0.930768 0.767494
14735 0.930786 0.767473
14736 0.930802 0.76747
14737 0.930817 0.767483
14738 0.930831 0.767479
14739 0.930857 0.767483
14740 0.930881 0.767471
14741 0.930903 0.767476
14742 0.930923 0.767465
14743 0.930943 0.767439
14744 0.93096 0.767432
14745 0.930976 0.767441
14746 0.93099 0.767464
14747 0.930989 0.767478
14748 0.930975 0.767482
14749 0.930949 0.767479
14750 0.930911 0.767468
14751 0.930864 0.76745
14752 0.930821 0.76745
14753 0.930769 0.767442
14754 0.930722 0.76745
14755 0.930681 0.767442
14756 0.930644 0.767451
14757 0.930611 0.767474
14758 0.930581 0.767511
14759 0.930554 0.767528
14760 0.930531 0.767559
14761 0.93051 0.767572
14762 0.930492 0.767599
14763 0.930475 0.767639
14764 0.93046 0.76769
14765 0.930446 0.767753
14766 0.930434 0.767824
14767 0.930423 0.767904
14768 0.930413 0.767992
14769 0.930404 0.768087
14770 0.930397 0.768156
14771 0.930391 0.768203
14772 0.930386 0.76823
14773 0.930383 0.768238
14774 0.930381 0.76823
14775 0.930379 0.768207
14776 0.930378 0.768171
14777 0.930378 0.768122
14778 0.930378 0.768094
14779 0.930378 0.768085
14780 0.930378 0.768092
14781 0.930378 0.768114
14782 0.930378 0.76815
14783 0.930377 0.768198
14784 0.930377 0.768225
14785 0.930378 0.768234
14786 0.93038 0.768226
14787 0.930382 0.768204
14788 0.930385 0.768168
14789 0.930387 0.768151
14790 0.930389 0.768152
14791 0.930391 0.768137
14792 0.930393 0.768139
14793 0.930394 0.768156
14794 0.930397 0.768157
14795 0.930399 0.768141
14796 0.930402 0.768111
14797 0.930405 0.768069
14798 0.930409 0.768015
14799 0.930412 0.767983
14800 0.930415 0.767969
14801 0.930418 0.767941
14802 0.930421 0.7679
14803 0.930424 0.767847
14804 0.930428 0.767784
14805 0.930432 0.767712
14806 0.930437 0.767631
14807 0.930441 0.767543
14808 0.930445 0.767479
14809 0.930449 0.767405
14810 0.930453 0.767324
14811 0.930457 0.767266
14812 0.930474 0.767222
14813 0.930489 0.767198
14814 0.930504 0.76716
14815 0.930516 0.767142
14816 0.930528 0.767142
14817 0.930538 0.767157
14818 0.930561 0.767178
14819 0.930595 0.767205
14820 0.93064 0.767237
14821 0.930693 0.767273
14822 0.930756 0.767313
14823 0.930812 0.767333
14824 0.930864 0.767336
14825 0.930911 0.767322
14826 0.930954 0.767295
14827 0.930993 0.767254
14828 0.931029 0.767202
14829 0.931048 0.767148
14830 0.931051 0.767091
14831 0.93104 0.767031
14832 0.931017 0.76697
14833 0.930996 0.766931
14834 0.930978 0.766912
14835 0.930961 0.76691
14836 0.930932 0.7669
14837 0.930907 0.766907
14838 0.930897 0.766921
14839 0.930902 0.766941
14840 0.930921 0.766967
14841 0.930924 0.766982
14842 0.930927 0.766981
14843 0.93093 0.766963
14844 0.930933 0.766932
14845 0.93095 0.766912
14846 0.930979 0.766901
14847 0.931019 0.766898
14848 0.931041 0.766889
14849 0.931047 0.766872
14850 0.931039 0.766849
14851 0.931018 0.766821
14852 0.931013 0.766803
14853 0.931022 0.766795
14854 0.931044 0.766795
14855 0.931078 0.766802
14856 0.931095 0.766801
14857 0.931096 0.766792
14858 0.931084 0.766792
14859 0.931086 0.766799
14860 0.931103 0.766814
14861 0.931131 0.766834
14862 0.93117 0.76686
14863 0.931219 0.76689
14864 0.93125 0.766926
14865 0.931264 0.76695
14866 0.93129 0.766979
14867 0.931328 0.767013
14868 0.931348 0.767035
14869 0.931352 0.767047
14870 0.931343 0.76705
14871 0.931321 0.767045
14872 0.931302 0.767025
14873 0.931285 0.766991
14874 0.93127 0.766945
14875 0.931257 0.766919
14876 0.931245 0.766911
14877 0.931235 0.76692
14878 0.931226 0.766943
14879 0.931231 0.766972
14880 0.931222 0.767006
14881 0.931201 0.767044
14882 0.931168 0.767086
14883 0.931125 0.767132
14884 0.931086 0.767157
14885 0.931052 0.767165
14886 0.931035 0.767178
14887 0.931034 0.767198
14888 0.931046 0.767224
14889 0.931072 0.767254
14890 0.931108 0.767288
14891 0.931155 0.767327
14892 0.931211 0.767369
14893 0.931247 0.767399
14894 0.931267 0.767418
14895 0.931271 0.767427
14896 0.931261 0.767428
14897 0.931238 0.76742
14898 0.931204 0.767406
14899 0.931187 0.7674
14900 0.931159 0.767387
14901 0.931119 0.767368
14902 0.931084 0.767366
14903 0.931052 0.76738
14904 0.931024 0.767377
14905 0.931013 0.767382
14906 0.931016 0.767393
14907 0.931019 0.767388
14908 0.931022 0.767368
14909 0.931039 0.767357
14910 0.931054 0.767332
14911 0.931069 0.767294
14912 0.931082 0.767243
14913 0.931093 0.767182
14914 0.931105 0.767112
14915 0.931101 0.767056
14916 0.931084 0.767014
14917 0.931055 0.766983
14918 0.931015 0.766964
14919 0.930966 0.766954
14920 0.930908 0.766953
14921 0.930842 0.766959
14922 0.930769 0.766973
14923 0.930703 0.767001
14924 0.930658 0.767034
14925 0.930631 0.767071
14926 0.930607 0.767088
14927 0.930585 0.76712
14928 0.930565 0.767164
14929 0.930561 0.767211
14930 0.930571 0.767261
14931 0.930594 0.767314
14932 0.930628 0.767369
14933 0.930673 0.767426
14934 0.930727 0.767485
14935 0.930789 0.767545
14936 0.930845 0.767615
14937 0.930882 0.767671
14938 0.930902 0.767713
14939 0.930906 0.767743
14940 0.930895 0.767763
14941 0.930873 0.767772
14942 0.930838 0.767774
14943 0.930794 0.767767
14944 0.930754 0.767777
14945 0.930732 0.767793
14946 0.930725 0.767815
14947 0.930734 0.767842
14948 0.930741 0.767851
14949 0.930748 0.767843
14950 0.930754 0.76782
14951 0.930759 0.767784
14952 0.930778 0.767759
14953 0.930809 0.767744
14954 0.93085 0.767738
14955 0.930901 0.76774
14956 0.930961 0.767749
14957 0.931015 0.767741
14958 0.931064 0.767719
14959 0.931094 0.767707
14960 0.931107 0.767703
14961 0.931105 0.767708
14962 0.93109 0.76772
14963 0.931063 0.767738
14964 0.931025 0.767763
14965 0.930976 0.767792
14966 0.930947 0.767827
14967 0.930934 0.767865
14968 0.930936 0.767907
14969 0.930952 0.767952
14970 0.93098 0.768001
14971 0.931006 0.768029
14972 0.931028 0.768038
14973 0.931049 0.768031
14974 0.931067 0.768008
14975 0.931083 0.768004
14976 0.931085 0.767992
14977 0.931072 0.767974
14978 0.931075 0.767965
14979 0.931091 0.767965
14980 0.931091 0.767957
14981 0.931078 0.767941
14982 0.931081 0.767935
14983 0.931069 0.767922
14984 0.931045 0.767902
14985 0.931036 0.767892
14986 0.931029 0.767899
14987 0.931023 0.76792
14988 0.931003 0.767932
14989 0.930972 0.767935
14990 0.93093 0.76793
14991 0.930906 0.767933
14992 0.930899 0.767942
14993 0.930906 0.767959
14994 0.930912 0.767958
14995 0.930918 0.767941
14996 0.930923 0.767942
14997 0.930928 0.767959
14998 0.930932 0.767989
14999 0.930923 0.768009
15000 0.9309 0.768019
