14000 0.985 0.608824
14001 0.985 0.608855
14002 0.985 0.608897
14003 0.985 0.608952
14004 0.985 0.609016
14005 0.985 0.609089
14006 0.985 0.609163
14007 0.985 0.609238
14008 0.985 0.609289
14009 0.985 0.60932
14010 0.985 0.609331
14011 0.985 0.609326
14012 0.985 0.609306
14013 0.985 0.609272
14014 0.985 0.609226
14015 0.985 0.6092
14016 0.985 0.609185
14017 0.985 0.609179
14018 0.985 0.609181
14019 0.985 0.60919
14020 0.985 0.609207
14021 0.985 0.609229
14022 0.985 0.609234
14023 0.985 0.609222
14024 0.985 0.609196
14025 0.985 0.609157
14026 0.985 0.609107
14027 0.985 0.609045
14028 0.985 0.608974
14029 0.985 0.608918
14030 0.985 0.608875
14031 0.985 0.608844
14032 0.985 0.608832
14033 0.985 0.608837
14034 0.985 0.608856
14035 0.985 0.60889
14036 0.985 0.608936
14037 0.985 0.608961
14038 0.985 0.608968
14039 0.985 0.608983
14040 0.985 0.609003
14041 0.985 0.609029
14042 0.985 0.60906
14043 0.985 0.609095
14044 0.985 0.609111
14045 0.985 0.60911
14046 0.985 0.609094
14047 0.985 0.609063
14048 0.985 0.60902
14049 0.985 0.608966
14050 0.985 0.608924
14051 0.985 0.608872
14052 0.985 0.608808
14053 0.985 0.608759
14054 0.985 0.608722
14055 0.985 0.608696
14056 0.985 0.608689
14057 0.985 0.608698
14058 0.985 0.608721
14059 0.985 0.608758
14060 0.985 0.608807
14061 0.985 0.608867
14062 0.985 0.608936
14063 0.985 0.609014
14064 0.985 0.6091
14065 0.985 0.609192
14066 0.985 0.609291
14067 0.985 0.609396
14068 0.985 0.609506
14069 0.985 0.609621
14070 0.985 0.60974
14071 0.985 0.609862
14072 0.985 0.609988
14073 0.985 0.610117
14074 0.985 0.610217
14075 0.985 0.610292
14076 0.985 0.610374
14077 0.985 0.610464
14078 0.985 0.610561
14079 0.985 0.610664
14080 0.985 0.610772
14081 0.985 0.610853
14082 0.985 0.610911
14083 0.985 0.610948
14084 0.985 0.610965
14085 0.985 0.610965
14086 0.985 0.610949
14087 0.985 0.610919
14088 0.985 0.610908
14089 0.985 0.610914
14090 0.985 0.610934
14091 0.985 0.610937
14092 0.985 0.610924
14093 0.985 0.610897
14094 0.985 0.610857
14095 0.985 0.610805
14096 0.985 0.610742
14097 0.985 0.610671
14098 0.985 0.61059
14099 0.985 0.610534
14100 0.985 0.610499
14101 0.985 0.610451
14102 0.985 0.610393
14103 0.985 0.610325
14104 0.985 0.610279
14105 0.985 0.610254
14106 0.985 0.610246
14107 0.985 0.610256
14108 0.985 0.610248
14109 0.985 0.610226
14110 0.985 0.610221
14111 0.985 0.610233
14112 0.985 0.610259
14113 0.985 0.610298
14114 0.985 0.610349
14115 0.985 0.61041
14116 0.985 0.610481
14117 0.985 0.610561
14118 0.985 0.610616
14119 0.985 0.610651
14120 0.985 0.610698
14121 0.985 0.610756
14122 0.985 0.610792
14123 0.985 0.610809
14124 0.985 0.610809
14125 0.985 0.610793
14126 0.985 0.610763
14127 0.985 0.610721
14128 0.985 0.610698
14129 0.985 0.610663
14130 0.985 0.610615
14131 0.985 0.610556
14132 0.985 0.610487
14133 0.985 0.61041
14134 0.985 0.610325
14135 0.985 0.610233
14136 0.985 0.610134
14137 0.985 0.61003
14138 0.985 0.609951
14139 0.985 0.609896
14140 0.985 0.609863
14141 0.985 0.609848
14142 0.985 0.60985
14143 0.985 0.609868
14144 0.985 0.6099
14145 0.985 0.609913
14146 0.985 0.609908
14147 0.985 0.609889
14148 0.985 0.609856
14149 0.985 0.609811
14150 0.985 0.609754
14151 0.985 0.609688
14152 0.985 0.609612
14153 0.985 0.609529
14154 0.985 0.609469
14155 0.985 0.609431
14156 0.985 0.609413
14157 0.985 0.609412
14158 0.985 0.609427
14159 0.985 0.609424
14160 0.985 0.609438
14161 0.985 0.609465
14162 0.985 0.609506
14163 0.985 0.609558
14164 0.985 0.609621
14165 0.985 0.609692
14166 0.985 0.609773
14167 0.985 0.609861
14168 0.985 0.609955
14169 0.985 0.610025
14170 0.985 0.610072
14171 0.985 0.610099
14172 0.985 0.610107
14173 0.985 0.6101
14174 0.985 0.610085
14175 0.985 0.610087
14176 0.985 0.610105
14177 0.985 0.610136
14178 0.985 0.61018
14179 0.985 0.610235
14180 0.985 0.610277
14181 0.985 0.610299
14182 0.985 0.610303
14183 0.985 0.610292
14184 0.985 0.610265
14185 0.985 0.610226
14186 0.985 0.610206
14187 0.985 0.610204
14188 0.985 0.610218
14189 0.985 0.610246
14190 0.985 0.610255
14191 0.985 0.610248
14192 0.985 0.610226
14193 0.985 0.610191
14194 0.985 0.610175
14195 0.985 0.610176
14196 0.985 0.610192
14197 0.985 0.610223
14198 0.985 0.610235
14199 0.985 0.61023
14200 0.985 0.610241
14201 0.985 0.610267
14202 0.985 0.610274
14203 0.985 0.610266
14204 0.985 0.610273
14205 0.985 0.610296
14206 0.985 0.610332
14207 0.985 0.61038
14208 0.985 0.610438
14209 0.985 0.610507
14210 0.985 0.610584
14211 0.985 0.610638
14212 0.985 0.610671
14213 0.985 0.610685
14214 0.985 0.610682
14215 0.985 0.610695
14216 0.985 0.610691
14217 0.985 0.610672
14218 0.985 0.610639
14219 0.985 0.610594
14220 0.985 0.610537
14221 0.985 0.610471
14222 0.985 0.610419
14223 0.985 0.61038
14224 0.985 0.610353
14225 0.985 0.610336
14226 0.985 0.610329
14227 0.985 0.61033
14228 0.985 0.610338
14229 0.985 0.610354
14230 0.985 0.610376
14231 0.985 0.61038
14232 0.985 0.610367
14233 0.985 0.610341
14234 0.985 0.610302
14235 0.985 0.610274
14236 0.985 0.610256
14237 0.985 0.610249
14238 0.985 0.610249
14239 0.985 0.610258
14240 0.985 0.610273
14241 0.985 0.610295
14242 0.985 0.610322
14243 0.985 0.610354
14244 0.985 0.610391
14245 0.985 0.61044
14246 0.985 0.610499
14247 0.985 0.610569
14248 0.985 0.610615
14249 0.985 0.610642
14250 0.985 0.61065
14251 0.985 0.610641
14252 0.985 0.610618
14253 0.985 0.610582
14254 0.985 0.610533
14255 0.985 0.610474
14256 0.985 0.610405
14257 0.985 0.610327
14258 0.985 0.610241
14259 0.985 0.61018
14260 0.985 0.61014
14261 0.985 0.61012
14262 0.985 0.610118
14263 0.985 0.610131
14264 0.985 0.610159
14265 0.985 0.610199
14266 0.985 0.610251
14267 0.985 0.610314
14268 0.985 0.610386
14269 0.985 0.610435
14270 0.985 0.610463
14271 0.985 0.610505
14272 0.985 0.610557
14273 0.985 0.610589
14274 0.985 0.610602
14275 0.985 0.610598
14276 0.985 0.610579
14277 0.985 0.610546
14278 0.985 0.610501
14279 0.985 0.610476
14280 0.985 0.610469
14281 0.985 0.610478
14282 0.985 0.610503
14283 0.985 0.61054
14284 0.985 0.610589
14285 0.985 0.610649
14286 0.985 0.610719
14287 0.985 0.610797
14288 0.985 0.610852
14289 0.985 0.610886
14290 0.985 0.610901
14291 0.985 0.610898
14292 0.985 0.61088
14293 0.985 0.61088
14294 0.985 0.610895
14295 0.985 0.610925
14296 0.985 0.610967
14297 0.985 0.610997
14298 0.985 0.611016
14299 0.985 0.611026
14300 0.985 0.611019
14301 0.985 0.611029
14302 0.985 0.611022
14303 0.985 0.611
14304 0.985 0.610964
14305 0.985 0.610917
14306 0.985 0.610858
14307 0.985 0.610813
14308 0.985 0.610781
14309 0.985 0.610759
14310 0.985 0.610747
14311 0.985 0.610745
14312 0.985 0.61075
14313 0.985 0.610762
14314 0.985 0.610781
14315 0.985 0.610806
14316 0.985 0.610836
14317 0.985 0.610871
14318 0.985 0.61091
14319 0.985 0.610953
14320 0.985 0.610975
14321 0.985 0.611004
14322 0.985 0.611037
14323 0.985 0.611074
14324 0.985 0.611124
14325 0.985 0.611184
14326 0.985 0.611222
14327 0.985 0.611273
14328 0.985 0.611333
14329 0.985 0.611404
14330 0.985 0.611483
14331 0.985 0.611538
14332 0.985 0.611572
14333 0.985 0.611588
14334 0.985 0.611586
14335 0.985 0.611568
14336 0.985 0.611537
14337 0.985 0.611493
14338 0.985 0.611438
14339 0.985 0.611373
14340 0.985 0.61133
14341 0.985 0.611307
14342 0.985 0.611301
14343 0.985 0.611281
14344 0.985 0.611247
14345 0.985 0.611232
14346 0.985 0.611235
14347 0.985 0.611253
14348 0.985 0.611253
14349 0.985 0.611237
14350 0.985 0.611239
14351 0.985 0.611257
14352 0.985 0.611288
14353 0.985 0.611332
14354 0.985 0.611387
14355 0.985 0.611452
14356 0.985 0.611527
14357 0.985 0.611578
14358 0.985 0.611609
14359 0.985 0.611621
14360 0.985 0.611647
14361 0.985 0.611686
14362 0.985 0.611737
14363 0.985 0.611799
14364 0.985 0.61187
14365 0.985 0.611918
14366 0.985 0.611977
14367 0.985 0.612046
14368 0.985 0.612124
14369 0.985 0.61221
14370 0.985 0.612302
14371 0.985 0.61237
14372 0.985 0.612415
14373 0.985 0.61244
14374 0.985 0.612447
14375 0.985 0.612437
14376 0.985 0.612413
14377 0.985 0.612376
14378 0.985 0.612326
14379 0.985 0.612266
14380 0.985 0.612196
14381 0.985 0.612118
14382 0.985 0.612063
14383 0.985 0.612029
14384 0.985 0.611983
14385 0.985 0.611926
14386 0.985 0.611858
14387 0.985 0.611782
14388 0.985 0.611698
14389 0.985 0.611607
14390 0.985 0.611509
14391 0.985 0.611405
14392 0.985 0.611296
14393 0.985 0.611182
14394 0.985 0.611064
14395 0.985 0.610973
14396 0.985 0.610907
14397 0.985 0.610864
14398 0.985 0.61084
14399 0.985 0.610834
14400 0.985 0.610845
14401 0.985 0.61087
14402 0.985 0.610909
14403 0.985 0.610959
14404 0.985 0.61102
14405 0.985 0.611059
14406 0.985 0.61111
14407 0.985 0.61114
14408 0.985 0.611151
14409 0.985 0.611146
14410 0.985 0.611126
14411 0.985 0.611123
14412 0.985 0.611136
14413 0.985 0.611132
14414 0.985 0.611144
14415 0.985 0.61114
14416 0.985 0.611143
14417 0.985 0.611154
14418 0.985 0.611172
14419 0.985 0.611195
14420 0.985 0.611224
14421 0.985 0.611258
14422 0.985 0.611296
14423 0.985 0.611345
14424 0.985 0.611374
14425 0.985 0.611385
14426 0.985 0.611379
14427 0.985 0.611358
14428 0.985 0.611323
14429 0.985 0.611276
14430 0.985 0.611219
14431 0.985 0.611151
14432 0.985 0.611074
14433 0.985 0.61099
14434 0.985 0.610898
14435 0.985 0.610831
14436 0.985 0.610787
14437 0.985 0.610731
14438 0.985 0.610696
14439 0.985 0.610681
14440 0.985 0.610683
14441 0.985 0.6107
14442 0.985 0.6107
14443 0.985 0.610684
14444 0.985 0.610654
14445 0.985 0.610643
14446 0.985 0.610649
14447 0.985 0.610669
14448 0.985 0.610704
14449 0.985 0.610719
14450 0.985 0.610717
14451 0.985 0.610731
14452 0.985 0.610728
14453 0.985 0.610741
14454 0.985 0.610736
14455 0.985 0.610748
14456 0.985 0.610775
14457 0.985 0.610814
14458 0.985 0.610865
14459 0.985 0.610896
14460 0.985 0.610907
14461 0.985 0.610934
14462 0.985 0.610973
14463 0.985 0.611024
14464 0.985 0.611085
14465 0.985 0.611156
14466 0.985 0.611228
14467 0.985 0.6113
14468 0.985 0.611373
14469 0.985 0.611446
14470 0.985 0.61152
14471 0.985 0.611594
14472 0.985 0.611668
14473 0.985 0.611743
14474 0.985 0.611818
14475 0.985 0.61187
14476 0.985 0.611901
14477 0.985 0.611913
14478 0.985 0.611909
14479 0.985 0.611912
14480 0.985 0.611923
14481 0.985 0.611941
14482 0.985 0.611965
14483 0.985 0.611994
14484 0.985 0.612028
14485 0.985 0.612043
14486 0.985 0.612041
14487 0.985 0.612023
14488 0.985 0.611992
14489 0.985 0.611948
14490 0.985 0.611892
14491 0.985 0.611827
14492 0.985 0.611752
14493 0.985 0.61167
14494 0.985 0.611611
14495 0.985 0.611573
14496 0.985 0.611524
14497 0.985 0.611464
14498 0.985 0.611394
14499 0.985 0.611316
14500 0.985 0.61123
14501 0.985 0.61116
14502 0.985 0.611104
14503 0.985 0.611062
14504 0.985 0.611031
14505 0.985 0.611011
14506 0.985 0.611001
14507 0.985 0.610999
14508 0.985 0.611004
14509 0.985 0.611017
14510 0.985 0.611013
14511 0.985 0.610994
14512 0.985 0.610992
14513 0.985 0.611006
14514 0.985 0.611026
14515 0.985 0.611051
14516 0.985 0.611082
14517 0.985 0.611117
14518 0.985 0.611156
14519 0.985 0.611198
14520 0.985 0.611244
14521 0.985 0.611293
14522 0.985 0.611345
14523 0.985 0.611399
14524 0.985 0.611455
14525 0.985 0.611513
14526 0.985 0.611581
14527 0.985 0.611658
14528 0.985 0.611735
14529 0.985 0.611811
14530 0.985 0.611888
14531 0.985 0.611965
14532 0.985 0.612041
14533 0.985 0.612094
14534 0.985 0.612127
14535 0.985 0.61214
14536 0.985 0.612168
14537 0.985 0.612208
14538 0.985 0.612229
14539 0.985 0.612233
14540 0.985 0.61222
14541 0.985 0.612224
14542 0.985 0.612243
14543 0.985 0.612245
14544 0.985 0.612231
14545 0.985 0.612202
14546 0.985 0.612161
14547 0.985 0.612108
14548 0.985 0.612045
14549 0.985 0.611973
14550 0.985 0.611892
14551 0.985 0.611803
14552 0.985 0.611708
14553 0.985 0.611607
14554 0.985 0.611523
14555 0.985 0.611455
14556 0.985 0.611401
14557 0.985 0.611361
14558 0.985 0.611308
14559 0.985 0.611246
14560 0.985 0.611173
14561 0.985 0.611093
14562 0.985 0.611004
14563 0.985 0.610909
14564 0.985 0.610831
14565 0.985 0.610768
14566 0.985 0.610719
14567 0.985 0.610682
14568 0.985 0.610656
14569 0.985 0.610641
14570 0.985 0.610634
14571 0.985 0.610635
14572 0.985 0.610644
14573 0.985 0.61066
14574 0.985 0.610681
14575 0.985 0.610708
14576 0.985 0.610739
14577 0.985 0.610775
14578 0.985 0.610815
14579 0.985 0.610858
14580 0.985 0.610905
14581 0.985 0.610954
14582 0.985 0.611006
14583 0.985 0.61106
14584 0.985 0.611117
14585 0.985 0.611175
14586 0.985 0.611235
14587 0.985 0.611297
14588 0.985 0.61136
14589 0.985 0.611425
14590 0.985 0.611491
14591 0.985 0.611558
14592 0.985 0.611626
14593 0.985 0.611694
14594 0.985 0.611741
14595 0.985 0.61179
14596 0.985 0.611842
14597 0.985 0.611897
14598 0.985 0.61193
14599 0.985 0.611945
14600 0.985 0.611942
14601 0.985 0.611955
14602 0.985 0.611983
14603 0.985 0.612016
14604 0.985 0.612053
14605 0.985 0.612094
14606 0.985 0.612139
14607 0.985 0.612163
14608 0.985 0.612193
14609 0.985 0.612228
14610 0.985 0.612267
14611 0.985 0.612287
14612 0.985 0.612289
14613 0.985 0.612275
14614 0.985 0.612247
14615 0.985 0.612206
14616 0.985 0.612153
14617 0.985 0.612122
14618 0.985 0.612109
14619 0.985 0.612113
14620 0.985 0.612109
14621 0.985 0.612098
14622 0.985 0.61208
14623 0.985 0.612056
14624 0.985 0.612042
14625 0.985 0.612014
14626 0.985 0.611973
14627 0.985 0.61192
14628 0.985 0.611858
14629 0.985 0.611785
14630 0.985 0.611704
14631 0.985 0.611616
14632 0.985 0.611552
14633 0.985 0.611479
14634 0.985 0.611397
14635 0.985 0.611308
14636 0.985 0.611212
14637 0.985 0.611141
14638 0.985 0.611093
14639 0.985 0.611034
14640 0.985 0.610966
14641 0.985 0.61092
14642 0.985 0.610886
14643 0.985 0.610863
14644 0.985 0.61085
14645 0.985 0.610847
14646 0.985 0.610851
14647 0.985 0.610862
14648 0.985 0.61088
14649 0.985 0.610904
14650 0.985 0.610933
14651 0.985 0.610967
14652 0.985 0.611006
14653 0.985 0.611048
14654 0.985 0.611094
14655 0.985 0.611143
14656 0.985 0.611195
14657 0.985 0.611249
14658 0.985 0.611306
14659 0.985 0.611365
14660 0.985 0.611425
14661 0.985 0.611488
14662 0.985 0.611552
14663 0.985 0.611618
14664 0.985 0.611661
14665 0.985 0.611684
14666 0.985 0.611689
14667 0.985 0.611702
14668 0.985 0.611721
14669 0.985 0.611746
14670 0.985 0.611777
14671 0.985 0.611812
14672 0.985 0.611852
14673 0.985 0.611895
14674 0.985 0.611942
14675 0.985 0.611993
14676 0.985 0.612046
14677 0.985 0.612102
14678 0.985 0.612144
14679 0.985 0.612174
14680 0.985 0.612194
14681 0.985 0.612219
14682 0.985 0.61225
14683 0.985 0.612285
14684 0.985 0.612325
14685 0.985 0.612353
14686 0.985 0.612371
14687 0.985 0.612379
14688 0.985 0.61237
14689 0.985 0.612346
14690 0.985 0.61231
14691 0.985 0.612261
14692 0.985 0.612201
14693 0.985 0.612132
14694 0.985 0.612054
14695 0.985 0.611999
14696 0.985 0.611965
14697 0.985 0.611951
14698 0.985 0.611954
14699 0.985 0.611972
14700 0.985 0.611973
14701 0.985 0.611958
14702 0.985 0.611929
14703 0.985 0.61191
14704 0.985 0.611901
14705 0.985 0.611901
14706 0.985 0.611908
14707 0.985 0.611923
14708 0.985 0.611944
14709 0.985 0.61197
14710 0.985 0.612002
14711 0.985 0.612038
14712 0.985 0.612079
14713 0.985 0.612123
14714 0.985 0.612171
14715 0.985 0.612221
14716 0.985 0.612274
14717 0.985 0.612338
14718 0.985 0.612411
14719 0.985 0.612492
14720 0.985 0.61255
14721 0.985 0.612586
14722 0.985 0.612634
14723 0.985 0.612662
14724 0.985 0.612671
14725 0.985 0.612663
14726 0.985 0.612641
14727 0.985 0.612605
14728 0.985 0.612557
14729 0.985 0.612498
14730 0.985 0.612461
14731 0.985 0.612411
14732 0.985 0.612351
14733 0.985 0.612313
14734 0.985 0.612262
14735 0.985 0.612233
14736 0.985 0.612214
14737 0.985 0.612182
14738 0.985 0.61216
14739 0.985 0.612149
14740 0.985 0.612146
14741 0.985 0.612152
14742 0.985 0.612165
14743 0.985 0.612161
14744 0.985 0.612141
14745 0.985 0.612108
14746 0.985 0.612063
14747 0.985 0.612006
14748 0.985 0.611939
14749 0.985 0.611863
14750 0.985 0.611811
14751 0.985 0.61178
14752 0.985 0.611767
14753 0.985 0.611771
14754 0.985 0.61176
14755 0.985 0.611733
14756 0.985 0.611694
14757 0.985 0.611674
14758 0.985 0.611672
14759 0.985 0.611686
14760 0.985 0.611706
14761 0.985 0.611732
14762 0.985 0.611763
14763 0.985 0.611799
14764 0.985 0.611839
14765 0.985 0.611883
14766 0.985 0.61193
14767 0.985 0.611981
14768 0.985 0.612034
14769 0.985 0.612089
14770 0.985 0.612147
14771 0.985 0.612207
14772 0.985 0.612269
14773 0.985 0.612332
14774 0.985 0.612374
14775 0.985 0.612395
14776 0.985 0.612399
14777 0.985 0.61241
14778 0.985 0.612428
14779 0.985 0.612452
14780 0.985 0.612481
14781 0.985 0.612515
14782 0.985 0.612531
14783 0.985 0.612529
14784 0.985 0.612535
14785 0.985 0.612548
14786 0.985 0.612568
14787 0.985 0.612594
14788 0.985 0.612625
14789 0.985 0.612637
14790 0.985 0.612656
14791 0.985 0.612657
14792 0.985 0.612643
14793 0.985 0.612646
14794 0.985 0.612664
14795 0.985 0.612696
14796 0.985 0.61274
14797 0.985 0.612765
14798 0.985 0.612771
14799 0.985 0.612761
14800 0.985 0.612736
14801 0.985 0.612698
14802 0.985 0.612648
14803 0.985 0.612587
14804 0.985 0.612517
14805 0.985 0.612469
14806 0.985 0.612442
14807 0.985 0.612402
14808 0.985 0.61235
14809 0.985 0.612319
14810 0.985 0.612307
14811 0.985 0.61228
14812 0.985 0.61224
14813 0.985 0.612197
14814 0.985 0.61215
14815 0.985 0.6121
14816 0.985 0.612047
14817 0.985 0.611992
14818 0.985 0.611934
14819 0.985 0.611867
14820 0.985 0.61179
14821 0.985 0.611706
14822 0.985 0.611614
14823 0.985 0.611516
14824 0.985 0.611412
14825 0.985 0.611302
14826 0.985 0.611188
14827 0.985 0.611101
14828 0.985 0.611038
14829 0.985 0.610998
14830 0.985 0.610945
14831 0.985 0.610882
14832 0.985 0.61081
14833 0.985 0.610753
14834 0.985 0.610709
14835 0.985 0.610677
14836 0.985 0.610656
14837 0.985 0.610645
14838 0.985 0.610642
14839 0.985 0.610647
14840 0.985 0.610636
14841 0.985 0.610611
14842 0.985 0.610572
14843 0.985 0.610522
14844 0.985 0.610461
14845 0.985 0.610422
14846 0.985 0.610394
14847 0.985 0.610377
14848 0.985 0.610369
14849 0.985 0.61037
14850 0.985 0.610378
14851 0.985 0.610393
14852 0.985 0.610414
14853 0.985 0.610441
14854 0.985 0.610472
14855 0.985 0.610508
14856 0.985 0.610549
14857 0.985 0.610593
14858 0.985 0.61064
14859 0.985 0.61069
14860 0.985 0.610743
14861 0.985 0.610798
14862 0.985 0.610855
14863 0.985 0.610914
14864 0.985 0.610976
14865 0.985 0.611015
14866 0.985 0.611035
14867 0.985 0.611037
14868 0.985 0.611023
14869 0.985 0.610995
14870 0.985 0.610962
14871 0.985 0.61094
14872 0.985 0.610927
14873 0.985 0.610924
14874 0.985 0.610929
14875 0.985 0.610941
14876 0.985 0.61096
14877 0.985 0.610985
14878 0.985 0.611015
14879 0.985 0.61105
14880 0.985 0.611089
14881 0.985 0.611116
14882 0.985 0.611133
14883 0.985 0.61114
14884 0.985 0.611138
14885 0.985 0.611152
14886 0.985 0.611181
14887 0.985 0.611222
14888 0.985 0.611275
14889 0.985 0.611338
14890 0.985 0.611411
14891 0.985 0.611492
14892 0.985 0.611557
14893 0.985 0.611608
14894 0.985 0.611638
14895 0.985 0.611649
14896 0.985 0.611644
14897 0.985 0.611623
14898 0.985 0.611621
14899 0.985 0.611634
14900 0.985 0.61163
14901 0.985 0.611611
14902 0.985 0.611578
14903 0.985 0.611564
14904 0.985 0.611567
14905 0.985 0.611586
14906 0.985 0.611618
14907 0.985 0.611663
14908 0.985 0.611719
14909 0.985 0.611785
14910 0.985 0.61186
14911 0.985 0.611912
14912 0.985 0.611943
14913 0.985 0.611963
14914 0.985 0.611973
14915 0.985 0.611975
14916 0.985 0.611992
14917 0.985 0.612023
14918 0.985 0.612067
14919 0.985 0.612091
14920 0.985 0.612096
14921 0.985 0.612093
14922 0.985 0.612083
14923 0.985 0.612066
14924 0.985 0.612044
14925 0.985 0.612015
14926 0.985 0.611982
14927 0.985 0.611944
14928 0.985 0.611903
14929 0.985 0.611858
14930 0.985 0.611833
14931 0.985 0.611826
14932 0.985 0.611835
14933 0.985 0.611859
14934 0.985 0.611897
14935 0.985 0.611946
14936 0.985 0.612007
14937 0.985 0.612045
14938 0.985 0.612072
14939 0.985 0.612112
14940 0.985 0.612163
14941 0.985 0.612194
14942 0.985 0.612206
14943 0.985 0.612201
14944 0.985 0.612212
14945 0.985 0.612238
14946 0.985 0.612277
14947 0.985 0.612296
14948 0.985 0.612298
14949 0.985 0.612315
14950 0.985 0.612346
14951 0.985 0.61239
14952 0.985 0.612413
14953 0.985 0.612419
14954 0.985 0.612408
14955 0.985 0.612415
14956 0.985 0.612428
14957 0.985 0.612448
14958 0.985 0.612481
14959 0.985 0.612527
14960 0.985 0.612584
14961 0.985 0.612651
14962 0.985 0.612727
14963 0.985 0.612788
14964 0.985 0.612835
14965 0.985 0.612869
14966 0.985 0.612892
14967 0.985 0.612906
14968 0.985 0.612902
14969 0.985 0.612883
14970 0.985 0.61285
14971 0.985 0.612805
14972 0.985 0.612748
14973 0.985 0.612682
14974 0.985 0.612606
14975 0.985 0.612554
14976 0.985 0.612522
14977 0.985 0.61251
14978 0.985 0.612483
14979 0.985 0.612443
14980 0.985 0.612391
14981 0.985 0.612329
14982 0.985 0.612257
14983 0.985 0.612208
14984 0.985 0.61218
14985 0.985 0.61217
14986 0.985 0.612146
14987 0.985 0.612108
14988 0.985 0.612058
14989 0.985 0.611998
14990 0.985 0.611959
14991 0.985 0.61194
14992 0.985 0.611939
14993 0.985 0.611953
14994 0.985 0.611982
14995 0.985 0.612023
14996 0.985 0.612076
14997 0.985 0.61214
14998 0.985 0.612213
14999 0.985 0.612263
15000 0.985 0.612292
