14000 0.985 0.199629
14001 0.985 0.199594
14002 0.985 0.199578
14003 0.985 0.199578
14004 0.985 0.199564
14005 0.985 0.199535
14006 0.985 0.199493
14007 0.985 0.19944
14008 0.985 0.199377
14009 0.985 0.199304
14010 0.985 0.199223
14011 0.985 0.199135
14012 0.985 0.199071
14013 0.985 0.199029
14014 0.985 0.198976
14015 0.985 0.198912
14016 0.985 0.198839
14017 0.985 0.198758
14018 0.985 0.198669
14019 0.985 0.198573
14020 0.985 0.198471
14021 0.985 0.198396
14022 0.985 0.198343
14023 0.985 0.198311
14024 0.985 0.198298
14025 0.985 0.198302
14026 0.985 0.198322
14027 0.985 0.198355
14028 0.985 0.1984
14029 0.985 0.198457
14030 0.985 0.198523
14031 0.985 0.198599
14032 0.985 0.198682
14033 0.985 0.198773
14034 0.985 0.19887
14035 0.985 0.198942
14036 0.985 0.198991
14037 0.985 0.199051
14038 0.985 0.19909
14039 0.985 0.199108
14040 0.985 0.19911
14041 0.985 0.199095
14042 0.985 0.199067
14043 0.985 0.199025
14044 0.985 0.198972
14045 0.985 0.198909
14046 0.985 0.198836
14047 0.985 0.198755
14048 0.985 0.198667
14049 0.985 0.198571
14050 0.985 0.19847
14051 0.985 0.198363
14052 0.985 0.198283
14053 0.985 0.198226
14054 0.985 0.19819
14055 0.985 0.198143
14056 0.985 0.198084
14057 0.985 0.198047
14058 0.985 0.198029
14059 0.985 0.198029
14060 0.985 0.198045
14061 0.985 0.198074
14062 0.985 0.198116
14063 0.985 0.19817
14064 0.985 0.198234
14065 0.985 0.198276
14066 0.985 0.198298
14067 0.985 0.198334
14068 0.985 0.19835
14069 0.985 0.19838
14070 0.985 0.198423
14071 0.985 0.198478
14072 0.985 0.198542
14073 0.985 0.198584
14074 0.985 0.198638
14075 0.985 0.198702
14076 0.985 0.198775
14077 0.985 0.198857
14078 0.985 0.198946
14079 0.985 0.199042
14080 0.985 0.199112
14081 0.985 0.19916
14082 0.985 0.199187
14083 0.985 0.199228
14084 0.985 0.19928
14085 0.985 0.199311
14086 0.985 0.199323
14087 0.985 0.199328
14088 0.985 0.199326
14089 0.985 0.199317
14090 0.985 0.199303
14091 0.985 0.199284
14092 0.985 0.19926
14093 0.985 0.199232
14094 0.985 0.1992
14095 0.985 0.199165
14096 0.985 0.199118
14097 0.985 0.199091
14098 0.985 0.199051
14099 0.985 0.199
14100 0.985 0.198938
14101 0.985 0.198867
14102 0.985 0.198818
14103 0.985 0.19879
14104 0.985 0.19878
14105 0.985 0.198787
14106 0.985 0.198809
14107 0.985 0.198844
14108 0.985 0.198861
14109 0.985 0.19886
14110 0.985 0.198843
14111 0.985 0.198844
14112 0.985 0.198829
14113 0.985 0.198799
14114 0.985 0.198758
14115 0.985 0.198704
14116 0.985 0.198672
14117 0.985 0.198627
14118 0.985 0.198571
14119 0.985 0.198505
14120 0.985 0.19843
14121 0.985 0.198347
14122 0.985 0.198288
14123 0.985 0.19825
14124 0.985 0.198201
14125 0.985 0.198141
14126 0.985 0.198071
14127 0.985 0.197992
14128 0.985 0.197937
14129 0.985 0.197903
14130 0.985 0.197888
14131 0.985 0.197891
14132 0.985 0.197909
14133 0.985 0.197909
14134 0.985 0.197893
14135 0.985 0.197895
14136 0.985 0.197913
14137 0.985 0.197944
14138 0.985 0.197988
14139 0.985 0.198043
14140 0.985 0.198108
14141 0.985 0.198182
14142 0.985 0.198265
14143 0.985 0.198355
14144 0.985 0.19842
14145 0.985 0.198463
14146 0.985 0.198486
14147 0.985 0.198491
14148 0.985 0.19848
14149 0.985 0.198455
14150 0.985 0.198416
14151 0.985 0.198365
14152 0.985 0.198304
14153 0.985 0.198233
14154 0.985 0.198154
14155 0.985 0.198099
14156 0.985 0.198064
14157 0.985 0.198049
14158 0.985 0.19805
14159 0.985 0.198045
14160 0.985 0.198034
14161 0.985 0.198016
14162 0.985 0.198016
14163 0.985 0.198032
14164 0.985 0.198062
14165 0.985 0.198073
14166 0.985 0.198098
14167 0.985 0.198106
14168 0.985 0.198128
14169 0.985 0.198164
14170 0.985 0.198212
14171 0.985 0.198271
14172 0.985 0.198339
14173 0.985 0.198416
14174 0.985 0.198501
14175 0.985 0.198594
14176 0.985 0.198692
14177 0.985 0.198797
14178 0.985 0.198906
14179 0.985 0.198998
14180 0.985 0.199075
14181 0.985 0.199136
14182 0.985 0.199186
14183 0.985 0.199223
14184 0.985 0.19925
14185 0.985 0.199268
14186 0.985 0.199278
14187 0.985 0.19928
14188 0.985 0.199275
14189 0.985 0.199264
14190 0.985 0.199247
14191 0.985 0.199217
14192 0.985 0.199174
14193 0.985 0.19912
14194 0.985 0.199087
14195 0.985 0.199041
14196 0.985 0.199016
14197 0.985 0.198978
14198 0.985 0.198928
14199 0.985 0.198867
14200 0.985 0.198828
14201 0.985 0.198808
14202 0.985 0.198806
14203 0.985 0.198789
14204 0.985 0.198758
14205 0.985 0.198714
14206 0.985 0.19869
14207 0.985 0.198684
14208 0.985 0.198695
14209 0.985 0.198689
14210 0.985 0.198667
14211 0.985 0.198633
14212 0.985 0.198617
14213 0.985 0.198619
14214 0.985 0.198636
14215 0.985 0.198667
14216 0.985 0.19871
14217 0.985 0.198765
14218 0.985 0.198829
14219 0.985 0.198903
14220 0.985 0.198986
14221 0.985 0.199044
14222 0.985 0.199081
14223 0.985 0.199098
14224 0.985 0.199099
14225 0.985 0.199083
14226 0.985 0.199053
14227 0.985 0.199011
14228 0.985 0.198957
14229 0.985 0.198893
14230 0.985 0.19882
14231 0.985 0.198739
14232 0.985 0.198649
14233 0.985 0.198554
14234 0.985 0.198483
14235 0.985 0.198435
14236 0.985 0.198408
14237 0.985 0.198367
14238 0.985 0.198316
14239 0.985 0.198253
14240 0.985 0.198213
14241 0.985 0.198192
14242 0.985 0.198189
14243 0.985 0.198202
14244 0.985 0.198198
14245 0.985 0.198178
14246 0.985 0.198177
14247 0.985 0.198191
14248 0.985 0.198219
14249 0.985 0.198261
14250 0.985 0.198313
14251 0.985 0.198345
14252 0.985 0.198389
14253 0.985 0.198445
14254 0.985 0.19851
14255 0.985 0.198585
14256 0.985 0.198668
14257 0.985 0.198758
14258 0.985 0.198855
14259 0.985 0.198957
14260 0.985 0.199066
14261 0.985 0.199147
14262 0.985 0.199205
14263 0.985 0.199241
14264 0.985 0.199259
14265 0.985 0.199259
14266 0.985 0.199243
14267 0.985 0.199244
14268 0.985 0.199261
14269 0.985 0.199261
14270 0.985 0.199276
14271 0.985 0.199283
14272 0.985 0.199282
14273 0.985 0.199275
14274 0.985 0.199262
14275 0.985 0.199243
14276 0.985 0.19922
14277 0.985 0.199192
14278 0.985 0.199182
14279 0.985 0.199189
14280 0.985 0.199211
14281 0.985 0.199224
14282 0.985 0.199228
14283 0.985 0.199226
14284 0.985 0.199217
14285 0.985 0.199202
14286 0.985 0.199182
14287 0.985 0.199157
14288 0.985 0.199128
14289 0.985 0.199095
14290 0.985 0.199049
14291 0.985 0.198993
14292 0.985 0.198927
14293 0.985 0.198851
14294 0.985 0.198768
14295 0.985 0.198708
14296 0.985 0.19867
14297 0.985 0.198652
14298 0.985 0.19862
14299 0.985 0.198606
14300 0.985 0.19861
14301 0.985 0.198629
14302 0.985 0.198661
14303 0.985 0.198675
14304 0.985 0.198671
14305 0.985 0.198653
14306 0.985 0.19862
14307 0.985 0.198576
14308 0.985 0.198551
14309 0.985 0.198513
14310 0.985 0.198463
14311 0.985 0.198403
14312 0.985 0.198333
14313 0.985 0.198254
14314 0.985 0.198168
14315 0.985 0.198075
14316 0.985 0.197975
14317 0.985 0.197901
14318 0.985 0.19785
14319 0.985 0.19782
14320 0.985 0.197777
14321 0.985 0.197722
14322 0.985 0.197658
14323 0.985 0.197615
14324 0.985 0.197593
14325 0.985 0.197588
14326 0.985 0.1976
14327 0.985 0.197626
14328 0.985 0.197665
14329 0.985 0.197716
14330 0.985 0.197778
14331 0.985 0.197818
14332 0.985 0.197869
14333 0.985 0.1979
14334 0.985 0.197911
14335 0.985 0.197938
14336 0.985 0.197977
14337 0.985 0.198028
14338 0.985 0.19809
14339 0.985 0.198161
14340 0.985 0.19821
14341 0.985 0.198237
14342 0.985 0.198247
14343 0.985 0.19824
14344 0.985 0.198249
14345 0.985 0.198273
14346 0.985 0.19831
14347 0.985 0.198337
14348 0.985 0.198354
14349 0.985 0.198363
14350 0.985 0.198364
14351 0.985 0.198358
14352 0.985 0.198345
14353 0.985 0.19835
14354 0.985 0.198338
14355 0.985 0.198312
14356 0.985 0.198273
14357 0.985 0.198253
14358 0.985 0.198251
14359 0.985 0.198234
14360 0.985 0.198203
14361 0.985 0.198159
14362 0.985 0.198104
14363 0.985 0.19807
14364 0.985 0.198055
14365 0.985 0.198057
14366 0.985 0.198044
14367 0.985 0.198016
14368 0.985 0.198006
14369 0.985 0.198013
14370 0.985 0.198035
14371 0.985 0.19804
14372 0.985 0.198028
14373 0.985 0.198033
14374 0.985 0.198022
14375 0.985 0.197996
14376 0.985 0.197957
14377 0.985 0.197938
14378 0.985 0.197936
14379 0.985 0.19795
14380 0.985 0.197979
14381 0.985 0.19802
14382 0.985 0.198041
14383 0.985 0.198076
14384 0.985 0.198123
14385 0.985 0.198181
14386 0.985 0.198249
14387 0.985 0.198326
14388 0.985 0.198411
14389 0.985 0.198503
14390 0.985 0.198601
14391 0.985 0.198674
14392 0.985 0.198724
14393 0.985 0.198753
14394 0.985 0.198795
14395 0.985 0.198817
14396 0.985 0.198822
14397 0.985 0.19881
14398 0.985 0.198784
14399 0.985 0.198745
14400 0.985 0.198694
14401 0.985 0.198632
14402 0.985 0.198561
14403 0.985 0.198482
14404 0.985 0.198395
14405 0.985 0.1983
14406 0.985 0.198231
14407 0.985 0.198185
14408 0.985 0.198127
14409 0.985 0.19806
14410 0.985 0.197984
14411 0.985 0.197899
14412 0.985 0.197839
14413 0.985 0.1978
14414 0.985 0.19775
14415 0.985 0.197689
14416 0.985 0.19765
14417 0.985 0.19763
14418 0.985 0.197628
14419 0.985 0.197642
14420 0.985 0.19767
14421 0.985 0.197711
14422 0.985 0.197764
14423 0.985 0.197796
14424 0.985 0.197809
14425 0.985 0.197805
14426 0.985 0.197817
14427 0.985 0.197843
14428 0.985 0.197882
14429 0.985 0.197934
14430 0.985 0.197995
14431 0.985 0.198067
14432 0.985 0.198146
14433 0.985 0.198234
14434 0.985 0.198328
14435 0.985 0.198398
14436 0.985 0.198444
14437 0.985 0.198471
14438 0.985 0.19851
14439 0.985 0.19853
14440 0.985 0.198532
14441 0.985 0.198518
14442 0.985 0.19849
14443 0.985 0.19845
14444 0.985 0.198428
14445 0.985 0.198425
14446 0.985 0.198438
14447 0.985 0.198465
14448 0.985 0.198505
14449 0.985 0.198556
14450 0.985 0.198587
14451 0.985 0.198599
14452 0.985 0.198595
14453 0.985 0.198575
14454 0.985 0.198541
14455 0.985 0.198495
14456 0.985 0.198438
14457 0.985 0.198402
14458 0.985 0.198355
14459 0.985 0.198296
14460 0.985 0.198228
14461 0.985 0.198182
14462 0.985 0.198156
14463 0.985 0.198149
14464 0.985 0.198158
14465 0.985 0.19815
14466 0.985 0.198128
14467 0.985 0.198092
14468 0.985 0.198044
14469 0.985 0.197985
14470 0.985 0.197916
14471 0.985 0.197839
14472 0.985 0.197753
14473 0.985 0.197661
14474 0.985 0.197562
14475 0.985 0.197457
14476 0.985 0.197378
14477 0.985 0.197292
14478 0.985 0.19723
14479 0.985 0.19719
14480 0.985 0.197169
14481 0.985 0.197135
14482 0.985 0.19712
14483 0.985 0.197122
14484 0.985 0.19714
14485 0.985 0.197171
14486 0.985 0.197215
14487 0.985 0.197271
14488 0.985 0.197336
14489 0.985 0.197411
14490 0.985 0.197463
14491 0.985 0.197494
14492 0.985 0.197506
14493 0.985 0.197532
14494 0.985 0.197572
14495 0.985 0.197623
14496 0.985 0.197685
14497 0.985 0.197756
14498 0.985 0.197836
14499 0.985 0.197923
14500 0.985 0.198018
14501 0.985 0.198087
14502 0.985 0.198134
14503 0.985 0.19816
14504 0.985 0.198168
14505 0.985 0.19816
14506 0.985 0.198137
14507 0.985 0.1981
14508 0.985 0.198051
14509 0.985 0.197992
14510 0.985 0.197923
14511 0.985 0.197845
14512 0.985 0.19779
14513 0.985 0.197757
14514 0.985 0.197743
14515 0.985 0.197745
14516 0.985 0.197763
14517 0.985 0.197764
14518 0.985 0.197749
14519 0.985 0.19772
14520 0.985 0.197678
14521 0.985 0.197624
14522 0.985 0.197561
14523 0.985 0.197519
14524 0.985 0.197497
14525 0.985 0.197493
14526 0.985 0.197505
14527 0.985 0.197532
14528 0.985 0.19754
14529 0.985 0.197532
14530 0.985 0.197509
14531 0.985 0.197472
14532 0.985 0.197423
14533 0.985 0.197364
14534 0.985 0.197326
14535 0.985 0.197277
14536 0.985 0.197216
14537 0.985 0.197146
14538 0.985 0.197068
14539 0.985 0.197012
14540 0.985 0.196978
14541 0.985 0.196964
14542 0.985 0.196935
14543 0.985 0.196924
14544 0.985 0.19693
14545 0.985 0.196952
14546 0.985 0.196986
14547 0.985 0.197034
14548 0.985 0.197092
14549 0.985 0.197159
14550 0.985 0.197236
14551 0.985 0.197321
14552 0.985 0.197413
14553 0.985 0.197512
14554 0.985 0.197585
14555 0.985 0.197666
14556 0.985 0.197755
14557 0.985 0.197819
14558 0.985 0.197861
14559 0.985 0.197884
14560 0.985 0.197888
14561 0.985 0.197876
14562 0.985 0.19785
14563 0.985 0.197811
14564 0.985 0.197791
14565 0.985 0.197758
14566 0.985 0.197712
14567 0.985 0.197656
14568 0.985 0.19762
14569 0.985 0.197604
14570 0.985 0.197605
14571 0.985 0.19759
14572 0.985 0.197593
14573 0.985 0.197579
14574 0.985 0.197583
14575 0.985 0.19757
14576 0.985 0.197543
14577 0.985 0.197535
14578 0.985 0.197543
14579 0.985 0.197542
14580 0.985 0.197534
14581 0.985 0.197519
14582 0.985 0.19749
14583 0.985 0.197449
14584 0.985 0.197395
14585 0.985 0.197363
14586 0.985 0.19735
14587 0.985 0.197353
14588 0.985 0.197372
14589 0.985 0.197405
14590 0.985 0.19745
14591 0.985 0.197507
14592 0.985 0.19755
14593 0.985 0.197581
14594 0.985 0.197602
14595 0.985 0.197636
14596 0.985 0.197682
14597 0.985 0.19774
14598 0.985 0.197807
14599 0.985 0.197884
14600 0.985 0.197945
14601 0.985 0.197993
14602 0.985 0.198028
14603 0.985 0.198044
14604 0.985 0.198043
14605 0.985 0.198058
14606 0.985 0.198087
14607 0.985 0.198097
14608 0.985 0.198091
14609 0.985 0.198101
14610 0.985 0.198125
14611 0.985 0.198163
14612 0.985 0.19819
14613 0.985 0.198206
14614 0.985 0.198205
14615 0.985 0.198189
14616 0.985 0.198159
14617 0.985 0.198116
14618 0.985 0.198093
14619 0.985 0.198087
14620 0.985 0.198099
14621 0.985 0.198124
14622 0.985 0.198163
14623 0.985 0.198214
14624 0.985 0.198244
14625 0.985 0.198255
14626 0.985 0.198249
14627 0.985 0.198229
14628 0.985 0.198194
14629 0.985 0.198179
14630 0.985 0.198181
14631 0.985 0.198199
14632 0.985 0.19823
14633 0.985 0.198274
14634 0.985 0.198329
14635 0.985 0.198371
14636 0.985 0.198402
14637 0.985 0.198414
14638 0.985 0.198409
14639 0.985 0.198389
14640 0.985 0.198387
14641 0.985 0.1984
14642 0.985 0.198428
14643 0.985 0.198469
14644 0.985 0.198521
14645 0.985 0.198584
14646 0.985 0.198624
14647 0.985 0.198646
14648 0.985 0.198649
14649 0.985 0.198636
14650 0.985 0.19864
14651 0.985 0.198637
14652 0.985 0.198626
14653 0.985 0.198632
14654 0.985 0.198653
14655 0.985 0.198656
14656 0.985 0.198643
14657 0.985 0.198616
14658 0.985 0.198576
14659 0.985 0.198555
14660 0.985 0.198553
14661 0.985 0.198543
14662 0.985 0.198526
14663 0.985 0.198504
14664 0.985 0.198499
14665 0.985 0.198511
14666 0.985 0.198537
14667 0.985 0.198576
14668 0.985 0.198627
14669 0.985 0.198689
14670 0.985 0.19876
14671 0.985 0.198808
14672 0.985 0.198836
14673 0.985 0.198846
14674 0.985 0.19887
14675 0.985 0.198884
14676 0.985 0.198889
14677 0.985 0.198886
14678 0.985 0.198876
14679 0.985 0.198852
14680 0.985 0.198814
14681 0.985 0.198764
14682 0.985 0.198703
14683 0.985 0.198641
14684 0.985 0.198601
14685 0.985 0.198581
14686 0.985 0.198578
14687 0.985 0.19856
14688 0.985 0.198528
14689 0.985 0.198515
14690 0.985 0.198519
14691 0.985 0.198538
14692 0.985 0.198571
14693 0.985 0.198616
14694 0.985 0.198673
14695 0.985 0.19874
14696 0.985 0.198815
14697 0.985 0.198899
14698 0.985 0.19899
14699 0.985 0.199088
14700 0.985 0.199191
14701 0.985 0.199269
14702 0.985 0.199323
14703 0.985 0.199364
14704 0.985 0.199417
14705 0.985 0.199449
14706 0.985 0.199462
14707 0.985 0.199458
14708 0.985 0.199439
14709 0.985 0.199406
14710 0.985 0.19936
14711 0.985 0.199304
14712 0.985 0.199237
14713 0.985 0.199161
14714 0.985 0.199078
14715 0.985 0.199018
14716 0.985 0.19898
14717 0.985 0.198961
14718 0.985 0.19896
14719 0.985 0.198975
14720 0.985 0.199004
14721 0.985 0.199014
14722 0.985 0.199039
14723 0.985 0.199078
14724 0.985 0.199128
14725 0.985 0.199188
14726 0.985 0.199259
14727 0.985 0.199338
14728 0.985 0.199425
14729 0.985 0.199519
14730 0.985 0.199619
14731 0.985 0.199725
14732 0.985 0.199836
14733 0.985 0.199951
14734 0.985 0.200048
14735 0.985 0.200127
14736 0.985 0.200191
14737 0.985 0.200242
14738 0.985 0.200279
14739 0.985 0.200306
14740 0.985 0.200314
14741 0.985 0.200306
14742 0.985 0.200283
14743 0.985 0.200246
14744 0.985 0.200198
14745 0.985 0.200139
14746 0.985 0.20007
14747 0.985 0.199992
14748 0.985 0.199906
14749 0.985 0.199813
14750 0.985 0.199714
14751 0.985 0.199609
14752 0.985 0.19953
14753 0.985 0.199475
14754 0.985 0.199441
14755 0.985 0.199426
14756 0.985 0.199397
14757 0.985 0.199386
14758 0.985 0.199361
14759 0.985 0.199323
14760 0.985 0.199273
14761 0.985 0.199212
14762 0.985 0.199173
14763 0.985 0.199153
14764 0.985 0.199151
14765 0.985 0.199166
14766 0.985 0.199194
14767 0.985 0.199235
14768 0.985 0.199288
14769 0.985 0.19932
14770 0.985 0.199333
14771 0.985 0.199329
14772 0.985 0.199341
14773 0.985 0.199336
14774 0.985 0.199316
14775 0.985 0.199282
14776 0.985 0.199236
14777 0.985 0.199179
14778 0.985 0.199112
14779 0.985 0.199036
14780 0.985 0.198951
14781 0.985 0.198891
14782 0.985 0.198853
14783 0.985 0.198834
14784 0.985 0.198833
14785 0.985 0.198847
14786 0.985 0.198876
14787 0.985 0.198918
14788 0.985 0.198971
14789 0.985 0.199035
14790 0.985 0.199108
14791 0.985 0.19919
14792 0.985 0.199248
14793 0.985 0.199284
14794 0.985 0.199301
14795 0.985 0.1993
14796 0.985 0.199315
14797 0.985 0.199345
14798 0.985 0.199387
14799 0.985 0.19944
14800 0.985 0.199505
14801 0.985 0.199578
14802 0.985 0.19966
14803 0.985 0.199718
14804 0.985 0.199785
14805 0.985 0.199839
14806 0.985 0.199879
14807 0.985 0.199908
14808 0.985 0.199926
14809 0.985 0.199935
14810 0.985 0.199935
14811 0.985 0.199928
14812 0.985 0.199914
14813 0.985 0.199917
14814 0.985 0.199935
14815 0.985 0.199968
14816 0.985 0.200012
14817 0.985 0.200045
14818 0.985 0.200067
14819 0.985 0.200079
14820 0.985 0.200105
14821 0.985 0.200145
14822 0.985 0.200196
14823 0.985 0.200258
14824 0.985 0.200298
14825 0.985 0.200318
14826 0.985 0.200321
14827 0.985 0.200339
14828 0.985 0.200339
14829 0.985 0.200324
14830 0.985 0.200295
14831 0.985 0.200253
14832 0.985 0.200199
14833 0.985 0.200136
14834 0.985 0.200094
14835 0.985 0.200041
14836 0.985 0.199977
14837 0.985 0.199904
14838 0.985 0.199823
14839 0.985 0.199734
14840 0.985 0.199638
14841 0.985 0.199536
14842 0.985 0.199461
14843 0.985 0.199408
14844 0.985 0.199345
14845 0.985 0.199272
14846 0.985 0.199223
14847 0.985 0.199194
14848 0.985 0.199184
14849 0.985 0.19919
14850 0.985 0.199212
14851 0.985 0.199247
14852 0.985 0.199294
14853 0.985 0.199353
14854 0.985 0.199421
14855 0.985 0.199467
14856 0.985 0.199492
14857 0.985 0.199499
14858 0.985 0.19949
14859 0.985 0.199465
14860 0.985 0.199428
14861 0.985 0.199378
14862 0.985 0.199349
14863 0.985 0.199339
14864 0.985 0.199314
14865 0.985 0.199276
14866 0.985 0.199226
14867 0.985 0.199165
14868 0.985 0.199126
14869 0.985 0.199107
14870 0.985 0.199105
14871 0.985 0.199119
14872 0.985 0.199148
14873 0.985 0.199189
14874 0.985 0.199242
14875 0.985 0.199305
14876 0.985 0.199378
14877 0.985 0.199459
14878 0.985 0.199548
14879 0.985 0.199643
14880 0.985 0.199745
14881 0.985 0.199829
14882 0.985 0.199896
14883 0.985 0.19995
14884 0.985 0.19999
14885 0.985 0.200019
14886 0.985 0.200037
14887 0.985 0.200038
14888 0.985 0.200023
14889 0.985 0.199994
14890 0.985 0.199952
14891 0.985 0.199899
14892 0.985 0.199835
14893 0.985 0.199793
14894 0.985 0.199771
14895 0.985 0.199767
14896 0.985 0.199779
14897 0.985 0.199806
14898 0.985 0.199846
14899 0.985 0.199897
14900 0.985 0.199927
14901 0.985 0.199939
14902 0.985 0.199934
14903 0.985 0.199914
14904 0.985 0.199911
14905 0.985 0.199925
14906 0.985 0.199953
14907 0.985 0.199993
14908 0.985 0.200046
14909 0.985 0.200108
14910 0.985 0.200149
14911 0.985 0.20017
14912 0.985 0.200174
14913 0.985 0.200192
14914 0.985 0.200225
14915 0.985 0.200238
14916 0.985 0.200235
14917 0.985 0.200216
14918 0.985 0.200183
14919 0.985 0.200138
14920 0.985 0.200082
14921 0.985 0.200016
14922 0.985 0.199972
14923 0.985 0.199916
14924 0.985 0.199851
14925 0.985 0.1998
14926 0.985 0.199762
14927 0.985 0.199735
14928 0.985 0.199719
14929 0.985 0.19972
14930 0.985 0.199737
14931 0.985 0.199768
14932 0.985 0.199811
14933 0.985 0.199866
14934 0.985 0.199931
14935 0.985 0.200005
14936 0.985 0.200056
14937 0.985 0.200087
14938 0.985 0.200098
14939 0.985 0.200093
14940 0.985 0.200072
14941 0.985 0.200038
14942 0.985 0.199992
14943 0.985 0.199934
14944 0.985 0.199898
14945 0.985 0.199873
14946 0.985 0.199859
14947 0.985 0.199854
14948 0.985 0.199857
14949 0.985 0.199868
14950 0.985 0.199885
14951 0.985 0.199909
14952 0.985 0.199938
14953 0.985 0.199972
14954 0.985 0.20001
14955 0.985 0.200029
14956 0.985 0.200054
14957 0.985 0.200084
14958 0.985 0.200119
14959 0.985 0.200159
14960 0.985 0.200202
14961 0.985 0.200249
14962 0.985 0.200299
14963 0.985 0.200352
14964 0.985 0.200407
14965 0.985 0.200465
14966 0.985 0.200532
14967 0.985 0.200578
14968 0.985 0.200603
14969 0.985 0.200641
14970 0.985 0.200691
14971 0.985 0.20072
14972 0.985 0.200731
14973 0.985 0.200748
14974 0.985 0.200772
14975 0.985 0.200801
14976 0.985 0.200835
14977 0.985 0.200873
14978 0.985 0.200915
14979 0.985 0.200938
14980 0.985 0.200942
14981 0.985 0.200954
14982 0.985 0.200973
14983 0.985 0.200997
14984 0.985 0.201027
14985 0.985 0.201062
14986 0.985 0.201101
14987 0.985 0.201121
14988 0.985 0.201123
14989 0.985 0.201109
14990 0.985 0.201081
14991 0.985 0.20104
14992 0.985 0.200987
14993 0.985 0.200924
14994 0.985 0.200875
14995 0.985 0.200816
14996 0.985 0.200746
14997 0.985 0.200699
14998 0.985 0.200673
14999 0.985 0.200665
15000 0.985 0.200673
