14000 0.985 0.387161
14001 0.985 0.387172
14002 0.985 0.387167
14003 0.985 0.387146
14004 0.985 0.387112
14005 0.985 0.387066
14006 0.985 0.387008
14007 0.985 0.386941
14008 0.985 0.386864
14009 0.985 0.38678
14010 0.985 0.386689
14011 0.985 0.386591
14012 0.985 0.386487
14013 0.985 0.386378
14014 0.985 0.386264
14015 0.985 0.386177
14016 0.985 0.386084
14017 0.985 0.385984
14018 0.985 0.385909
14019 0.985 0.385858
14020 0.985 0.385796
14021 0.985 0.385756
14022 0.985 0.385736
14023 0.985 0.385733
14024 0.985 0.385746
14025 0.985 0.385774
14026 0.985 0.385814
14027 0.985 0.385866
14028 0.985 0.385897
14029 0.985 0.385909
14030 0.985 0.385904
14031 0.985 0.385885
14032 0.985 0.385851
14033 0.985 0.385837
14034 0.985 0.38584
14035 0.985 0.385858
14036 0.985 0.38589
14037 0.985 0.385934
14038 0.985 0.385958
14039 0.985 0.385965
14040 0.985 0.385986
14041 0.985 0.386021
14042 0.985 0.386036
14043 0.985 0.386035
14044 0.985 0.386018
14045 0.985 0.386018
14046 0.985 0.386003
14047 0.985 0.385973
14048 0.985 0.385931
14049 0.985 0.385877
14050 0.985 0.385813
14051 0.985 0.38574
14052 0.985 0.385659
14053 0.985 0.38557
14054 0.985 0.385474
14055 0.985 0.385404
14056 0.985 0.385325
14057 0.985 0.385269
14058 0.985 0.385204
14059 0.985 0.38516
14060 0.985 0.385137
14061 0.985 0.3851
14062 0.985 0.385083
14063 0.985 0.385083
14064 0.985 0.385098
14065 0.985 0.385128
14066 0.985 0.38517
14067 0.985 0.385224
14068 0.985 0.385288
14069 0.985 0.385361
14070 0.985 0.385443
14071 0.985 0.385532
14072 0.985 0.385628
14073 0.985 0.385729
14074 0.985 0.385805
14075 0.985 0.38589
14076 0.985 0.385981
14077 0.985 0.386079
14078 0.985 0.386182
14079 0.985 0.386291
14080 0.985 0.386405
14081 0.985 0.386523
14082 0.985 0.386645
14083 0.985 0.38677
14084 0.985 0.386867
14085 0.985 0.386939
14086 0.985 0.386988
14087 0.985 0.387016
14088 0.985 0.387026
14089 0.985 0.38702
14090 0.985 0.386998
14091 0.985 0.386963
14092 0.985 0.386916
14093 0.985 0.386857
14094 0.985 0.386789
14095 0.985 0.386713
14096 0.985 0.386659
14097 0.985 0.386627
14098 0.985 0.386582
14099 0.985 0.386526
14100 0.985 0.386491
14101 0.985 0.386475
14102 0.985 0.386477
14103 0.985 0.386462
14104 0.985 0.386434
14105 0.985 0.386393
14106 0.985 0.38634
14107 0.985 0.386277
14108 0.985 0.386204
14109 0.985 0.386124
14110 0.985 0.386036
14111 0.985 0.385972
14112 0.985 0.38593
14113 0.985 0.385908
14114 0.985 0.385872
14115 0.985 0.385825
14116 0.985 0.385767
14117 0.985 0.38573
14118 0.985 0.385681
14119 0.985 0.385621
14120 0.985 0.385552
14121 0.985 0.385474
14122 0.985 0.385388
14123 0.985 0.385295
14124 0.985 0.385227
14125 0.985 0.385181
14126 0.985 0.385125
14127 0.985 0.385058
14128 0.985 0.385014
14129 0.985 0.384989
14130 0.985 0.384983
14131 0.985 0.384993
14132 0.985 0.385018
14133 0.985 0.385056
14134 0.985 0.385105
14135 0.985 0.385165
14136 0.985 0.385204
14137 0.985 0.385223
14138 0.985 0.385225
14139 0.985 0.385242
14140 0.985 0.385242
14141 0.985 0.385226
14142 0.985 0.385196
14143 0.985 0.385153
14144 0.985 0.385099
14145 0.985 0.385066
14146 0.985 0.385052
14147 0.985 0.385055
14148 0.985 0.385042
14149 0.985 0.385046
14150 0.985 0.385065
14151 0.985 0.385098
14152 0.985 0.385144
14153 0.985 0.3852
14154 0.985 0.385267
14155 0.985 0.385311
14156 0.985 0.385335
14157 0.985 0.385341
14158 0.985 0.385331
14159 0.985 0.385306
14160 0.985 0.385268
14161 0.985 0.385218
14162 0.985 0.385158
14163 0.985 0.385119
14164 0.985 0.3851
14165 0.985 0.385098
14166 0.985 0.385112
14167 0.985 0.38514
14168 0.985 0.385182
14169 0.985 0.385234
14170 0.985 0.385297
14171 0.985 0.38537
14172 0.985 0.38545
14173 0.985 0.385539
14174 0.985 0.385634
14175 0.985 0.385735
14176 0.985 0.385842
14177 0.985 0.385922
14178 0.985 0.38601
14179 0.985 0.386105
14180 0.985 0.386206
14181 0.985 0.386313
14182 0.985 0.386425
14183 0.985 0.386541
14184 0.985 0.386661
14185 0.985 0.386754
14186 0.985 0.386821
14187 0.985 0.386866
14188 0.985 0.386891
14189 0.985 0.386898
14190 0.985 0.386889
14191 0.985 0.386865
14192 0.985 0.386859
14193 0.985 0.386838
14194 0.985 0.386803
14195 0.985 0.386757
14196 0.985 0.38673
14197 0.985 0.386722
14198 0.985 0.386699
14199 0.985 0.386663
14200 0.985 0.386615
14201 0.985 0.386556
14202 0.985 0.386487
14203 0.985 0.38641
14204 0.985 0.386356
14205 0.985 0.386323
14206 0.985 0.386309
14207 0.985 0.386311
14208 0.985 0.386298
14209 0.985 0.386302
14210 0.985 0.386321
14211 0.985 0.386323
14212 0.985 0.38634
14213 0.985 0.386371
14214 0.985 0.386383
14215 0.985 0.386378
14216 0.985 0.386359
14217 0.985 0.386325
14218 0.985 0.386279
14219 0.985 0.386223
14220 0.985 0.386187
14221 0.985 0.38614
14222 0.985 0.386081
14223 0.985 0.386013
14224 0.985 0.385967
14225 0.985 0.385942
14226 0.985 0.385934
14227 0.985 0.385943
14228 0.985 0.385936
14229 0.985 0.385945
14230 0.985 0.385937
14231 0.985 0.385915
14232 0.985 0.385879
14233 0.985 0.385831
14234 0.985 0.385772
14235 0.985 0.385703
14236 0.985 0.385626
14237 0.985 0.385541
14238 0.985 0.385448
14239 0.985 0.38535
14240 0.985 0.385276
14241 0.985 0.385226
14242 0.985 0.385196
14243 0.985 0.385185
14244 0.985 0.385159
14245 0.985 0.385152
14246 0.985 0.385161
14247 0.985 0.385185
14248 0.985 0.385221
14249 0.985 0.38527
14250 0.985 0.38533
14251 0.985 0.385399
14252 0.985 0.385477
14253 0.985 0.385563
14254 0.985 0.385656
14255 0.985 0.385755
14256 0.985 0.38586
14257 0.985 0.385939
14258 0.985 0.385994
14259 0.985 0.386028
14260 0.985 0.386074
14261 0.985 0.386132
14262 0.985 0.386199
14263 0.985 0.386275
14264 0.985 0.386359
14265 0.985 0.386451
14266 0.985 0.386549
14267 0.985 0.386653
14268 0.985 0.38673
14269 0.985 0.386785
14270 0.985 0.386818
14271 0.985 0.386864
14272 0.985 0.38692
14273 0.985 0.386987
14274 0.985 0.387031
14275 0.985 0.387056
14276 0.985 0.387062
14277 0.985 0.387052
14278 0.985 0.387036
14279 0.985 0.387016
14280 0.985 0.38699
14281 0.985 0.386961
14282 0.985 0.386927
14283 0.985 0.386913
14284 0.985 0.386916
14285 0.985 0.386911
14286 0.985 0.386901
14287 0.985 0.386884
14288 0.985 0.386863
14289 0.985 0.386837
14290 0.985 0.386806
14291 0.985 0.386764
14292 0.985 0.38671
14293 0.985 0.386645
14294 0.985 0.386572
14295 0.985 0.38649
14296 0.985 0.386401
14297 0.985 0.386336
14298 0.985 0.386263
14299 0.985 0.386181
14300 0.985 0.386091
14301 0.985 0.385995
14302 0.985 0.385893
14303 0.985 0.385817
14304 0.985 0.385764
14305 0.985 0.385732
14306 0.985 0.385688
14307 0.985 0.385632
14308 0.985 0.385566
14309 0.985 0.385523
14310 0.985 0.385499
14311 0.985 0.385462
14312 0.985 0.385414
14313 0.985 0.385385
14314 0.985 0.385344
14315 0.985 0.385292
14316 0.985 0.385229
14317 0.985 0.385156
14318 0.985 0.385076
14319 0.985 0.384987
14320 0.985 0.384892
14321 0.985 0.384791
14322 0.985 0.384684
14323 0.985 0.384573
14324 0.985 0.384488
14325 0.985 0.384427
14326 0.985 0.384388
14327 0.985 0.384369
14328 0.985 0.384367
14329 0.985 0.384381
14330 0.985 0.384409
14331 0.985 0.38445
14332 0.985 0.384503
14333 0.985 0.384566
14334 0.985 0.384638
14335 0.985 0.384719
14336 0.985 0.384807
14337 0.985 0.384902
14338 0.985 0.385004
14339 0.985 0.385079
14340 0.985 0.385132
14341 0.985 0.385195
14342 0.985 0.385267
14343 0.985 0.385347
14344 0.985 0.385436
14345 0.985 0.385499
14346 0.985 0.385541
14347 0.985 0.385572
14348 0.985 0.385592
14349 0.985 0.385604
14350 0.985 0.385608
14351 0.985 0.385604
14352 0.985 0.385594
14353 0.985 0.385577
14354 0.985 0.385556
14355 0.985 0.385529
14356 0.985 0.385498
14357 0.985 0.385464
14358 0.985 0.385425
14359 0.985 0.385384
14360 0.985 0.385339
14361 0.985 0.385292
14362 0.985 0.385243
14363 0.985 0.385191
14364 0.985 0.385138
14365 0.985 0.385105
14366 0.985 0.385092
14367 0.985 0.385095
14368 0.985 0.385091
14369 0.985 0.38508
14370 0.985 0.385063
14371 0.985 0.385041
14372 0.985 0.385014
14373 0.985 0.384982
14374 0.985 0.384947
14375 0.985 0.384907
14376 0.985 0.384865
14377 0.985 0.384842
14378 0.985 0.384837
14379 0.985 0.384848
14380 0.985 0.384874
14381 0.985 0.384881
14382 0.985 0.384904
14383 0.985 0.38494
14384 0.985 0.384988
14385 0.985 0.385046
14386 0.985 0.385084
14387 0.985 0.385133
14388 0.985 0.385161
14389 0.985 0.385203
14390 0.985 0.385256
14391 0.985 0.385319
14392 0.985 0.385392
14393 0.985 0.385473
14394 0.985 0.385562
14395 0.985 0.385657
14396 0.985 0.385727
14397 0.985 0.385775
14398 0.985 0.385802
14399 0.985 0.385811
14400 0.985 0.385803
14401 0.985 0.38578
14402 0.985 0.385744
14403 0.985 0.385695
14404 0.985 0.385636
14405 0.985 0.385568
14406 0.985 0.38549
14407 0.985 0.385413
14408 0.985 0.385337
14409 0.985 0.385261
14410 0.985 0.385185
14411 0.985 0.385109
14412 0.985 0.385034
14413 0.985 0.384959
14414 0.985 0.384884
14415 0.985 0.38481
14416 0.985 0.384735
14417 0.985 0.384683
14418 0.985 0.384653
14419 0.985 0.38464
14420 0.985 0.384645
14421 0.985 0.384665
14422 0.985 0.384675
14423 0.985 0.384677
14424 0.985 0.384672
14425 0.985 0.384682
14426 0.985 0.384707
14427 0.985 0.384746
14428 0.985 0.384796
14429 0.985 0.384856
14430 0.985 0.384927
14431 0.985 0.385006
14432 0.985 0.385092
14433 0.985 0.385186
14434 0.985 0.385263
14435 0.985 0.385325
14436 0.985 0.385373
14437 0.985 0.385409
14438 0.985 0.385434
14439 0.985 0.385449
14440 0.985 0.385455
14441 0.985 0.385453
14442 0.985 0.385435
14443 0.985 0.385404
14444 0.985 0.385391
14445 0.985 0.385396
14446 0.985 0.385415
14447 0.985 0.385448
14448 0.985 0.385463
14449 0.985 0.38546
14450 0.985 0.38545
14451 0.985 0.385434
14452 0.985 0.385412
14453 0.985 0.385384
14454 0.985 0.385352
14455 0.985 0.385316
14456 0.985 0.385299
14457 0.985 0.385299
14458 0.985 0.385292
14459 0.985 0.385278
14460 0.985 0.385258
14461 0.985 0.385232
14462 0.985 0.385202
14463 0.985 0.385159
14464 0.985 0.385104
14465 0.985 0.385039
14466 0.985 0.384973
14467 0.985 0.384906
14468 0.985 0.384838
14469 0.985 0.38477
14470 0.985 0.3847
14471 0.985 0.384629
14472 0.985 0.384558
14473 0.985 0.384486
14474 0.985 0.384414
14475 0.985 0.384341
14476 0.985 0.384267
14477 0.985 0.384193
14478 0.985 0.384119
14479 0.985 0.384044
14480 0.985 0.383969
14481 0.985 0.383894
14482 0.985 0.383841
14483 0.985 0.383786
14484 0.985 0.383753
14485 0.985 0.383738
14486 0.985 0.38374
14487 0.985 0.383758
14488 0.985 0.383789
14489 0.985 0.383833
14490 0.985 0.383889
14491 0.985 0.38393
14492 0.985 0.383984
14493 0.985 0.384047
14494 0.985 0.38412
14495 0.985 0.384202
14496 0.985 0.384291
14497 0.985 0.384386
14498 0.985 0.384488
14499 0.985 0.384596
14500 0.985 0.384708
14501 0.985 0.384801
14502 0.985 0.384869
14503 0.985 0.384915
14504 0.985 0.38494
14505 0.985 0.384947
14506 0.985 0.384938
14507 0.985 0.384914
14508 0.985 0.384877
14509 0.985 0.384827
14510 0.985 0.384767
14511 0.985 0.384705
14512 0.985 0.384665
14513 0.985 0.384645
14514 0.985 0.384642
14515 0.985 0.384656
14516 0.985 0.384683
14517 0.985 0.3847
14518 0.985 0.384707
14519 0.985 0.384706
14520 0.985 0.384696
14521 0.985 0.38468
14522 0.985 0.384658
14523 0.985 0.384629
14524 0.985 0.384596
14525 0.985 0.384558
14526 0.985 0.384515
14527 0.985 0.384469
14528 0.985 0.384419
14529 0.985 0.384367
14530 0.985 0.384311
14531 0.985 0.384253
14532 0.985 0.384192
14533 0.985 0.38413
14534 0.985 0.384066
14535 0.985 0.384023
14536 0.985 0.384001
14537 0.985 0.383996
14538 0.985 0.384008
14539 0.985 0.384034
14540 0.985 0.384049
14541 0.985 0.384055
14542 0.985 0.384052
14543 0.985 0.384041
14544 0.985 0.384023
14545 0.985 0.383999
14546 0.985 0.383969
14547 0.985 0.383958
14548 0.985 0.383963
14549 0.985 0.383984
14550 0.985 0.384018
14551 0.985 0.384065
14552 0.985 0.384122
14553 0.985 0.384166
14554 0.985 0.384197
14555 0.985 0.384217
14556 0.985 0.384227
14557 0.985 0.384228
14558 0.985 0.384244
14559 0.985 0.384275
14560 0.985 0.384318
14561 0.985 0.384372
14562 0.985 0.384437
14563 0.985 0.384511
14564 0.985 0.38457
14565 0.985 0.384614
14566 0.985 0.384646
14567 0.985 0.384667
14568 0.985 0.384678
14569 0.985 0.38468
14570 0.985 0.384673
14571 0.985 0.384659
14572 0.985 0.384639
14573 0.985 0.384612
14574 0.985 0.38458
14575 0.985 0.384543
14576 0.985 0.384502
14577 0.985 0.384457
14578 0.985 0.384408
14579 0.985 0.384356
14580 0.985 0.384302
14581 0.985 0.384244
14582 0.985 0.384208
14583 0.985 0.384191
14584 0.985 0.384192
14585 0.985 0.384208
14586 0.985 0.384238
14587 0.985 0.384281
14588 0.985 0.384312
14589 0.985 0.384331
14590 0.985 0.38434
14591 0.985 0.384341
14592 0.985 0.384333
14593 0.985 0.384318
14594 0.985 0.384296
14595 0.985 0.384269
14596 0.985 0.384236
14597 0.985 0.384199
14598 0.985 0.384157
14599 0.985 0.384136
14600 0.985 0.384132
14601 0.985 0.384144
14602 0.985 0.384171
14603 0.985 0.38421
14604 0.985 0.384262
14605 0.985 0.384324
14606 0.985 0.384372
14607 0.985 0.38443
14608 0.985 0.384476
14609 0.985 0.384508
14610 0.985 0.38453
14611 0.985 0.384541
14612 0.985 0.384544
14613 0.985 0.384561
14614 0.985 0.38457
14615 0.985 0.384569
14616 0.985 0.384561
14617 0.985 0.384545
14618 0.985 0.384523
14619 0.985 0.384496
14620 0.985 0.384486
14621 0.985 0.384494
14622 0.985 0.384516
14623 0.985 0.384552
14624 0.985 0.3846
14625 0.985 0.384659
14626 0.985 0.384704
14627 0.985 0.384736
14628 0.985 0.384757
14629 0.985 0.384792
14630 0.985 0.384839
14631 0.985 0.384898
14632 0.985 0.384965
14633 0.985 0.385019
14634 0.985 0.385082
14635 0.985 0.385155
14636 0.985 0.385213
14637 0.985 0.385257
14638 0.985 0.385289
14639 0.985 0.38531
14640 0.985 0.385321
14641 0.985 0.385323
14642 0.985 0.385309
14643 0.985 0.385281
14644 0.985 0.38524
14645 0.985 0.385188
14646 0.985 0.385132
14647 0.985 0.385098
14648 0.985 0.385084
14649 0.985 0.385086
14650 0.985 0.385104
14651 0.985 0.385135
14652 0.985 0.385148
14653 0.985 0.385144
14654 0.985 0.385124
14655 0.985 0.385123
14656 0.985 0.385137
14657 0.985 0.385165
14658 0.985 0.385206
14659 0.985 0.385259
14660 0.985 0.385322
14661 0.985 0.385394
14662 0.985 0.385452
14663 0.985 0.385496
14664 0.985 0.385528
14665 0.985 0.385549
14666 0.985 0.38556
14667 0.985 0.385562
14668 0.985 0.385557
14669 0.985 0.385544
14670 0.985 0.385524
14671 0.985 0.385499
14672 0.985 0.385469
14673 0.985 0.385434
14674 0.985 0.385394
14675 0.985 0.385343
14676 0.985 0.385281
14677 0.985 0.385241
14678 0.985 0.385221
14679 0.985 0.385219
14680 0.985 0.385232
14681 0.985 0.38526
14682 0.985 0.385301
14683 0.985 0.385322
14684 0.985 0.385325
14685 0.985 0.385312
14686 0.985 0.385285
14687 0.985 0.385276
14688 0.985 0.385284
14689 0.985 0.385306
14690 0.985 0.385342
14691 0.985 0.385367
14692 0.985 0.385381
14693 0.985 0.385386
14694 0.985 0.385383
14695 0.985 0.385372
14696 0.985 0.385378
14697 0.985 0.385399
14698 0.985 0.385433
14699 0.985 0.38548
14700 0.985 0.385514
14701 0.985 0.385561
14702 0.985 0.385619
14703 0.985 0.385686
14704 0.985 0.385763
14705 0.985 0.385824
14706 0.985 0.385871
14707 0.985 0.385905
14708 0.985 0.385928
14709 0.985 0.385941
14710 0.985 0.385945
14711 0.985 0.385941
14712 0.985 0.385929
14713 0.985 0.38591
14714 0.985 0.385878
14715 0.985 0.385833
14716 0.985 0.385784
14717 0.985 0.385757
14718 0.985 0.385747
14719 0.985 0.385754
14720 0.985 0.385745
14721 0.985 0.385753
14722 0.985 0.385751
14723 0.985 0.385742
14724 0.985 0.38575
14725 0.985 0.385773
14726 0.985 0.385785
14727 0.985 0.385812
14728 0.985 0.385851
14729 0.985 0.385903
14730 0.985 0.385965
14731 0.985 0.386037
14732 0.985 0.386117
14733 0.985 0.386204
14734 0.985 0.386299
14735 0.985 0.3864
14736 0.985 0.386507
14737 0.985 0.386587
14738 0.985 0.386644
14739 0.985 0.386679
14740 0.985 0.386694
14741 0.985 0.386693
14742 0.985 0.386707
14743 0.985 0.386736
14744 0.985 0.386777
14745 0.985 0.386807
14746 0.985 0.386826
14747 0.985 0.386835
14748 0.985 0.386836
14749 0.985 0.386828
14750 0.985 0.386814
14751 0.985 0.386793
14752 0.985 0.386767
14753 0.985 0.386735
14754 0.985 0.386699
14755 0.985 0.386659
14756 0.985 0.386615
14757 0.985 0.386568
14758 0.985 0.386518
14759 0.985 0.386464
14760 0.985 0.386409
14761 0.985 0.386351
14762 0.985 0.386291
14763 0.985 0.38623
14764 0.985 0.386166
14765 0.985 0.386102
14766 0.985 0.386035
14767 0.985 0.385968
14768 0.985 0.385899
14769 0.985 0.38583
14770 0.985 0.385759
14771 0.985 0.385688
14772 0.985 0.385631
14773 0.985 0.385588
14774 0.985 0.385557
14775 0.985 0.385522
14776 0.985 0.385497
14777 0.985 0.385483
14778 0.985 0.385478
14779 0.985 0.385482
14780 0.985 0.385493
14781 0.985 0.385511
14782 0.985 0.385519
14783 0.985 0.385518
14784 0.985 0.385509
14785 0.985 0.385493
14786 0.985 0.385471
14787 0.985 0.385442
14788 0.985 0.385425
14789 0.985 0.385417
14790 0.985 0.385417
14791 0.985 0.385426
14792 0.985 0.385442
14793 0.985 0.385464
14794 0.985 0.385491
14795 0.985 0.385524
14796 0.985 0.385561
14797 0.985 0.385611
14798 0.985 0.385671
14799 0.985 0.385741
14800 0.985 0.385819
14801 0.985 0.385905
14802 0.985 0.385999
14803 0.985 0.386098
14804 0.985 0.386204
14805 0.985 0.386314
14806 0.985 0.38643
14807 0.985 0.386525
14808 0.985 0.386604
14809 0.985 0.386666
14810 0.985 0.386714
14811 0.985 0.38675
14812 0.985 0.386774
14813 0.985 0.386788
14814 0.985 0.386792
14815 0.985 0.386812
14816 0.985 0.386846
14817 0.985 0.386891
14818 0.985 0.386925
14819 0.985 0.386947
14820 0.985 0.386959
14821 0.985 0.386962
14822 0.985 0.386957
14823 0.985 0.386945
14824 0.985 0.386926
14825 0.985 0.386901
14826 0.985 0.386894
14827 0.985 0.386904
14828 0.985 0.386897
14829 0.985 0.386875
14830 0.985 0.386839
14831 0.985 0.386823
14832 0.985 0.386824
14833 0.985 0.386809
14834 0.985 0.38678
14835 0.985 0.386738
14836 0.985 0.386685
14837 0.985 0.386622
14838 0.985 0.386549
14839 0.985 0.386467
14840 0.985 0.386379
14841 0.985 0.386283
14842 0.985 0.386205
14843 0.985 0.386142
14844 0.985 0.386093
14845 0.985 0.386057
14846 0.985 0.386009
14847 0.985 0.38595
14848 0.985 0.385881
14849 0.985 0.385803
14850 0.985 0.385718
14851 0.985 0.385625
14852 0.985 0.385526
14853 0.985 0.385421
14854 0.985 0.385311
14855 0.985 0.385227
14856 0.985 0.385168
14857 0.985 0.38513
14858 0.985 0.385112
14859 0.985 0.385111
14860 0.985 0.385126
14861 0.985 0.385156
14862 0.985 0.385198
14863 0.985 0.385251
14864 0.985 0.385316
14865 0.985 0.385389
14866 0.985 0.385471
14867 0.985 0.38556
14868 0.985 0.385656
14869 0.985 0.385758
14870 0.985 0.385866
14871 0.985 0.385978
14872 0.985 0.386064
14873 0.985 0.386125
14874 0.985 0.386196
14875 0.985 0.386252
14876 0.985 0.386295
14877 0.985 0.386326
14878 0.985 0.386346
14879 0.985 0.386356
14880 0.985 0.386358
14881 0.985 0.386352
14882 0.985 0.386339
14883 0.985 0.386319
14884 0.985 0.386317
14885 0.985 0.386331
14886 0.985 0.386328
14887 0.985 0.386341
14888 0.985 0.386369
14889 0.985 0.386409
14890 0.985 0.386461
14891 0.985 0.386523
14892 0.985 0.386595
14893 0.985 0.386644
14894 0.985 0.386672
14895 0.985 0.386682
14896 0.985 0.386676
14897 0.985 0.386685
14898 0.985 0.386709
14899 0.985 0.386747
14900 0.985 0.386773
14901 0.985 0.386789
14902 0.985 0.386796
14903 0.985 0.386794
14904 0.985 0.386785
14905 0.985 0.38677
14906 0.985 0.386771
14907 0.985 0.386788
14908 0.985 0.386796
14909 0.985 0.386795
14910 0.985 0.386787
14911 0.985 0.386772
14912 0.985 0.38675
14913 0.985 0.386724
14914 0.985 0.386715
14915 0.985 0.386723
14916 0.985 0.386723
14917 0.985 0.386714
14918 0.985 0.386699
14919 0.985 0.386678
14920 0.985 0.386651
14921 0.985 0.386619
14922 0.985 0.386583
14923 0.985 0.386542
14924 0.985 0.386513
14925 0.985 0.386495
14926 0.985 0.386487
14927 0.985 0.386487
14928 0.985 0.386495
14929 0.985 0.38651
14930 0.985 0.386532
14931 0.985 0.386543
14932 0.985 0.386545
14933 0.985 0.38654
14934 0.985 0.386527
14935 0.985 0.386507
14936 0.985 0.386482
14937 0.985 0.386467
14938 0.985 0.386461
14939 0.985 0.386464
14940 0.985 0.386474
14941 0.985 0.386476
14942 0.985 0.386469
14943 0.985 0.386455
14944 0.985 0.386435
14945 0.985 0.386408
14946 0.985 0.386377
14947 0.985 0.38634
14948 0.985 0.386316
14949 0.985 0.386309
14950 0.985 0.386318
14951 0.985 0.386343
14952 0.985 0.38638
14953 0.985 0.38643
14954 0.985 0.38649
14955 0.985 0.38656
14956 0.985 0.386639
14957 0.985 0.386702
14958 0.985 0.38675
14959 0.985 0.386786
14960 0.985 0.386811
14961 0.985 0.386825
14962 0.985 0.386853
14963 0.985 0.386894
14964 0.985 0.386947
14965 0.985 0.38701
14966 0.985 0.387082
14967 0.985 0.38714
14968 0.985 0.387207
14969 0.985 0.387283
14970 0.985 0.387368
14971 0.985 0.387436
14972 0.985 0.387489
14973 0.985 0.387529
14974 0.985 0.387558
14975 0.985 0.387575
14976 0.985 0.387583
14977 0.985 0.387583
14978 0.985 0.387574
14979 0.985 0.387559
14980 0.985 0.387537
14981 0.985 0.387525
14982 0.985 0.387523
14983 0.985 0.387528
14984 0.985 0.387541
14985 0.985 0.38756
14986 0.985 0.387585
14987 0.985 0.387616
14988 0.985 0.387651
14989 0.985 0.387691
14990 0.985 0.387711
14991 0.985 0.387713
14992 0.985 0.3877
14993 0.985 0.387672
14994 0.985 0.387631
14995 0.985 0.387578
14996 0.985 0.387515
14997 0.985 0.387443
14998 0.985 0.387362
14999 0.985 0.387273
15000 0.985 0.387201
