14000 0.838803 0.434223
14001 0.838805 0.434263
14002 0.838814 0.434313
14003 0.838829 0.434371
14004 0.83883 0.434416
14005 0.838817 0.434448
14006 0.838792 0.43447
14007 0.838756 0.434482
14008 0.838731 0.434506
14009 0.838716 0.434541
14010 0.83871 0.434586
14011 0.838713 0.434641
14012 0.838702 0.434682
14013 0.838678 0.434711
14014 0.838657 0.434722
14015 0.838638 0.434716
14016 0.83862 0.434695
14017 0.838604 0.434661
14018 0.83859 0.434614
14019 0.838577 0.434557
14020 0.838566 0.434489
14021 0.838555 0.434413
14022 0.838561 0.434344
14023 0.838574 0.434295
14024 0.838594 0.434265
14025 0.838619 0.434251
14026 0.838649 0.434252
14027 0.838684 0.434267
14028 0.838724 0.434294
14029 0.838759 0.434303
14030 0.838791 0.434295
14031 0.838819 0.434272
14032 0.838844 0.434236
14033 0.838867 0.434188
14034 0.838874 0.434137
14035 0.838867 0.434083
14036 0.838846 0.434028
14037 0.838836 0.433991
14038 0.838834 0.433971
14039 0.838819 0.433946
14040 0.838792 0.433916
14041 0.838775 0.433902
14042 0.838767 0.433904
14043 0.838761 0.433889
14044 0.838754 0.43386
14045 0.838749 0.433819
14046 0.838752 0.433795
14047 0.838762 0.433787
14048 0.838779 0.433794
14049 0.838802 0.433814
14050 0.83883 0.433845
14051 0.838864 0.433887
14052 0.838902 0.433938
14053 0.838923 0.433976
14054 0.838927 0.434002
14055 0.838948 0.434026
14056 0.838981 0.434046
14057 0.839027 0.434064
14058 0.839055 0.434072
14059 0.839066 0.434072
14060 0.839085 0.434085
14061 0.839109 0.434111
14062 0.839138 0.434147
14063 0.839173 0.434193
14064 0.839204 0.434219
14065 0.839232 0.434227
14066 0.839258 0.434218
14067 0.839281 0.434195
14068 0.839302 0.434158
14069 0.839328 0.434139
14070 0.83936 0.434135
14071 0.839389 0.434116
14072 0.839415 0.434083
14073 0.839447 0.434067
14074 0.839483 0.434066
14075 0.839523 0.434078
14076 0.839567 0.434103
14077 0.839615 0.434139
14078 0.839658 0.434155
14079 0.839696 0.434155
14080 0.839739 0.434168
14081 0.839785 0.434193
14082 0.839835 0.434229
14083 0.839887 0.434275
14084 0.839935 0.434301
14085 0.839977 0.434309
14086 0.840016 0.4343
14087 0.840051 0.434276
14088 0.840083 0.434239
14089 0.840112 0.43419
14090 0.840138 0.434131
14091 0.840169 0.434091
14092 0.840198 0.434039
14093 0.840232 0.434006
14094 0.84027 0.43399
14095 0.840312 0.433989
14096 0.840351 0.433972
14097 0.840385 0.433941
14098 0.840425 0.433927
14099 0.840468 0.433928
14100 0.840515 0.433942
14101 0.840566 0.433969
14102 0.840619 0.434006
14103 0.840653 0.434031
14104 0.840671 0.434046
14105 0.840673 0.434051
14106 0.840662 0.434047
14107 0.840638 0.434036
14108 0.840604 0.434018
14109 0.840559 0.433994
14110 0.840506 0.433964
14111 0.840444 0.433929
14112 0.840376 0.433889
14113 0.8403 0.433845
14114 0.840219 0.433798
14115 0.840154 0.433769
14116 0.840103 0.433756
14117 0.840065 0.433758
14118 0.840039 0.433773
14119 0.840023 0.433801
14120 0.84 0.433838
14121 0.839987 0.433886
14122 0.839984 0.433942
14123 0.839988 0.434006
14124 0.84 0.434077
14125 0.840011 0.434126
14126 0.840021 0.434153
14127 0.840031 0.434163
14128 0.840047 0.434185
14129 0.840069 0.434219
14130 0.840097 0.434262
14131 0.84013 0.434315
14132 0.840168 0.434376
14133 0.840209 0.434444
14134 0.840255 0.434519
14135 0.840296 0.434571
14136 0.840333 0.434603
14137 0.840366 0.434615
14138 0.840397 0.43461
14139 0.840425 0.434591
14140 0.840451 0.434557
14141 0.84046 0.43452
14142 0.840455 0.434478
14143 0.840436 0.434432
14144 0.840406 0.434384
14145 0.840366 0.434332
14146 0.840316 0.434278
14147 0.840257 0.434221
14148 0.840191 0.434163
14149 0.840118 0.434102
14150 0.840038 0.43404
14151 0.839974 0.433997
14152 0.839925 0.433972
14153 0.839888 0.433963
14154 0.839842 0.433948
14155 0.839807 0.433947
14156 0.839785 0.43396
14157 0.839772 0.433985
14158 0.839768 0.434021
14159 0.839772 0.434068
14160 0.839763 0.434101
14161 0.839741 0.434124
14162 0.839707 0.434136
14163 0.839664 0.43414
14164 0.839632 0.434157
14165 0.839611 0.434185
14166 0.839601 0.434225
14167 0.839598 0.434274
14168 0.839583 0.43431
14169 0.839577 0.434357
14170 0.839579 0.434412
14171 0.839567 0.434454
14172 0.839543 0.434484
14173 0.839508 0.434504
14174 0.839484 0.434535
14175 0.83947 0.434576
14176 0.839465 0.434627
14177 0.839447 0.434666
14178 0.839418 0.434693
14179 0.839391 0.434701
14180 0.839367 0.434693
14181 0.839346 0.43467
14182 0.839334 0.434663
14183 0.839332 0.434671
14184 0.839337 0.434691
14185 0.839342 0.434694
14186 0.839347 0.43468
14187 0.839351 0.434653
14188 0.839363 0.434642
14189 0.839381 0.434645
14190 0.839405 0.434662
14191 0.839435 0.43469
14192 0.839469 0.43473
14193 0.8395 0.43475
14194 0.839528 0.434752
14195 0.839554 0.434738
14196 0.839577 0.43471
14197 0.839598 0.434669
14198 0.839604 0.434624
14199 0.839595 0.434576
14200 0.839574 0.434525
14201 0.839563 0.434493
14202 0.839561 0.434477
14203 0.839567 0.434476
14204 0.83958 0.434489
14205 0.839599 0.434514
14206 0.839604 0.434529
14207 0.839615 0.434556
14208 0.839633 0.434594
14209 0.839636 0.434619
14210 0.839626 0.434635
14211 0.839602 0.434641
14212 0.839589 0.43466
14213 0.839585 0.434691
14214 0.839589 0.434732
14215 0.839601 0.434782
14216 0.839619 0.434841
14217 0.839651 0.434894
14218 0.839695 0.434942
14219 0.83975 0.434985
14220 0.839787 0.435015
14221 0.839806 0.435035
14222 0.83981 0.435045
14223 0.8398 0.435046
14224 0.839777 0.435039
14225 0.839764 0.435046
14226 0.839739 0.435045
14227 0.839703 0.435036
14228 0.839658 0.43502
14229 0.839632 0.435006
14230 0.839624 0.434993
14231 0.839633 0.434982
14232 0.839649 0.434985
14233 0.83967 0.435001
14234 0.83969 0.435
14235 0.839715 0.435013
14236 0.839738 0.43501
14237 0.839758 0.43499
14238 0.839763 0.434965
14239 0.839774 0.434956
14240 0.839772 0.434941
14241 0.839755 0.434919
14242 0.839727 0.434891
14243 0.839688 0.434859
14244 0.83964 0.434822
14245 0.839612 0.434789
14246 0.839602 0.434758
14247 0.839609 0.43473
14248 0.839631 0.434705
14249 0.839666 0.434681
14250 0.839684 0.434653
14251 0.839687 0.434619
14252 0.839676 0.434581
14253 0.839652 0.434539
14254 0.839618 0.434494
14255 0.839594 0.434467
14256 0.83958 0.434456
14257 0.839568 0.434431
14258 0.839564 0.434421
14259 0.839568 0.434427
14260 0.83958 0.434446
14261 0.839598 0.434476
14262 0.8396 0.434496
14263 0.83961 0.434527
14264 0.839618 0.434539
14265 0.839626 0.434535
14266 0.839641 0.434545
14267 0.839662 0.434568
14268 0.83968 0.434572
14269 0.839697 0.434561
14270 0.83972 0.434564
14271 0.839748 0.434581
14272 0.839781 0.43461
14273 0.839818 0.434649
14274 0.839852 0.434669
14275 0.839869 0.434679
14276 0.83987 0.43468
14277 0.839887 0.434681
14278 0.839918 0.434682
14279 0.839962 0.434682
14280 0.840017 0.434683
14281 0.840052 0.434675
14282 0.840071 0.43466
14283 0.840075 0.434639
14284 0.840064 0.434612
14285 0.840041 0.43458
14286 0.840007 0.434543
14287 0.839984 0.434524
14288 0.83997 0.43452
14289 0.839966 0.43453
14290 0.83997 0.434553
14291 0.839981 0.434588
14292 0.839998 0.434632
14293 0.840021 0.434686
14294 0.840049 0.434749
14295 0.840075 0.434789
14296 0.840098 0.43481
14297 0.840119 0.434813
14298 0.840138 0.4348
14299 0.840154 0.434772
14300 0.840169 0.434732
14301 0.840183 0.43468
14302 0.840203 0.434647
14303 0.840228 0.434632
14304 0.840257 0.434631
14305 0.840292 0.434645
14306 0.84033 0.434671
14307 0.840371 0.434708
14308 0.840416 0.434755
14309 0.840464 0.434811
14310 0.840522 0.434862
14311 0.84059 0.434907
14312 0.840667 0.434949
14313 0.840744 0.435
14314 0.840799 0.435038
14315 0.840836 0.435064
14316 0.840855 0.435081
14317 0.840858 0.435088
14318 0.840877 0.435094
14319 0.840909 0.4351
14320 0.840954 0.435105
14321 0.84101 0.435111
14322 0.841047 0.435108
14323 0.841066 0.435097
14324 0.84107 0.43508
14325 0.84106 0.435057
14326 0.841037 0.435029
14327 0.841024 0.435017
14328 0.84102 0.43502
14329 0.841024 0.435037
14330 0.841034 0.435066
14331 0.841051 0.435105
14332 0.841074 0.435155
14333 0.841102 0.435213
14334 0.841135 0.435279
14335 0.841164 0.435323
14336 0.841198 0.435376
14337 0.841236 0.435438
14338 0.841278 0.435508
14339 0.841322 0.435584
14340 0.841363 0.435637
14341 0.841399 0.435669
14342 0.841439 0.435712
14343 0.841482 0.435764
14344 0.841529 0.435825
14345 0.841571 0.435864
14346 0.841608 0.435884
14347 0.841642 0.435886
14348 0.841673 0.435872
14349 0.841687 0.435852
14350 0.841686 0.435826
14351 0.841671 0.435796
14352 0.841665 0.435782
14353 0.841646 0.435762
14354 0.841615 0.435736
14355 0.841574 0.435706
14356 0.841523 0.43567
14357 0.841484 0.435653
14358 0.841456 0.435651
14359 0.841438 0.435663
14360 0.84143 0.435688
14361 0.841408 0.435702
14362 0.841375 0.435708
14363 0.841352 0.435727
14364 0.841338 0.435758
14365 0.841333 0.4358
14366 0.841328 0.435823
14367 0.841325 0.435827
14368 0.841321 0.435815
14369 0.841318 0.435789
14370 0.841316 0.43575
14371 0.841314 0.435699
14372 0.841312 0.435637
14373 0.841311 0.435566
14374 0.84131 0.435486
14375 0.841316 0.435428
14376 0.841329 0.435391
14377 0.841347 0.43537
14378 0.84137 0.435366
14379 0.841398 0.435377
14380 0.841424 0.43537
14381 0.841454 0.435378
14382 0.841481 0.43537
14383 0.841505 0.435347
14384 0.841528 0.435311
14385 0.841555 0.435292
14386 0.841586 0.435289
14387 0.841622 0.4353
14388 0.841661 0.435324
14389 0.841682 0.435338
14390 0.841688 0.435342
14391 0.84168 0.435338
14392 0.841659 0.435327
14393 0.841627 0.435309
14394 0.841585 0.435284
14395 0.841553 0.435276
14396 0.841532 0.435283
14397 0.84152 0.435303
14398 0.84151 0.435306
14399 0.8415 0.435292
14400 0.841478 0.435272
14401 0.841445 0.435247
14402 0.841401 0.435215
14403 0.841348 0.43518
14404 0.841287 0.435139
14405 0.841218 0.435096
14406 0.841143 0.435048
14407 0.841082 0.43502
14408 0.841034 0.435008
14409 0.840998 0.435011
14410 0.840973 0.435029
14411 0.840957 0.435058
14412 0.840949 0.435099
14413 0.840942 0.43512
14414 0.840936 0.435123
14415 0.840931 0.43511
14416 0.840913 0.435091
14417 0.840882 0.435066
14418 0.840842 0.435036
14419 0.840791 0.435001
14420 0.840732 0.434961
14421 0.840666 0.434918
14422 0.840613 0.434893
14423 0.840572 0.434885
14424 0.84055 0.434878
14425 0.840547 0.434872
14426 0.84056 0.434866
14427 0.840587 0.434861
14428 0.840627 0.434857
14429 0.84067 0.434867
14430 0.840715 0.434891
14431 0.840762 0.434926
14432 0.840811 0.434972
14433 0.840863 0.435028
14434 0.840895 0.43507
14435 0.840911 0.4351
14436 0.840911 0.435119
14437 0.840898 0.435129
14438 0.840902 0.435138
14439 0.840921 0.435146
14440 0.840954 0.435154
14441 0.840983 0.435145
14442 0.84101 0.435121
14443 0.841034 0.435085
14444 0.841047 0.435064
14445 0.841049 0.435059
14446 0.841043 0.435067
14447 0.841028 0.435088
14448 0.841005 0.435119
14449 0.840976 0.43516
14450 0.840941 0.43521
14451 0.84091 0.435239
14452 0.840882 0.435249
14453 0.840847 0.435272
14454 0.840816 0.435276
14455 0.840775 0.435272
14456 0.840724 0.435261
14457 0.840694 0.435252
14458 0.840682 0.435243
14459 0.840688 0.435236
14460 0.840708 0.435229
14461 0.840742 0.435224
14462 0.840788 0.435219
14463 0.840846 0.435215
14464 0.840913 0.435212
14465 0.840989 0.43521
14466 0.841073 0.435208
14467 0.841136 0.435199
14468 0.841178 0.435182
14469 0.841203 0.43516
14470 0.841211 0.435132
14471 0.841225 0.435121
14472 0.841245 0.435125
14473 0.841269 0.435143
14474 0.841297 0.435173
14475 0.841329 0.435215
14476 0.841364 0.435267
14477 0.841382 0.435305
14478 0.841385 0.435333
14479 0.841374 0.435349
14480 0.84135 0.435356
14481 0.841315 0.435355
14482 0.8413 0.435354
14483 0.841301 0.435354
14484 0.841309 0.435368
14485 0.841323 0.435394
14486 0.841342 0.435433
14487 0.841365 0.435481
14488 0.841393 0.435539
14489 0.841424 0.435606
14490 0.841459 0.43568
14491 0.841497 0.435761
14492 0.841531 0.435818
14493 0.841561 0.435854
14494 0.841588 0.43587
14495 0.841613 0.435869
14496 0.841635 0.435853
14497 0.841661 0.435852
14498 0.841691 0.435866
14499 0.841725 0.435893
14500 0.841742 0.435909
14501 0.841743 0.435915
14502 0.841731 0.435914
14503 0.841707 0.435904
14504 0.841671 0.435888
14505 0.841625 0.435865
14506 0.84157 0.435837
14507 0.841507 0.435804
14508 0.841457 0.435788
14509 0.841418 0.435789
14510 0.84139 0.435803
14511 0.841371 0.435831
14512 0.84136 0.43587
14513 0.841337 0.435897
14514 0.841303 0.435913
14515 0.841258 0.435921
14516 0.841234 0.435928
14517 0.841227 0.435935
14518 0.841228 0.435955
14519 0.841235 0.435988
14520 0.841247 0.436032
14521 0.841274 0.436072
14522 0.841314 0.436108
14523 0.841337 0.436133
14524 0.841343 0.436148
14525 0.841336 0.436154
14526 0.841315 0.436151
14527 0.841303 0.436162
14528 0.841298 0.436187
14529 0.841281 0.436202
14530 0.841251 0.436208
14531 0.841231 0.436227
14532 0.841199 0.436236
14533 0.841156 0.436237
14534 0.841105 0.43623
14535 0.841064 0.436238
14536 0.841044 0.436246
14537 0.841025 0.436237
14538 0.841008 0.436214
14539 0.840993 0.436177
14540 0.840979 0.436128
14541 0.840966 0.436069
14542 0.84096 0.43603
14543 0.840962 0.436009
14544 0.84097 0.436004
14545 0.840983 0.436014
14546 0.841001 0.436038
14547 0.841018 0.436043
14548 0.841032 0.436032
14549 0.841032 0.436015
14550 0.841018 0.435992
14551 0.840992 0.435963
14552 0.840954 0.435929
14553 0.840927 0.435913
14554 0.840909 0.435913
14555 0.840899 0.435927
14556 0.840876 0.435933
14557 0.840862 0.435952
14558 0.840856 0.435983
14559 0.840836 0.436004
14560 0.840805 0.436015
14561 0.840763 0.436017
14562 0.840712 0.436011
14563 0.840652 0.435998
14564 0.840585 0.435978
14565 0.84051 0.435953
14566 0.84045 0.435945
14567 0.840401 0.435952
14568 0.840363 0.435973
14569 0.840336 0.436006
14570 0.840317 0.43605
14571 0.840306 0.436105
14572 0.840282 0.436146
14573 0.840247 0.436175
14574 0.840202 0.436194
14575 0.840168 0.436226
14576 0.840143 0.436269
14577 0.840126 0.436322
14578 0.840117 0.436384
14579 0.840109 0.436424
14580 0.840101 0.436445
14581 0.840093 0.436448
14582 0.840086 0.436435
14583 0.840079 0.436407
14584 0.840073 0.436367
14585 0.840067 0.436315
14586 0.840061 0.436252
14587 0.840055 0.43618
14588 0.84005 0.4361
14589 0.840044 0.436012
14590 0.840045 0.435947
14591 0.840052 0.435903
14592 0.840065 0.435878
14593 0.840082 0.43587
14594 0.840104 0.435877
14595 0.84013 0.435898
14596 0.840153 0.435901
14597 0.840173 0.435888
14598 0.84019 0.435861
14599 0.840205 0.43582
14600 0.840219 0.435769
14601 0.84023 0.435706
14602 0.840247 0.435665
14603 0.840268 0.435642
14604 0.840293 0.435635
14605 0.840322 0.435644
14606 0.840355 0.435666
14607 0.84039 0.4357
14608 0.840429 0.435745
14609 0.840469 0.4358
14610 0.840512 0.435864
14611 0.84055 0.435906
14612 0.840584 0.435928
14613 0.840615 0.435932
14614 0.840641 0.43592
14615 0.840665 0.435893
14616 0.840686 0.435854
14617 0.840711 0.435832
14618 0.84074 0.435828
14619 0.840772 0.435838
14620 0.840808 0.435861
14621 0.840839 0.435867
14622 0.840867 0.435856
14623 0.840892 0.43583
14624 0.840921 0.435822
14625 0.840953 0.435828
14626 0.840989 0.435849
14627 0.841021 0.435851
14628 0.841049 0.435838
14629 0.841081 0.43584
14630 0.841116 0.435857
14631 0.841147 0.435856
14632 0.841182 0.435869
14633 0.841213 0.435866
14634 0.841248 0.435877
14635 0.841286 0.435901
14636 0.841326 0.435937
14637 0.841369 0.435984
14638 0.841408 0.43601
14639 0.841443 0.436018
14640 0.841481 0.436039
14641 0.841501 0.436051
14642 0.841506 0.436053
14643 0.841497 0.436047
14644 0.841475 0.436034
14645 0.841441 0.436015
14646 0.841397 0.435989
14647 0.841344 0.435958
14648 0.841283 0.435923
14649 0.841235 0.435905
14650 0.841198 0.435903
14651 0.841151 0.435894
14652 0.841095 0.435877
14653 0.841052 0.435877
14654 0.841019 0.43589
14655 0.840996 0.435917
14656 0.840983 0.435955
14657 0.840977 0.436004
14658 0.840978 0.436062
14659 0.840986 0.436128
14660 0.841 0.436202
14661 0.841019 0.436283
14662 0.841022 0.436348
14663 0.841025 0.436391
14664 0.841027 0.436414
14665 0.841029 0.436419
14666 0.841031 0.436408
14667 0.841032 0.436382
14668 0.841039 0.436373
14669 0.841053 0.436379
14670 0.841071 0.436399
14671 0.841094 0.436432
14672 0.841121 0.436475
14673 0.841152 0.436528
14674 0.841179 0.436561
14675 0.841204 0.436574
14676 0.841226 0.436571
14677 0.841245 0.436552
14678 0.841263 0.436519
14679 0.841285 0.436504
14680 0.841312 0.436505
14681 0.841342 0.436519
14682 0.841376 0.436547
14683 0.841413 0.436586
14684 0.841453 0.436636
14685 0.841496 0.436694
14686 0.84152 0.436739
14687 0.841529 0.436772
14688 0.841523 0.436794
14689 0.841504 0.436806
14690 0.841487 0.4368
14691 0.841478 0.43681
14692 0.841477 0.436833
14693 0.841483 0.436867
14694 0.841494 0.436913
14695 0.841505 0.436938
14696 0.841514 0.436945
14697 0.841529 0.436966
14698 0.841549 0.436998
14699 0.841574 0.437042
14700 0.841603 0.437096
14701 0.841629 0.437128
14702 0.841652 0.437142
14703 0.84166 0.437146
14704 0.841653 0.437142
14705 0.841633 0.437131
14706 0.841621 0.437135
14707 0.841618 0.437153
14708 0.841621 0.437184
14709 0.84163 0.437225
14710 0.841645 0.437277
14711 0.841645 0.437316
14712 0.841645 0.437336
14713 0.841645 0.437337
14714 0.841645 0.437323
14715 0.841644 0.437295
14716 0.841644 0.437254
14717 0.841651 0.437231
14718 0.841663 0.437224
14719 0.841681 0.437233
14720 0.841697 0.437225
14721 0.841711 0.437202
14722 0.841731 0.437195
14723 0.841755 0.437204
14724 0.841784 0.437226
14725 0.841816 0.437259
14726 0.841831 0.437282
14727 0.841832 0.437294
14728 0.841819 0.437298
14729 0.841793 0.437293
14730 0.841777 0.437303
14731 0.841763 0.437296
14732 0.84175 0.437274
14733 0.841738 0.437239
14734 0.841734 0.437221
14735 0.841731 0.43719
14736 0.841728 0.437146
14737 0.841726 0.43709
14738 0.841724 0.437025
14739 0.841728 0.43698
14740 0.841719 0.436931
14741 0.841717 0.436902
14742 0.841722 0.43689
14743 0.841734 0.436893
14744 0.841731 0.436888
14745 0.841719 0.436897
14746 0.841699 0.436917
14747 0.841681 0.43692
14748 0.841672 0.436937
14749 0.84167 0.436966
14750 0.841676 0.437007
14751 0.841667 0.437035
14752 0.841645 0.437053
14753 0.841626 0.437054
14754 0.841608 0.437038
14755 0.841579 0.437017
14756 0.84156 0.437011
14757 0.841548 0.437021
14758 0.841525 0.437022
14759 0.84149 0.437014
14760 0.841445 0.437
14761 0.841391 0.436979
14762 0.841329 0.436952
14763 0.841259 0.436921
14764 0.841203 0.436906
14765 0.841159 0.436908
14766 0.841126 0.436923
14767 0.841102 0.436952
14768 0.841088 0.436991
14769 0.841081 0.437042
14770 0.841081 0.437101
14771 0.841088 0.437169
14772 0.8411 0.437244
14773 0.841111 0.437297
14774 0.841121 0.437328
14775 0.841137 0.43737
14776 0.841157 0.437423
14777 0.841181 0.437485
14778 0.841209 0.437555
14779 0.841241 0.437632
14780 0.841256 0.437694
14781 0.841255 0.437742
14782 0.841241 0.437778
14783 0.841215 0.437803
14784 0.841177 0.437817
14785 0.84113 0.437822
14786 0.841073 0.43782
14787 0.841009 0.43781
14788 0.840957 0.437815
14789 0.840917 0.437834
14790 0.840887 0.437866
14791 0.840866 0.437909
14792 0.840853 0.437962
14793 0.840842 0.437994
14794 0.840832 0.438007
14795 0.840823 0.438003
14796 0.840814 0.437984
14797 0.840813 0.437981
14798 0.840812 0.437963
14799 0.840818 0.437961
14800 0.840829 0.437973
14801 0.840845 0.437999
14802 0.840866 0.438037
14803 0.840891 0.438085
14804 0.840914 0.438112
14805 0.840934 0.438121
14806 0.840952 0.438114
14807 0.840969 0.438091
14808 0.840984 0.438056
14809 0.840998 0.438008
14810 0.841016 0.437979
14811 0.841019 0.437945
14812 0.841008 0.437907
14813 0.840985 0.437865
14814 0.84095 0.437819
14815 0.840905 0.437771
14816 0.840851 0.437719
14817 0.840788 0.437665
14818 0.840718 0.437609
14819 0.840642 0.43755
14820 0.840559 0.43749
14821 0.840475 0.437448
14822 0.840391 0.437423
14823 0.840301 0.437393
14824 0.840207 0.437358
14825 0.840108 0.437319
14826 0.840006 0.437276
14827 0.8399 0.43723
14828 0.839791 0.43718
14829 0.83968 0.437128
14830 0.839586 0.437095
14831 0.839487 0.437058
14832 0.839385 0.437017
14833 0.839279 0.436972
14834 0.83919 0.436946
14835 0.839117 0.436937
14836 0.839057 0.436944
14837 0.839009 0.436964
14838 0.838972 0.436996
14839 0.838945 0.43704
14840 0.838927 0.437094
14841 0.838917 0.437156
14842 0.838907 0.437197
14843 0.838899 0.437218
14844 0.838891 0.437221
14845 0.838883 0.437209
14846 0.838876 0.437181
14847 0.83887 0.437141
14848 0.83887 0.437119
14849 0.838877 0.437114
14850 0.838889 0.437124
14851 0.838907 0.437147
14852 0.838928 0.437183
14853 0.838954 0.437229
14854 0.838984 0.437285
14855 0.839017 0.43735
14856 0.839047 0.437393
14857 0.839073 0.437415
14858 0.839097 0.43742
14859 0.839124 0.437439
14860 0.839155 0.43747
14861 0.839183 0.437482
14862 0.839214 0.437507
14863 0.839249 0.437545
14864 0.839287 0.437592
14865 0.839327 0.43765
14866 0.839369 0.437716
14867 0.839414 0.43779
14868 0.839461 0.43787
14869 0.839503 0.437927
14870 0.839547 0.437993
14871 0.839594 0.438066
14872 0.839642 0.438147
14873 0.839691 0.438233
14874 0.839722 0.438304
14875 0.839736 0.43836
14876 0.839755 0.438425
14877 0.839772 0.438467
14878 0.839794 0.43852
14879 0.839814 0.438552
14880 0.839817 0.438573
14881 0.839827 0.438607
14882 0.839836 0.438621
14883 0.839844 0.438619
14884 0.839851 0.438601
14885 0.839857 0.438569
14886 0.839863 0.438524
14887 0.839869 0.438468
14888 0.839873 0.438402
14889 0.839878 0.438327
14890 0.839882 0.438244
14891 0.839885 0.438153
14892 0.839888 0.438056
14893 0.839898 0.437983
14894 0.839913 0.437931
14895 0.839933 0.437899
14896 0.839957 0.437885
14897 0.839979 0.437856
14898 0.839999 0.437814
14899 0.840024 0.437791
14900 0.840052 0.437784
14901 0.840084 0.437793
14902 0.840113 0.437785
14903 0.840139 0.437762
14904 0.840163 0.437725
14905 0.840191 0.437707
14906 0.840222 0.437705
14907 0.840257 0.437717
14908 0.840295 0.437742
14909 0.840335 0.437779
14910 0.840358 0.437805
14911 0.840365 0.437821
14912 0.840377 0.437849
14913 0.840389 0.437859
14914 0.840399 0.437852
14915 0.840409 0.43783
14916 0.840417 0.437795
14917 0.840425 0.437747
14918 0.840439 0.437718
14919 0.840458 0.437707
14920 0.840481 0.437711
14921 0.840509 0.437729
14922 0.84054 0.43776
14923 0.840574 0.437802
14924 0.840606 0.437824
14925 0.840634 0.437828
14926 0.84066 0.437816
14927 0.840683 0.437789
14928 0.84071 0.437779
14929 0.840741 0.437785
14930 0.840776 0.437805
14931 0.840813 0.437837
14932 0.840853 0.43788
14933 0.840889 0.437903
14934 0.840922 0.437908
14935 0.840951 0.437897
14936 0.840985 0.437901
14937 0.841021 0.43792
14938 0.84106 0.437951
14939 0.841095 0.437963
14940 0.841113 0.437966
14941 0.841115 0.437961
14942 0.841104 0.437949
14943 0.84108 0.437931
14944 0.841065 0.437928
14945 0.841057 0.437941
14946 0.841057 0.437966
14947 0.841063 0.438003
14948 0.841055 0.438029
14949 0.841034 0.438045
14950 0.841001 0.438051
14951 0.840958 0.438049
14952 0.840906 0.438039
14953 0.840865 0.438045
14954 0.840834 0.438065
14955 0.840813 0.438097
14956 0.840801 0.43814
14957 0.840776 0.438171
14958 0.84074 0.438191
14959 0.840693 0.438202
14960 0.840638 0.438204
14961 0.840595 0.43822
14962 0.840562 0.438249
14963 0.840538 0.438289
14964 0.840524 0.43834
14965 0.840517 0.4384
14966 0.840517 0.438468
14967 0.840517 0.438514
14968 0.840518 0.43854
14969 0.840518 0.438547
14970 0.840525 0.438568
14971 0.840531 0.438571
14972 0.840536 0.438558
14973 0.840548 0.438561
14974 0.840564 0.438578
14975 0.840586 0.438607
14976 0.840611 0.438648
14977 0.84064 0.438699
14978 0.840653 0.438738
14979 0.840651 0.438765
14980 0.840635 0.438782
14981 0.840627 0.438811
14982 0.840626 0.438852
14983 0.840632 0.438903
14984 0.840643 0.438963
14985 0.840659 0.439032
14986 0.84068 0.439109
14987 0.840686 0.43917
14988 0.840677 0.439217
14989 0.840655 0.439252
14990 0.840621 0.439276
14991 0.840577 0.43929
14992 0.840524 0.439295
14993 0.840462 0.439292
14994 0.840393 0.439281
14995 0.840337 0.439286
14996 0.840272 0.439283
14997 0.840221 0.439295
14998 0.840175 0.43929
14999 0.840133 0.439269
15000 0.840102 0.439265
