14000 0.930835 0.57803
14001 0.930822 0.578048
14002 0.930819 0.578077
14003 0.930827 0.578115
14004 0.930844 0.578161
14005 0.930845 0.578195
14006 0.930833 0.578218
14007 0.930808 0.578231
14008 0.930796 0.578255
14009 0.930794 0.578288
14010 0.930793 0.578303
14011 0.930793 0.5783
14012 0.930802 0.578311
14013 0.93082 0.578332
14014 0.930846 0.578363
14015 0.930879 0.578404
14016 0.930895 0.578433
14017 0.930895 0.578451
14018 0.930883 0.578459
14019 0.930857 0.578459
14020 0.930821 0.578452
14021 0.930775 0.578437
14022 0.930743 0.578436
14023 0.930724 0.578448
14024 0.930693 0.57845
14025 0.930651 0.578445
14026 0.930624 0.578452
14027 0.930609 0.578472
14028 0.930581 0.578481
14029 0.930543 0.578482
14030 0.930518 0.578495
14031 0.930482 0.5785
14032 0.930436 0.578496
14033 0.930404 0.578505
14034 0.930385 0.578526
14035 0.930377 0.578557
14036 0.930379 0.578597
14037 0.930391 0.578645
14038 0.930411 0.578702
14039 0.930415 0.578745
14040 0.930405 0.578776
14041 0.930383 0.578796
14042 0.930349 0.578807
14043 0.930305 0.578809
14044 0.930274 0.578824
14045 0.930256 0.578849
14046 0.93025 0.578885
14047 0.930244 0.578901
14048 0.930238 0.5789
14049 0.930234 0.578883
14050 0.93023 0.578853
14051 0.930227 0.57881
14052 0.930233 0.578783
14053 0.930248 0.578772
14054 0.930248 0.578755
14055 0.930234 0.578731
14056 0.930208 0.578703
14057 0.930171 0.57867
14058 0.930124 0.578632
14059 0.930091 0.578611
14060 0.93007 0.578605
14061 0.930062 0.578611
14062 0.930063 0.578629
14063 0.930065 0.57863
14064 0.930066 0.578615
14065 0.930068 0.578586
14066 0.930078 0.578573
14067 0.930097 0.578573
14068 0.930124 0.578585
14069 0.930148 0.578581
14070 0.93017 0.578562
14071 0.930199 0.578556
14072 0.930234 0.578564
14073 0.930266 0.578556
14074 0.930295 0.578532
14075 0.930322 0.578496
14076 0.930345 0.578447
14077 0.930376 0.578416
14078 0.93039 0.578396
14079 0.93039 0.578385
14080 0.930375 0.578383
14081 0.930349 0.578388
14082 0.930311 0.578401
14083 0.930263 0.57842
14084 0.930207 0.578444
14085 0.930165 0.578479
14086 0.930137 0.578522
14087 0.930121 0.578574
14088 0.930121 0.578613
14089 0.930134 0.57864
14090 0.930145 0.578649
14091 0.930156 0.578641
14092 0.930165 0.578619
14093 0.930174 0.578583
14094 0.930181 0.578535
14095 0.930175 0.5785
14096 0.930155 0.578475
14097 0.930123 0.578461
14098 0.930105 0.57846
14099 0.930097 0.578472
14100 0.930099 0.578495
14101 0.930111 0.578528
14102 0.930122 0.578543
14103 0.93014 0.578568
14104 0.930157 0.578575
14105 0.930172 0.578566
14106 0.930186 0.578543
14107 0.930208 0.578534
14108 0.930227 0.57851
14109 0.930245 0.578474
14110 0.93026 0.578425
14111 0.930284 0.578394
14112 0.930305 0.57835
14113 0.930334 0.578323
14114 0.930369 0.578311
14115 0.930386 0.578308
14116 0.930389 0.578313
14117 0.930377 0.578325
14118 0.930353 0.578343
14119 0.930318 0.578367
14120 0.930273 0.578396
14121 0.930241 0.578435
14122 0.930222 0.578483
14123 0.930214 0.578538
14124 0.930207 0.578572
14125 0.9302 0.578587
14126 0.930195 0.578585
14127 0.930189 0.578568
14128 0.930185 0.578537
14129 0.930181 0.578493
14130 0.930187 0.578466
14131 0.930201 0.578454
14132 0.930223 0.578457
14133 0.930252 0.578471
14134 0.930279 0.578469
14135 0.930302 0.578451
14136 0.930333 0.578447
14137 0.93037 0.578457
14138 0.930412 0.578478
14139 0.93046 0.578509
14140 0.930503 0.578522
14141 0.930541 0.578518
14142 0.930576 0.578499
14143 0.930594 0.578489
14144 0.930597 0.578488
14145 0.930586 0.578495
14146 0.930562 0.578509
14147 0.930541 0.578506
14148 0.930522 0.578487
14149 0.930505 0.578455
14150 0.93049 0.57841
14151 0.930477 0.578355
14152 0.930475 0.578317
14153 0.930481 0.578296
14154 0.930497 0.57829
14155 0.93052 0.578296
14156 0.93055 0.578315
14157 0.930577 0.578316
14158 0.930602 0.578302
14159 0.930633 0.578301
14160 0.930671 0.578313
14161 0.930705 0.578308
14162 0.930735 0.578288
14163 0.930763 0.578255
14164 0.930775 0.578232
14165 0.930771 0.57822
14166 0.930755 0.578217
14167 0.930727 0.578221
14168 0.930688 0.578233
14169 0.930639 0.578252
14170 0.930581 0.578276
14171 0.930539 0.57831
14172 0.93051 0.578354
14173 0.930494 0.578405
14174 0.930488 0.578464
14175 0.930483 0.578502
14176 0.930479 0.57852
14177 0.930474 0.57852
14178 0.930471 0.578505
14179 0.930481 0.578484
14180 0.930476 0.578473
14181 0.930459 0.57847
14182 0.930429 0.578475
14183 0.930389 0.578488
14184 0.930366 0.578491
14185 0.930359 0.578486
14186 0.930363 0.578494
14187 0.930365 0.578486
14188 0.930368 0.578463
14189 0.930356 0.57845
14190 0.930333 0.578445
14191 0.930321 0.578454
14192 0.930296 0.578469
14193 0.930284 0.578495
14194 0.930282 0.578531
14195 0.93029 0.578576
14196 0.930307 0.578628
14197 0.930322 0.57866
14198 0.930335 0.578673
14199 0.930348 0.578669
14200 0.930359 0.57865
14201 0.930378 0.578645
14202 0.930405 0.578652
14203 0.930439 0.578672
14204 0.930479 0.578702
14205 0.930525 0.578741
14206 0.930575 0.578788
14207 0.93063 0.578844
14208 0.93069 0.578906
14209 0.930753 0.578974
14210 0.930796 0.579043
14211 0.930821 0.579113
14212 0.930843 0.57916
14213 0.93085 0.57921
14214 0.930843 0.579263
14215 0.930836 0.579295
14216 0.93083 0.579309
14217 0.930834 0.579333
14218 0.930847 0.579368
14219 0.930859 0.579383
14220 0.930879 0.579409
14221 0.930884 0.579425
14222 0.930874 0.579431
14223 0.930852 0.57943
14224 0.930818 0.57942
14225 0.930798 0.579424
14226 0.930788 0.57944
14227 0.930789 0.579467
14228 0.93079 0.579476
14229 0.930791 0.579468
14230 0.930792 0.579445
14231 0.930779 0.579417
14232 0.930777 0.579404
14233 0.930784 0.579405
14234 0.930791 0.579391
14235 0.930797 0.579362
14236 0.930802 0.57932
14237 0.930807 0.579267
14238 0.930821 0.579232
14239 0.930842 0.579213
14240 0.930871 0.579208
14241 0.930907 0.579216
14242 0.930925 0.579216
14243 0.930928 0.579208
14244 0.930917 0.579192
14245 0.930893 0.579187
14246 0.930859 0.579189
14247 0.930814 0.579199
14248 0.930761 0.579216
14249 0.930712 0.579216
14250 0.930669 0.5792
14251 0.93063 0.57917
14252 0.930595 0.579127
14253 0.930572 0.579102
14254 0.930562 0.579091
14255 0.930552 0.579066
14256 0.930552 0.579056
14257 0.930562 0.579059
14258 0.930571 0.579047
14259 0.930588 0.579048
14260 0.930613 0.579062
14261 0.930635 0.579058
14262 0.930655 0.57904
14263 0.930673 0.579008
14264 0.930689 0.578963
14265 0.930704 0.578907
14266 0.930717 0.578841
14267 0.930716 0.57879
14268 0.930701 0.578751
14269 0.930673 0.578724
14270 0.930635 0.578708
14271 0.930588 0.5787
14272 0.930531 0.578701
14273 0.93049 0.578715
14274 0.930462 0.578739
14275 0.930446 0.578773
14276 0.930442 0.578817
14277 0.930448 0.578868
14278 0.930453 0.578898
14279 0.930457 0.57891
14280 0.930462 0.578905
14281 0.930465 0.578885
14282 0.930469 0.578852
14283 0.930482 0.578834
14284 0.930503 0.57883
14285 0.930531 0.578839
14286 0.930566 0.578859
14287 0.930584 0.578885
14288 0.930587 0.578916
14289 0.930576 0.578952
14290 0.930552 0.578992
14291 0.93054 0.57904
14292 0.930538 0.579096
14293 0.930547 0.579158
14294 0.930554 0.579199
14295 0.93057 0.579248
14296 0.930594 0.579305
14297 0.930625 0.579368
14298 0.930662 0.579438
14299 0.930705 0.579513
14300 0.930753 0.579594
14301 0.930805 0.579679
14302 0.930852 0.579739
14303 0.930904 0.579807
14304 0.93096 0.57988
14305 0.930996 0.579938
14306 0.931016 0.579982
14307 0.93102 0.580014
14308 0.931009 0.580035
14309 0.930987 0.580047
14310 0.930953 0.580049
14311 0.930908 0.580044
14312 0.930877 0.580051
14313 0.930859 0.580071
14314 0.930851 0.580101
14315 0.930831 0.580121
14316 0.930799 0.580131
14317 0.930779 0.580153
14318 0.930771 0.580185
14319 0.930749 0.580206
14320 0.930739 0.580238
14321 0.930716 0.580259
14322 0.930696 0.580263
14323 0.930677 0.58025
14324 0.930661 0.580223
14325 0.930646 0.580183
14326 0.930633 0.580132
14327 0.93063 0.580098
14328 0.930636 0.58008
14329 0.930651 0.580077
14330 0.930674 0.580088
14331 0.930703 0.580109
14332 0.930729 0.580113
14333 0.930739 0.580125
14334 0.930735 0.580143
14335 0.930717 0.580167
14336 0.930715 0.580181
14337 0.930727 0.580185
14338 0.930746 0.580202
14339 0.930772 0.58023
14340 0.930782 0.580248
14341 0.930778 0.580256
14342 0.93076 0.580255
14343 0.930731 0.580247
14344 0.930714 0.580253
14345 0.930707 0.58027
14346 0.93071 0.580299
14347 0.930712 0.580309
14348 0.930715 0.580303
14349 0.930717 0.580281
14350 0.930728 0.580275
14351 0.930747 0.580282
14352 0.930773 0.580301
14353 0.930806 0.580331
14354 0.930835 0.580342
14355 0.930861 0.580336
14356 0.930894 0.580344
14357 0.93091 0.580359
14358 0.930911 0.58038
14359 0.930898 0.580406
14360 0.930873 0.580438
14361 0.930837 0.580475
14362 0.930805 0.580492
14363 0.930784 0.58052
14364 0.930775 0.580558
14365 0.930776 0.580605
14366 0.930763 0.580655
14367 0.930738 0.580708
14368 0.930702 0.580763
14369 0.930656 0.580821
14370 0.930615 0.580857
14371 0.930577 0.580874
14372 0.930544 0.580874
14373 0.930513 0.580858
14374 0.930495 0.580856
14375 0.930487 0.580868
14376 0.930481 0.580862
14377 0.930474 0.580842
14378 0.930478 0.580837
14379 0.93048 0.580816
14380 0.930492 0.580811
14381 0.930502 0.58079
14382 0.930511 0.580756
14383 0.93052 0.580709
14384 0.930527 0.580652
14385 0.930534 0.580585
14386 0.930549 0.580537
14387 0.930571 0.580507
14388 0.930591 0.580464
14389 0.930609 0.58041
14390 0.930625 0.580346
14391 0.93064 0.580272
14392 0.930662 0.580219
14393 0.930691 0.580184
14394 0.930726 0.580165
14395 0.930767 0.580161
14396 0.930812 0.58017
14397 0.930839 0.580171
14398 0.93085 0.580164
14399 0.930846 0.580149
14400 0.930829 0.580129
14401 0.9308 0.580103
14402 0.930783 0.580092
14403 0.930777 0.580095
14404 0.93078 0.58011
14405 0.930793 0.580137
14406 0.930813 0.580173
14407 0.930817 0.580198
14408 0.930808 0.580213
14409 0.930786 0.580219
14410 0.930753 0.580216
14411 0.930732 0.580227
14412 0.930722 0.580249
14413 0.930723 0.580281
14414 0.930732 0.580323
14415 0.93075 0.580373
14416 0.930752 0.580411
14417 0.930741 0.580437
14418 0.930717 0.580452
14419 0.930705 0.580479
14420 0.930703 0.580516
14421 0.930688 0.580542
14422 0.93066 0.580557
14423 0.930645 0.580583
14424 0.93064 0.58062
14425 0.930645 0.580665
14426 0.930636 0.580698
14427 0.930627 0.580712
14428 0.93062 0.580709
14429 0.9306 0.580699
14430 0.930568 0.580682
14431 0.930548 0.58068
14432 0.93054 0.580691
14433 0.930532 0.580684
14434 0.930525 0.580663
14435 0.930505 0.580636
14436 0.930474 0.580605
14437 0.930455 0.580589
14438 0.930446 0.580588
14439 0.930425 0.580579
14440 0.930415 0.580584
14441 0.930392 0.580581
14442 0.930358 0.58057
14443 0.930327 0.580545
14444 0.9303 0.580507
14445 0.930275 0.580457
14446 0.930262 0.580425
14447 0.930259 0.580409
14448 0.930265 0.580407
14449 0.93027 0.58039
14450 0.930275 0.580359
14451 0.93028 0.580315
14452 0.930284 0.580261
14453 0.930297 0.580224
14454 0.930317 0.580204
14455 0.930345 0.580198
14456 0.930378 0.580206
14457 0.930418 0.580226
14458 0.930453 0.580229
14459 0.930485 0.580215
14460 0.930523 0.580216
14461 0.930566 0.580229
14462 0.930613 0.580254
14463 0.930665 0.580289
14464 0.930721 0.580334
14465 0.93078 0.580387
14466 0.930843 0.580447
14467 0.930908 0.580514
14468 0.930975 0.580588
14469 0.931045 0.580666
14470 0.931094 0.58073
14471 0.931125 0.580779
14472 0.931139 0.580815
14473 0.931138 0.58084
14474 0.931123 0.580854
14475 0.931097 0.58086
14476 0.931059 0.580857
14477 0.931012 0.580846
14478 0.930956 0.580829
14479 0.930914 0.580826
14480 0.930885 0.580837
14481 0.930868 0.580859
14482 0.930862 0.580892
14483 0.930865 0.580934
14484 0.930877 0.580986
14485 0.930896 0.581045
14486 0.930914 0.581082
14487 0.930916 0.581108
14488 0.930905 0.581124
14489 0.930881 0.58113
14490 0.930846 0.581128
14491 0.9308 0.581118
14492 0.930746 0.581102
14493 0.930683 0.58108
14494 0.930636 0.581072
14495 0.930602 0.581079
14496 0.93058 0.581098
14497 0.930569 0.581128
14498 0.930568 0.581168
14499 0.930567 0.581188
14500 0.930567 0.58119
14501 0.930552 0.581185
14502 0.930526 0.581173
14503 0.930488 0.581154
14504 0.930463 0.58115
14505 0.930449 0.58116
14506 0.930423 0.581161
14507 0.930385 0.581155
14508 0.930352 0.581133
14509 0.93033 0.581127
14510 0.930319 0.581134
14511 0.930319 0.581153
14512 0.930327 0.581184
14513 0.930343 0.581224
14514 0.930343 0.581253
14515 0.930357 0.581272
14516 0.930384 0.58128
14517 0.930421 0.58128
14518 0.930441 0.581272
14519 0.930467 0.581278
14520 0.9305 0.581297
14521 0.930538 0.581326
14522 0.930581 0.581366
14523 0.930606 0.581394
14524 0.930615 0.581412
14525 0.930609 0.58142
14526 0.930613 0.581441
14527 0.930625 0.581472
14528 0.930644 0.581513
14529 0.930671 0.581563
14530 0.930681 0.581601
14531 0.930677 0.581627
14532 0.930659 0.581642
14533 0.930652 0.581669
14534 0.930655 0.581707
14535 0.930644 0.581732
14536 0.93062 0.581748
14537 0.930607 0.581775
14538 0.930605 0.581812
14539 0.930612 0.581858
14540 0.930618 0.581884
14541 0.930623 0.581892
14542 0.930628 0.581883
14543 0.930633 0.581859
14544 0.930637 0.581823
14545 0.930627 0.581782
14546 0.930604 0.581737
14547 0.930593 0.58171
14548 0.930592 0.581699
14549 0.930577 0.581681
14550 0.93055 0.581657
14551 0.930512 0.581628
14552 0.930486 0.581614
14553 0.93045 0.581595
14554 0.930426 0.58159
14555 0.930413 0.581599
14556 0.930388 0.581599
14557 0.930379 0.581592
14558 0.930385 0.581577
14559 0.930376 0.581556
14560 0.930354 0.58153
14561 0.930335 0.581491
14562 0.930317 0.58144
14563 0.93031 0.581407
14564 0.930304 0.581361
14565 0.930298 0.581305
14566 0.930293 0.581238
14567 0.930289 0.581163
14568 0.930294 0.581107
14569 0.930307 0.581071
14570 0.930328 0.581051
14571 0.930356 0.581045
14572 0.93039 0.581053
14573 0.930421 0.581045
14574 0.930435 0.58103
14575 0.930433 0.581009
14576 0.930418 0.580983
14577 0.930414 0.580972
14578 0.930419 0.580975
14579 0.930432 0.580991
14580 0.930453 0.581018
14581 0.930458 0.581035
14582 0.930476 0.581042
14583 0.930506 0.581041
14584 0.930546 0.581032
14585 0.930596 0.581016
14586 0.93065 0.581015
14587 0.930708 0.581026
14588 0.930769 0.58105
14589 0.93081 0.581063
14590 0.930833 0.581067
14591 0.930841 0.581063
14592 0.930856 0.581073
14593 0.930879 0.581094
14594 0.930909 0.581126
14595 0.930945 0.581167
14596 0.930964 0.581197
14597 0.930967 0.581216
14598 0.930957 0.581225
14599 0.930956 0.581246
14600 0.930965 0.581278
14601 0.930982 0.581319
14602 0.930997 0.581341
14603 0.931011 0.581344
14604 0.931023 0.581332
14605 0.931035 0.581305
14606 0.931045 0.581265
14607 0.931055 0.581214
14608 0.931063 0.581152
14609 0.931071 0.58108
14610 0.931079 0.581
14611 0.931086 0.580912
14612 0.931101 0.580846
14613 0.931124 0.580799
14614 0.93113 0.580765
14615 0.931123 0.580742
14616 0.931125 0.580734
14617 0.931137 0.580739
14618 0.931156 0.580757
14619 0.931159 0.580781
14620 0.931149 0.58081
14621 0.931149 0.58085
14622 0.931149 0.580869
14623 0.931149 0.580871
14624 0.931149 0.580857
14625 0.931149 0.580829
14626 0.931135 0.580796
14627 0.931109 0.580774
14628 0.931073 0.580746
14629 0.931026 0.580713
14630 0.930993 0.580697
14631 0.93095 0.580674
14632 0.930897 0.580646
14633 0.930863 0.580612
14634 0.930846 0.580575
14635 0.930845 0.580533
14636 0.93083 0.580488
14637 0.930803 0.580439
14638 0.930787 0.580408
14639 0.930782 0.580393
14640 0.930787 0.580393
14641 0.9308 0.580405
14642 0.930798 0.580409
14643 0.930783 0.580404
14644 0.930755 0.580392
14645 0.930739 0.580394
14646 0.930739 0.580388
14647 0.930752 0.580375
14648 0.930777 0.580356
14649 0.930813 0.58033
14650 0.930855 0.58032
14651 0.930902 0.580323
14652 0.930953 0.580339
14653 0.930985 0.580346
14654 0.931 0.580344
14655 0.931023 0.580356
14656 0.93103 0.580358
14657 0.931046 0.580373
14658 0.931068 0.580399
14659 0.931098 0.580436
14660 0.931111 0.580461
14661 0.931109 0.580475
14662 0.931117 0.580501
14663 0.931132 0.580538
14664 0.93116 0.580562
14665 0.931199 0.580577
14666 0.931242 0.580603
14667 0.931291 0.580639
14668 0.931321 0.580664
14669 0.931334 0.580678
14670 0.931333 0.580683
14671 0.93134 0.5807
14672 0.931356 0.580729
14673 0.931357 0.580746
14674 0.931344 0.580754
14675 0.931319 0.580754
14676 0.931283 0.580745
14677 0.931237 0.580745
14678 0.931204 0.580759
14679 0.931184 0.580783
14680 0.931175 0.580818
14681 0.931175 0.580863
14682 0.931189 0.580895
14683 0.931216 0.580916
14684 0.931226 0.580943
14685 0.931221 0.580975
14686 0.931204 0.581012
14687 0.931202 0.581037
14688 0.931186 0.581067
14689 0.931159 0.581103
14690 0.931143 0.581147
14691 0.931137 0.5812
14692 0.931133 0.581233
14693 0.931128 0.581246
14694 0.931111 0.58125
14695 0.931081 0.581246
14696 0.931055 0.581226
14697 0.931031 0.581193
14698 0.93101 0.581148
14699 0.930999 0.581119
14700 0.930999 0.581107
14701 0.931008 0.581108
14702 0.931025 0.581123
14703 0.931049 0.581148
14704 0.93108 0.581184
14705 0.931117 0.58123
14706 0.931137 0.581263
14707 0.931141 0.581284
14708 0.931131 0.581296
14709 0.931131 0.58132
14710 0.93114 0.581354
14711 0.931134 0.581377
14712 0.931116 0.58139
14713 0.931085 0.581393
14714 0.931044 0.581389
14715 0.931016 0.581398
14716 0.931 0.581419
14717 0.930995 0.58145
14718 0.931003 0.581471
14719 0.931024 0.581482
14720 0.931057 0.581484
14721 0.931073 0.581493
14722 0.931074 0.58151
14723 0.931061 0.581532
14724 0.931058 0.581566
14725 0.931056 0.58158
14726 0.931054 0.581577
14727 0.931052 0.581559
14728 0.931051 0.581526
14729 0.931049 0.581482
14730 0.931048 0.581425
14731 0.931048 0.581359
14732 0.931047 0.581284
14733 0.931055 0.581229
14734 0.931072 0.581193
14735 0.931096 0.581173
14736 0.931118 0.581139
14737 0.931147 0.581121
14738 0.931173 0.581089
14739 0.931196 0.581045
14740 0.931218 0.58099
14741 0.931246 0.580953
14742 0.931258 0.580927
14743 0.931255 0.580912
14744 0.931239 0.580906
14745 0.931211 0.580909
14746 0.931172 0.580919
14747 0.931123 0.580936
14748 0.931066 0.580944
14749 0.931001 0.580943
14750 0.930956 0.580934
14751 0.930929 0.580919
14752 0.930918 0.580897
14753 0.930922 0.58087
14754 0.930935 0.580858
14755 0.930956 0.58086
14756 0.930984 0.580874
14757 0.931018 0.5809
14758 0.931058 0.580936
14759 0.931103 0.580982
14760 0.931129 0.581015
14761 0.93114 0.581037
14762 0.931136 0.581048
14763 0.931141 0.581072
14764 0.931155 0.581106
14765 0.931177 0.581149
14766 0.931206 0.581201
14767 0.931218 0.58124
14768 0.931216 0.581267
14769 0.9312 0.581283
14770 0.931172 0.58129
14771 0.931155 0.581309
14772 0.93115 0.581339
14773 0.931159 0.581359
14774 0.93118 0.581368
14775 0.931213 0.581369
14776 0.931229 0.581362
14777 0.93123 0.581347
14778 0.931245 0.581327
14779 0.931271 0.5813
14780 0.931282 0.581284
14781 0.931277 0.581278
14782 0.93126 0.58128
14783 0.931253 0.581294
14784 0.931256 0.58132
14785 0.931268 0.581356
14786 0.931288 0.581401
14787 0.931293 0.581434
14788 0.931283 0.581472
14789 0.931261 0.581497
14790 0.931227 0.581528
14791 0.931183 0.581564
14792 0.931157 0.581589
14793 0.931148 0.581603
14794 0.931153 0.581608
14795 0.931171 0.581604
14796 0.931173 0.581609
14797 0.931162 0.581621
14798 0.931139 0.58164
14799 0.931131 0.581649
14800 0.931137 0.581649
14801 0.931157 0.581642
14802 0.931175 0.581619
14803 0.931177 0.581591
14804 0.931165 0.581558
14805 0.931155 0.581513
14806 0.931146 0.581456
14807 0.931137 0.581389
14808 0.93113 0.581314
14809 0.931132 0.581258
14810 0.931134 0.581193
14811 0.931136 0.581118
14812 0.931138 0.581035
14813 0.93114 0.580944
14814 0.931141 0.580847
14815 0.931143 0.580744
14816 0.931153 0.580664
14817 0.931172 0.580604
14818 0.931198 0.580563
14819 0.931208 0.580535
14820 0.931203 0.580516
14821 0.931186 0.580508
14822 0.931156 0.580508
14823 0.931116 0.5805
14824 0.931066 0.580485
14825 0.931007 0.580464
14826 0.930941 0.580438
14827 0.930868 0.580406
14828 0.930788 0.58037
14829 0.930726 0.580349
14830 0.930679 0.580344
14831 0.930646 0.580352
14832 0.930626 0.580371
14833 0.930617 0.580402
14834 0.930609 0.580413
14835 0.930602 0.580408
14836 0.930595 0.580388
14837 0.930589 0.580354
14838 0.930584 0.580307
14839 0.930579 0.58025
14840 0.930575 0.580182
14841 0.930571 0.580106
14842 0.930577 0.58005
14843 0.930591 0.580013
14844 0.930613 0.579991
14845 0.930642 0.579985
14846 0.930677 0.579992
14847 0.930718 0.580011
14848 0.930741 0.580021
14849 0.930748 0.580022
14850 0.93074 0.580015
14851 0.93072 0.580001
14852 0.930688 0.579981
14853 0.930669 0.579976
14854 0.93066 0.579984
14855 0.930662 0.580004
14856 0.930672 0.580034
14857 0.93069 0.580075
14858 0.930716 0.580124
14859 0.930739 0.580153
14860 0.93076 0.580163
14861 0.930787 0.580185
14862 0.930812 0.580189
14863 0.930835 0.580176
14864 0.930864 0.580178
14865 0.93089 0.580164
14866 0.930914 0.580136
14867 0.930944 0.580123
14868 0.930958 0.580104
14869 0.930957 0.580079
14870 0.930942 0.580048
14871 0.930938 0.580034
14872 0.930944 0.580033
14873 0.930958 0.580046
14874 0.93098 0.58007
14875 0.931009 0.580104
14876 0.931044 0.580147
14877 0.931085 0.580199
14878 0.931108 0.580238
14879 0.931115 0.580265
14880 0.931108 0.580282
14881 0.931088 0.580289
14882 0.931079 0.580308
14883 0.93108 0.580338
14884 0.931068 0.580358
14885 0.931043 0.580367
14886 0.93102 0.58036
14887 0.931 0.580338
14888 0.930982 0.580302
14889 0.930974 0.580283
14890 0.930977 0.580278
14891 0.930988 0.580287
14892 0.931008 0.580307
14893 0.931012 0.580333
14894 0.931002 0.580365
14895 0.930979 0.580401
14896 0.930946 0.580441
14897 0.930915 0.580461
14898 0.930888 0.580464
14899 0.930863 0.580451
14900 0.930841 0.580423
14901 0.930821 0.580383
14902 0.93079 0.580355
14903 0.93077 0.580342
14904 0.930762 0.580342
14905 0.930764 0.580356
14906 0.930753 0.580375
14907 0.930729 0.580401
14908 0.930693 0.580432
14909 0.930671 0.580472
14910 0.93065 0.580492
14911 0.930632 0.580495
14912 0.930615 0.580482
14913 0.930609 0.580483
14914 0.930613 0.580497
14915 0.930626 0.580522
14916 0.930646 0.580557
14917 0.930665 0.580573
14918 0.930681 0.580571
14919 0.930696 0.580554
14920 0.93071 0.580523
14921 0.930731 0.580508
14922 0.930759 0.580507
14923 0.930784 0.580491
14924 0.930807 0.58046
14925 0.930837 0.580446
14926 0.930873 0.580445
14927 0.930914 0.580457
14928 0.930961 0.580481
14929 0.931012 0.580515
14930 0.931044 0.580554
14931 0.93106 0.580596
14932 0.93106 0.580642
14933 0.931047 0.580691
14934 0.931044 0.580748
14935 0.931051 0.580812
14936 0.931066 0.580882
14937 0.931066 0.580953
14938 0.931053 0.581025
14939 0.93104 0.581074
14940 0.931029 0.581102
14941 0.931019 0.581112
14942 0.93101 0.581105
14943 0.931002 0.581083
14944 0.930995 0.581047
14945 0.930997 0.581028
14946 0.931009 0.581023
14947 0.931028 0.581032
14948 0.931055 0.581053
14949 0.931088 0.581084
14950 0.931104 0.58112
14951 0.931105 0.58116
14952 0.931115 0.581209
14953 0.931134 0.581265
14954 0.93115 0.581301
14955 0.931165 0.581317
14956 0.931165 0.581339
14957 0.931151 0.581367
14958 0.931139 0.581377
14959 0.931128 0.581369
14960 0.931118 0.581347
14961 0.931109 0.581312
14962 0.931087 0.581287
14963 0.931054 0.581273
14964 0.931025 0.581245
14965 0.930998 0.581204
14966 0.93096 0.581174
14967 0.930913 0.581156
14968 0.930856 0.581147
14969 0.930815 0.581151
14970 0.930786 0.581168
14971 0.93077 0.581196
14972 0.930765 0.581234
14973 0.930769 0.58128
14974 0.930783 0.581335
14975 0.930804 0.581397
14976 0.930832 0.581465
14977 0.930857 0.581511
14978 0.93088 0.581537
14979 0.930901 0.581544
14980 0.930929 0.581564
14981 0.930963 0.581594
14982 0.93098 0.581613
14983 0.930982 0.581623
14984 0.93097 0.581624
14985 0.930945 0.581617
14986 0.93091 0.581603
14987 0.930864 0.581583
14988 0.930832 0.581577
14989 0.930812 0.581585
14990 0.930804 0.581605
14991 0.930783 0.581615
14992 0.93075 0.581616
14993 0.930729 0.58163
14994 0.930711 0.581627
14995 0.930695 0.581608
14996 0.93068 0.581576
14997 0.930666 0.581531
14998 0.930663 0.581504
14999 0.93067 0.581491
15000 0.930685 0.581493
