14000 0.929754 0.640623
14001 0.929752 0.640625
14002 0.929749 0.640643
14003 0.929747 0.640675
14004 0.929744 0.640688
14005 0.929742 0.640684
14006 0.929739 0.640696
14007 0.929737 0.640691
14008 0.929734 0.640702
14009 0.929732 0.640697
14010 0.929729 0.640676
14011 0.929727 0.640642
14012 0.929724 0.640627
14013 0.929722 0.640629
14014 0.929719 0.640647
14015 0.929717 0.640678
14016 0.929714 0.640722
14017 0.929712 0.640777
14018 0.929709 0.640843
14019 0.929706 0.640886
14020 0.929704 0.640909
14021 0.929701 0.640914
14022 0.929698 0.640903
14023 0.929696 0.640909
14024 0.929693 0.64093
14025 0.929691 0.640933
14026 0.929688 0.64092
14027 0.929686 0.640893
14028 0.929683 0.640884
14029 0.929681 0.640892
14030 0.929679 0.640915
14031 0.929676 0.640951
14032 0.929674 0.640999
14033 0.929672 0.641026
14034 0.92967 0.641067
14035 0.929668 0.641119
14036 0.929666 0.641181
14037 0.929664 0.641253
14038 0.929662 0.641333
14039 0.92966 0.641389
14040 0.929658 0.641425
14041 0.929656 0.641441
14042 0.929654 0.64144
14043 0.929653 0.641423
14044 0.929652 0.641392
14045 0.92965 0.641349
14046 0.929649 0.641295
14047 0.929648 0.641261
14048 0.929646 0.641247
14049 0.929645 0.64125
14050 0.929643 0.641268
14051 0.929642 0.641299
14052 0.929641 0.641344
14053 0.929639 0.641368
14054 0.929638 0.641374
14055 0.929637 0.641364
14056 0.929636 0.64134
14057 0.929635 0.641302
14058 0.929634 0.641252
14059 0.929633 0.641192
14060 0.929631 0.641123
14061 0.92963 0.641075
14062 0.929629 0.641049
14063 0.929628 0.64104
14064 0.929627 0.641048
14065 0.929626 0.641071
14066 0.929625 0.641107
14067 0.929624 0.641155
14068 0.929623 0.641183
14069 0.929622 0.641192
14070 0.929621 0.641185
14071 0.929619 0.641163
14072 0.929618 0.641127
14073 0.929617 0.64108
14074 0.929616 0.641052
14075 0.929614 0.641044
14076 0.929613 0.64102
14077 0.929611 0.640983
14078 0.92961 0.640966
14079 0.929622 0.640958
14080 0.929646 0.640959
14081 0.929682 0.640967
14082 0.929727 0.640983
14083 0.929781 0.641004
14084 0.92983 0.64104
14085 0.929874 0.641087
14086 0.929913 0.641145
14087 0.929948 0.641182
14088 0.92998 0.641199
14089 0.930009 0.6412
14090 0.930034 0.641184
14091 0.930057 0.641155
14092 0.930078 0.641144
14093 0.930097 0.641118
14094 0.930113 0.64108
14095 0.930128 0.641061
14096 0.930142 0.641059
14097 0.930154 0.641042
14098 0.930165 0.641042
14099 0.930174 0.641058
14100 0.930183 0.641088
14101 0.930191 0.64113
14102 0.930198 0.641184
14103 0.930205 0.641217
14104 0.930211 0.641231
14105 0.930216 0.641228
14106 0.93022 0.64121
14107 0.930224 0.641178
14108 0.930227 0.641133
14109 0.930231 0.641078
14110 0.930233 0.641012
14111 0.930249 0.640961
14112 0.930277 0.640923
14113 0.930316 0.640896
14114 0.93035 0.640887
14115 0.930368 0.640887
14116 0.93037 0.640894
14117 0.930359 0.640909
14118 0.930335 0.640929
14119 0.9303 0.640955
14120 0.930254 0.640986
14121 0.9302 0.641021
14122 0.93015 0.641037
14123 0.930106 0.641068
14124 0.930066 0.641079
14125 0.93003 0.641074
14126 0.929998 0.641054
14127 0.929969 0.641051
14128 0.929942 0.641033
14129 0.929919 0.641001
14130 0.929897 0.640957
14131 0.929891 0.640925
14132 0.929886 0.640912
14133 0.929881 0.640915
14134 0.929877 0.640934
14135 0.929872 0.640967
14136 0.929869 0.641012
14137 0.929865 0.641037
14138 0.929862 0.641043
14139 0.929858 0.641065
14140 0.929855 0.6411
14141 0.929852 0.641147
14142 0.92985 0.641174
14143 0.929847 0.641183
14144 0.929844 0.641175
14145 0.929842 0.641152
14146 0.929839 0.641117
14147 0.929837 0.641069
14148 0.929834 0.64101
14149 0.929845 0.640965
14150 0.929869 0.640932
14151 0.929904 0.64091
14152 0.929935 0.640874
14153 0.929963 0.640827
14154 0.929989 0.6408
14155 0.930011 0.640791
14156 0.930031 0.640799
14157 0.930049 0.640821
14158 0.930065 0.640857
14159 0.930079 0.640874
14160 0.930092 0.640873
14161 0.930103 0.640857
14162 0.930113 0.640858
14163 0.930122 0.640875
14164 0.930143 0.640897
14165 0.930162 0.640902
14166 0.93018 0.640891
14167 0.930208 0.640888
14168 0.930248 0.640894
14169 0.930297 0.640906
14170 0.930355 0.640925
14171 0.93042 0.64095
14172 0.930479 0.640988
14173 0.930532 0.641038
14174 0.93058 0.641098
14175 0.930623 0.641137
14176 0.930662 0.641156
14177 0.930697 0.641158
14178 0.930714 0.641167
14179 0.930717 0.641183
14180 0.930706 0.641206
14181 0.930682 0.641233
14182 0.93066 0.641243
14183 0.930641 0.641236
14184 0.930624 0.641214
14185 0.930608 0.641178
14186 0.93058 0.641154
14187 0.930542 0.64114
14188 0.930494 0.641135
14189 0.930464 0.641138
14190 0.93045 0.641149
14191 0.930425 0.641166
14192 0.930402 0.641197
14193 0.930381 0.64124
14194 0.930363 0.641264
14195 0.930346 0.64127
14196 0.930331 0.641259
14197 0.930317 0.641234
14198 0.930304 0.641227
14199 0.930293 0.641205
14200 0.930282 0.641201
14201 0.930287 0.641205
14202 0.930304 0.641217
14203 0.930333 0.641235
14204 0.930373 0.641259
14205 0.930423 0.641288
14206 0.930467 0.64133
14207 0.930507 0.641352
14208 0.930543 0.641387
14209 0.930576 0.641403
14210 0.930604 0.641434
14211 0.930631 0.641477
14212 0.930654 0.641531
14213 0.930675 0.641595
14214 0.930694 0.641669
14215 0.930711 0.64172
14216 0.930726 0.64175
14217 0.93074 0.641761
14218 0.930752 0.641787
14219 0.930763 0.641826
14220 0.930773 0.641876
14221 0.930782 0.641906
14222 0.93079 0.641918
14223 0.930783 0.64192
14224 0.930764 0.641915
14225 0.930746 0.641894
14226 0.93073 0.64186
14227 0.930716 0.641845
14228 0.930703 0.641847
14229 0.930692 0.641864
14230 0.930681 0.641864
14231 0.930672 0.641849
14232 0.930663 0.641819
14233 0.930655 0.641777
14234 0.930648 0.641723
14235 0.930641 0.64169
14236 0.930635 0.641676
14237 0.930629 0.641679
14238 0.930624 0.641698
14239 0.93062 0.64173
14240 0.930616 0.641775
14241 0.930612 0.641799
14242 0.930609 0.641806
14243 0.930605 0.641827
14244 0.930602 0.641831
14245 0.9306 0.641819
14246 0.930597 0.641792
14247 0.930595 0.641753
14248 0.930593 0.641733
14249 0.930591 0.64173
14250 0.930589 0.641713
14251 0.930588 0.641681
14252 0.930586 0.641637
14253 0.930585 0.641582
14254 0.930584 0.641548
14255 0.930583 0.641533
14256 0.930582 0.641535
14257 0.930581 0.641552
14258 0.930581 0.641583
14259 0.93058 0.641596
14260 0.930579 0.641592
14261 0.930579 0.641572
14262 0.930578 0.641539
14263 0.930577 0.641525
14264 0.930577 0.641496
14265 0.930576 0.641455
14266 0.930576 0.641403
14267 0.930575 0.641371
14268 0.930575 0.641358
14269 0.930561 0.641354
14270 0.930534 0.641358
14271 0.930497 0.641369
14272 0.93045 0.641387
14273 0.930395 0.641411
14274 0.930344 0.641417
14275 0.930299 0.641406
14276 0.930258 0.641381
14277 0.930221 0.641343
14278 0.930187 0.641325
14279 0.930157 0.641324
14280 0.93013 0.641338
14281 0.930105 0.641336
14282 0.930097 0.641341
14283 0.930103 0.641354
14284 0.930121 0.641374
14285 0.930152 0.641399
14286 0.930179 0.641406
14287 0.930203 0.641397
14288 0.930238 0.641397
14289 0.930284 0.641404
14290 0.930338 0.641419
14291 0.930401 0.641439
14292 0.930457 0.641474
14293 0.930508 0.641521
14294 0.930553 0.641578
14295 0.930594 0.641646
14296 0.930631 0.641722
14297 0.930664 0.641775
14298 0.930708 0.641831
14299 0.930747 0.641896
14300 0.930782 0.641971
14301 0.930814 0.642054
14302 0.930842 0.642144
14303 0.930868 0.64221
14304 0.930891 0.642253
14305 0.930912 0.642308
14306 0.930917 0.642349
14307 0.930908 0.642379
14308 0.930887 0.642398
14309 0.930854 0.642407
14310 0.93081 0.642408
14311 0.930757 0.642401
14312 0.93071 0.642379
14313 0.930667 0.642374
14314 0.930629 0.642386
14315 0.930594 0.642413
14316 0.930563 0.642452
14317 0.930535 0.642503
14318 0.930509 0.642564
14319 0.930486 0.642604
14320 0.930466 0.642624
14321 0.930447 0.642627
14322 0.93043 0.642613
14323 0.930415 0.642586
14324 0.930401 0.642545
14325 0.930389 0.642524
14326 0.930378 0.642521
14327 0.930367 0.642502
14328 0.930358 0.642501
14329 0.93035 0.642516
14330 0.930342 0.642545
14331 0.930335 0.642586
14332 0.930329 0.642639
14333 0.930323 0.642703
14334 0.930318 0.642775
14335 0.930313 0.642825
14336 0.930308 0.642854
14337 0.930304 0.642865
14338 0.930301 0.642859
14339 0.930297 0.642838
14340 0.930294 0.642803
14341 0.930305 0.64278
14342 0.930328 0.642767
14343 0.930362 0.642763
14344 0.930393 0.642744
14345 0.930421 0.642711
14346 0.93046 0.642689
14347 0.930508 0.642677
14348 0.930565 0.642674
14349 0.93063 0.64268
14350 0.930688 0.6427
14351 0.930727 0.64271
14352 0.930748 0.642712
14353 0.930768 0.642729
14354 0.930785 0.642761
14355 0.930801 0.642804
14356 0.930801 0.642836
14357 0.930788 0.642856
14358 0.930763 0.642867
14359 0.93074 0.642861
14360 0.930719 0.642872
14361 0.930701 0.642897
14362 0.930684 0.642935
14363 0.930669 0.642985
14364 0.930655 0.643045
14365 0.930643 0.643115
14366 0.930632 0.643194
14367 0.930622 0.643249
14368 0.930613 0.643283
14369 0.930606 0.643329
14370 0.930598 0.643387
14371 0.930592 0.643422
14372 0.930586 0.643439
14373 0.930581 0.643439
14374 0.930577 0.643423
14375 0.930573 0.643393
14376 0.930569 0.643381
14377 0.930566 0.643355
14378 0.930563 0.643316
14379 0.93056 0.643297
14380 0.930558 0.643264
14381 0.930556 0.643218
14382 0.930554 0.643162
14383 0.930553 0.643095
14384 0.930551 0.64302
14385 0.93055 0.642968
14386 0.930549 0.642905
14387 0.930548 0.642864
14388 0.930547 0.642812
14389 0.930546 0.642749
14390 0.930545 0.642708
14391 0.930545 0.642687
14392 0.930544 0.642652
14393 0.930543 0.642637
14394 0.930543 0.642639
14395 0.930542 0.642624
14396 0.930542 0.642596
14397 0.930541 0.642586
14398 0.930541 0.642593
14399 0.930527 0.642591
14400 0.930514 0.642574
14401 0.930503 0.642543
14402 0.930492 0.642531
14403 0.930483 0.642535
14404 0.930475 0.642555
14405 0.930467 0.642589
14406 0.93046 0.642634
14407 0.930453 0.642691
14408 0.930461 0.64275
14409 0.930468 0.642787
14410 0.930475 0.642805
14411 0.930467 0.642814
14412 0.93046 0.642806
14413 0.930453 0.642783
14414 0.930448 0.642778
14415 0.930442 0.64279
14416 0.930438 0.642815
14417 0.930433 0.642854
14418 0.930429 0.642905
14419 0.930426 0.642935
14420 0.930422 0.642946
14421 0.930419 0.642972
14422 0.930416 0.643011
14423 0.930414 0.643061
14424 0.930411 0.643091
14425 0.930409 0.643102
14426 0.930407 0.643097
14427 0.930405 0.643108
14428 0.930403 0.643102
14429 0.930402 0.64308
14430 0.9304 0.643046
14431 0.930399 0.642999
14432 0.930397 0.642973
14433 0.930396 0.642965
14434 0.930395 0.642973
14435 0.930394 0.642965
14436 0.930393 0.642942
14437 0.930378 0.642914
14438 0.930365 0.642904
14439 0.930353 0.642911
14440 0.930342 0.642932
14441 0.930319 0.642945
14442 0.930298 0.64294
14443 0.930279 0.64292
14444 0.930262 0.642886
14445 0.930247 0.642841
14446 0.930233 0.642784
14447 0.930221 0.642748
14448 0.93021 0.642732
14449 0.9302 0.642733
14450 0.930191 0.642718
14451 0.930183 0.642689
14452 0.930176 0.642647
14453 0.93017 0.642594
14454 0.930164 0.642562
14455 0.930159 0.642549
14456 0.930154 0.642552
14457 0.93015 0.64254
14458 0.930146 0.642544
14459 0.930142 0.642564
14460 0.930139 0.642566
14461 0.930136 0.642583
14462 0.930133 0.642615
14463 0.930131 0.642659
14464 0.930128 0.642714
14465 0.930125 0.642779
14466 0.930123 0.642822
14467 0.930121 0.642845
14468 0.930119 0.642882
14469 0.930117 0.64293
14470 0.930115 0.64299
14471 0.930113 0.643059
14472 0.93011 0.643137
14473 0.930108 0.643191
14474 0.930107 0.643224
14475 0.930105 0.643239
14476 0.930103 0.643236
14477 0.930101 0.643249
14478 0.9301 0.643276
14479 0.930098 0.643317
14480 0.930096 0.643337
14481 0.930095 0.64334
14482 0.930093 0.643327
14483 0.930092 0.643331
14484 0.93009 0.643351
14485 0.930088 0.643384
14486 0.930087 0.643429
14487 0.930085 0.643485
14488 0.930083 0.64352
14489 0.930081 0.643536
14490 0.93008 0.643535
14491 0.930078 0.643518
14492 0.930076 0.643487
14493 0.930088 0.643468
14494 0.930112 0.643458
14495 0.930147 0.643457
14496 0.930179 0.643441
14497 0.930207 0.64341
14498 0.930233 0.643367
14499 0.930256 0.643344
14500 0.930276 0.643339
14501 0.930294 0.64335
14502 0.930311 0.643376
14503 0.930326 0.643383
14504 0.930339 0.643374
14505 0.930351 0.643382
14506 0.930362 0.643373
14507 0.930371 0.64338
14508 0.93038 0.643372
14509 0.930388 0.64338
14510 0.930395 0.643402
14511 0.930388 0.643415
14512 0.930381 0.643442
14513 0.930375 0.643483
14514 0.930384 0.643527
14515 0.930405 0.643574
14516 0.930437 0.643625
14517 0.930453 0.643663
14518 0.930453 0.643689
14519 0.930466 0.643721
14520 0.930492 0.643758
14521 0.930502 0.643783
14522 0.930497 0.643798
14523 0.930478 0.643805
14524 0.930448 0.643803
14525 0.930434 0.643809
14526 0.930436 0.643822
14527 0.93045 0.643842
14528 0.930477 0.643868
14529 0.930515 0.643899
14530 0.930562 0.643934
14531 0.930619 0.643974
14532 0.930683 0.644018
14533 0.930727 0.64405
14534 0.930753 0.64407
14535 0.930763 0.644082
14536 0.930758 0.644084
14537 0.93074 0.644079
14538 0.93071 0.644066
14539 0.930669 0.644047
14540 0.930633 0.644046
14541 0.9306 0.64406
14542 0.93057 0.644089
14543 0.930544 0.64413
14544 0.93052 0.644152
14545 0.930498 0.644156
14546 0.930479 0.644143
14547 0.930475 0.64414
14548 0.930485 0.644145
14549 0.930495 0.644134
14550 0.930503 0.644108
14551 0.930511 0.644069
14552 0.930518 0.644019
14553 0.93051 0.643965
14554 0.93049 0.64391
14555 0.930457 0.643853
14556 0.930442 0.643809
14557 0.930442 0.643777
14558 0.930428 0.643741
14559 0.930401 0.643701
14560 0.930364 0.643658
14561 0.930316 0.643612
14562 0.930273 0.643554
14563 0.930235 0.643486
14564 0.9302 0.64341
14565 0.930169 0.643325
14566 0.930154 0.643257
14567 0.930155 0.643204
14568 0.930169 0.643163
14569 0.930195 0.643135
14570 0.930233 0.643117
14571 0.930266 0.643117
14572 0.930296 0.643132
14573 0.930323 0.643162
14574 0.930348 0.643172
14575 0.93037 0.643167
14576 0.930389 0.643177
14577 0.930407 0.643202
14578 0.930423 0.64324
14579 0.930438 0.64329
14580 0.930451 0.643351
14581 0.930449 0.643398
14582 0.930433 0.643433
14583 0.930419 0.643448
14584 0.930406 0.643447
14585 0.930409 0.643453
14586 0.930424 0.643467
14587 0.930452 0.643488
14588 0.93049 0.643514
14589 0.930538 0.643545
14590 0.930595 0.643581
14591 0.930632 0.643607
14592 0.930652 0.643621
14593 0.930656 0.643627
14594 0.930646 0.643625
14595 0.930624 0.643615
14596 0.930603 0.643591
14597 0.930585 0.643553
14598 0.930569 0.643503
14599 0.930554 0.643443
14600 0.930541 0.643404
14601 0.930529 0.643385
14602 0.930518 0.643384
14603 0.930508 0.643398
14604 0.930499 0.643396
14605 0.930491 0.643378
14606 0.930484 0.643345
14607 0.930478 0.643301
14608 0.930472 0.643245
14609 0.930467 0.643179
14610 0.930476 0.643128
14611 0.930497 0.643089
14612 0.93053 0.643063
14613 0.930574 0.643047
14614 0.930626 0.64304
14615 0.930687 0.643042
14616 0.930742 0.643028
14617 0.930791 0.643
14618 0.930836 0.642959
14619 0.930876 0.642938
14620 0.930912 0.642935
14621 0.930944 0.642947
14622 0.930973 0.642974
14623 0.930999 0.643014
14624 0.931023 0.643066
14625 0.931044 0.643097
14626 0.931063 0.643109
14627 0.931067 0.643112
14628 0.931057 0.643107
14629 0.931034 0.643095
14630 0.931 0.643076
14631 0.930956 0.643051
14632 0.930902 0.643022
14633 0.93084 0.642987
14634 0.930771 0.642948
14635 0.930695 0.642905
14636 0.93064 0.642875
14637 0.930604 0.642855
14638 0.930585 0.642845
14639 0.930582 0.642844
14640 0.930593 0.642851
14641 0.930616 0.642866
14642 0.930637 0.642863
14643 0.930656 0.642844
14644 0.930673 0.642812
14645 0.930688 0.642768
14646 0.930702 0.642712
14647 0.930729 0.642669
14648 0.930766 0.642639
14649 0.930813 0.64262
14650 0.930869 0.64261
14651 0.930919 0.642617
14652 0.930964 0.642639
14653 0.930991 0.642651
14654 0.931002 0.642654
14655 0.930998 0.642648
14656 0.930981 0.642636
14657 0.930966 0.642641
14658 0.930952 0.64266
14659 0.93094 0.642694
14660 0.930928 0.642739
14661 0.930918 0.642796
14662 0.930922 0.642855
14663 0.930913 0.642901
14664 0.930904 0.642926
14665 0.930896 0.642933
14666 0.930903 0.642947
14667 0.930923 0.642968
14668 0.930954 0.642994
14669 0.930995 0.643026
14670 0.931046 0.643063
14671 0.931105 0.643104
14672 0.931145 0.643133
14673 0.931167 0.643151
14674 0.931174 0.64316
14675 0.931166 0.643175
14676 0.931145 0.643197
14677 0.931113 0.643225
14678 0.931071 0.643257
14679 0.931033 0.643271
14680 0.931012 0.643291
14681 0.931007 0.643317
14682 0.931016 0.643349
14683 0.931037 0.643385
14684 0.93107 0.643425
14685 0.9311 0.643446
14686 0.931127 0.643449
14687 0.931151 0.643436
14688 0.931173 0.643409
14689 0.93118 0.643392
14690 0.931172 0.643369
14691 0.931151 0.64334
14692 0.931132 0.64333
14693 0.931116 0.643306
14694 0.931101 0.643299
14695 0.931087 0.643278
14696 0.931075 0.643274
14697 0.931051 0.643263
14698 0.931043 0.643261
14699 0.931049 0.643267
14700 0.931068 0.64328
14701 0.931099 0.643299
14702 0.931113 0.643309
14703 0.931112 0.64331
14704 0.931097 0.643304
14705 0.931084 0.643313
14706 0.931073 0.643337
14707 0.931062 0.643375
14708 0.931052 0.643425
14709 0.931044 0.643453
14710 0.931036 0.643495
14711 0.931029 0.643548
14712 0.931023 0.643581
14713 0.931018 0.643594
14714 0.931013 0.643622
14715 0.931009 0.643662
14716 0.930991 0.643691
14717 0.930976 0.643732
14718 0.930948 0.643762
14719 0.930909 0.643781
14720 0.930875 0.643782
14721 0.930844 0.643767
14722 0.930816 0.643739
14723 0.930791 0.643697
14724 0.930768 0.643675
14725 0.930748 0.64364
14726 0.93073 0.643593
14727 0.930713 0.643534
14728 0.930699 0.643498
14729 0.930685 0.643449
14730 0.930673 0.64342
14731 0.930662 0.643411
14732 0.930653 0.643386
14733 0.930644 0.643349
14734 0.930636 0.643299
14735 0.930629 0.64327
14736 0.930622 0.64326
14737 0.930616 0.643235
14738 0.930611 0.643196
14739 0.930606 0.643146
14740 0.930602 0.643117
14741 0.930598 0.643106
14742 0.930594 0.643081
14743 0.930591 0.643073
14744 0.930587 0.643083
14745 0.930584 0.643075
14746 0.930582 0.643084
14747 0.930579 0.643108
14748 0.930576 0.643145
14749 0.930574 0.643163
14750 0.930572 0.643163
14751 0.93057 0.643148
14752 0.930569 0.643118
14753 0.930567 0.643076
14754 0.93058 0.643046
14755 0.930604 0.643027
14756 0.93064 0.643017
14757 0.930686 0.643017
14758 0.930727 0.643032
14759 0.930763 0.643061
14760 0.930796 0.643103
14761 0.930826 0.643157
14762 0.930853 0.643221
14763 0.930877 0.643294
14764 0.930898 0.643376
14765 0.930917 0.643434
14766 0.930935 0.64347
14767 0.930937 0.643495
14768 0.930939 0.643533
14769 0.930927 0.64356
14770 0.93093 0.643591
14771 0.930946 0.643628
14772 0.930947 0.643653
14773 0.930934 0.643668
14774 0.930936 0.643689
14775 0.930951 0.643716
14776 0.930978 0.643749
14777 0.931016 0.643786
14778 0.931064 0.643827
14779 0.931094 0.643856
14780 0.931106 0.643875
14781 0.931104 0.643884
14782 0.931089 0.643884
14783 0.931061 0.643877
14784 0.93105 0.643878
14785 0.931053 0.643887
14786 0.93107 0.643903
14787 0.931071 0.64391
14788 0.931059 0.643908
14789 0.931048 0.64389
14790 0.931038 0.643859
14791 0.931029 0.643815
14792 0.931034 0.643784
14793 0.931053 0.643763
14794 0.931083 0.643752
14795 0.93111 0.643759
14796 0.931135 0.64378
14797 0.931143 0.643807
14798 0.931151 0.643815
14799 0.931158 0.643807
14800 0.931164 0.643784
14801 0.931156 0.643756
14802 0.931135 0.643722
14803 0.931117 0.643677
14804 0.9311 0.64362
14805 0.931085 0.643553
14806 0.931072 0.643477
14807 0.93106 0.643393
14808 0.931049 0.643301
14809 0.931053 0.643227
14810 0.931057 0.643144
14811 0.931074 0.643077
14812 0.931089 0.643002
14813 0.931116 0.642941
14814 0.931127 0.642894
14815 0.931124 0.64286
14816 0.931107 0.642837
14817 0.931078 0.642824
14818 0.931038 0.64282
14819 0.931003 0.642801
14820 0.930971 0.642768
14821 0.930956 0.642746
14822 0.930942 0.642742
14823 0.93093 0.642754
14824 0.930905 0.642757
14825 0.930869 0.642752
14826 0.930823 0.64274
14827 0.930768 0.642721
14828 0.930733 0.642712
14829 0.930687 0.642696
14830 0.930659 0.642689
14831 0.930634 0.642667
14832 0.930612 0.642632
14833 0.930592 0.642584
14834 0.930574 0.642526
14835 0.930571 0.642481
14836 0.930583 0.642448
14837 0.930607 0.642426
14838 0.930642 0.642414
14839 0.930687 0.642411
14840 0.930742 0.642415
14841 0.930805 0.642427
14842 0.930876 0.642445
14843 0.930926 0.642453
14844 0.930957 0.642453
14845 0.930971 0.642445
14846 0.93097 0.642431
14847 0.930956 0.64241
14848 0.930956 0.642398
14849 0.930971 0.642396
14850 0.930998 0.642401
14851 0.931008 0.642398
14852 0.931004 0.642388
14853 0.930986 0.64237
14854 0.930957 0.642347
14855 0.930931 0.642311
14856 0.930907 0.642262
14857 0.930899 0.642226
14858 0.930893 0.642209
14859 0.930886 0.64221
14860 0.930895 0.642218
14861 0.930916 0.642232
14862 0.930949 0.642253
14863 0.930993 0.642279
14864 0.931046 0.642311
14865 0.931107 0.642346
14866 0.931176 0.642386
14867 0.931225 0.642413
14868 0.931255 0.642431
14869 0.931268 0.642438
14870 0.931267 0.642437
14871 0.931252 0.642429
14872 0.931252 0.642428
14873 0.931266 0.642435
14874 0.931293 0.642449
14875 0.93133 0.642469
14876 0.931378 0.642494
14877 0.931436 0.642525
14878 0.931473 0.642544
14879 0.931494 0.642553
14880 0.931498 0.642554
14881 0.931489 0.642546
14882 0.931467 0.642532
14883 0.931434 0.642511
14884 0.931418 0.642499
14885 0.93139 0.642497
14886 0.931351 0.642502
14887 0.931302 0.642515
14888 0.931245 0.642535
14889 0.93118 0.64256
14890 0.931108 0.642591
14891 0.931029 0.642627
14892 0.930973 0.642666
14893 0.930935 0.642709
14894 0.930902 0.642732
14895 0.930872 0.642737
14896 0.930858 0.642748
14897 0.93086 0.642766
14898 0.930875 0.64279
14899 0.930903 0.642819
14900 0.930942 0.642852
14901 0.93099 0.642889
14902 0.931021 0.642915
14903 0.931034 0.642931
14904 0.931033 0.642937
14905 0.931031 0.642927
14906 0.931017 0.64291
14907 0.931017 0.642902
14908 0.931032 0.642903
14909 0.931045 0.642887
14910 0.931056 0.642858
14911 0.931067 0.642816
14912 0.931063 0.642786
14913 0.931046 0.642767
14914 0.931017 0.642757
14915 0.930977 0.642756
14916 0.930941 0.64274
14917 0.930909 0.642709
14918 0.93088 0.642666
14919 0.930868 0.642635
14920 0.930871 0.642614
14921 0.930887 0.642603
14922 0.930902 0.642609
14923 0.930929 0.642621
14924 0.93094 0.64264
14925 0.930936 0.642665
14926 0.930918 0.642696
14927 0.930917 0.64273
14928 0.930929 0.642769
14929 0.930953 0.642811
14930 0.930989 0.642857
14931 0.931035 0.642906
14932 0.931091 0.642957
14933 0.931154 0.643011
14934 0.931225 0.643067
14935 0.931275 0.643109
14936 0.931307 0.64314
14937 0.931322 0.643159
14938 0.931322 0.643169
14939 0.931308 0.64317
14940 0.931281 0.643163
14941 0.931244 0.643164
14942 0.931197 0.643173
14943 0.931141 0.643189
14944 0.931105 0.643211
14945 0.931086 0.643239
14946 0.931055 0.643271
14947 0.931013 0.643308
14948 0.930976 0.643326
14949 0.930943 0.643326
14950 0.930927 0.643333
14951 0.930926 0.643348
14952 0.930925 0.643376
14953 0.930924 0.643418
14954 0.930924 0.643471
14955 0.930923 0.643503
14956 0.930923 0.643516
14957 0.930922 0.643512
14958 0.930922 0.643493
14959 0.930922 0.643491
14960 0.930922 0.643474
14961 0.930922 0.643443
14962 0.930922 0.6434
14963 0.930922 0.643376
14964 0.930908 0.643362
14965 0.930882 0.643358
14966 0.930845 0.643362
14967 0.930798 0.643373
14968 0.930742 0.64339
14969 0.930706 0.643413
14970 0.930673 0.64345
14971 0.930657 0.64349
14972 0.930643 0.643542
14973 0.930644 0.643597
14974 0.930644 0.64363
14975 0.930645 0.643644
14976 0.930645 0.643673
14977 0.930646 0.643683
14978 0.93066 0.643699
14979 0.930686 0.643722
14980 0.930724 0.643749
14981 0.930772 0.643782
14982 0.930828 0.643818
14983 0.930893 0.643859
14984 0.930951 0.64388
14985 0.93099 0.643891
14986 0.931011 0.643893
14987 0.931017 0.643887
14988 0.931008 0.643874
14989 0.930986 0.643855
14990 0.930952 0.64383
14991 0.930909 0.6438
14992 0.930883 0.64378
14993 0.930874 0.64377
14994 0.930879 0.643768
14995 0.930871 0.643759
14996 0.930877 0.643758
14997 0.930882 0.643741
14998 0.930887 0.643711
14999 0.930892 0.643668
15000 0.930909 0.643636
