14000 0.985 0.546662
14001 0.985 0.546653
14002 0.985 0.546657
14003 0.985 0.546672
14004 0.985 0.546699
14005 0.985 0.546734
14006 0.985 0.546779
14007 0.985 0.546803
14008 0.985 0.546837
14009 0.985 0.54688
14010 0.985 0.546903
14011 0.985 0.546909
14012 0.985 0.546898
14013 0.985 0.5469
14014 0.985 0.546914
14015 0.985 0.546912
14016 0.985 0.546894
14017 0.985 0.546862
14018 0.985 0.546845
14019 0.985 0.546843
14020 0.985 0.546825
14021 0.985 0.546793
14022 0.985 0.546749
14023 0.985 0.546694
14024 0.985 0.546628
14025 0.985 0.546554
14026 0.985 0.546499
14027 0.985 0.546462
14028 0.985 0.546441
14029 0.985 0.546434
14030 0.985 0.54644
14031 0.985 0.546458
14032 0.985 0.546487
14033 0.985 0.546497
14034 0.985 0.54649
14035 0.985 0.546496
14036 0.985 0.546514
14037 0.985 0.546515
14038 0.985 0.5465
14039 0.985 0.546471
14040 0.985 0.546457
14041 0.985 0.546456
14042 0.985 0.546468
14043 0.985 0.546491
14044 0.985 0.546524
14045 0.985 0.546539
14046 0.985 0.546536
14047 0.985 0.546518
14048 0.985 0.546486
14049 0.985 0.546441
14050 0.985 0.546386
14051 0.985 0.546348
14052 0.985 0.546326
14053 0.985 0.546319
14054 0.985 0.546297
14055 0.985 0.546289
14056 0.985 0.546295
14057 0.985 0.546312
14058 0.985 0.54634
14059 0.985 0.546377
14060 0.985 0.546423
14061 0.985 0.546477
14062 0.985 0.546538
14063 0.985 0.546605
14064 0.985 0.546678
14065 0.985 0.546755
14066 0.985 0.546838
14067 0.985 0.546924
14068 0.985 0.547015
14069 0.985 0.547109
14070 0.985 0.547206
14071 0.985 0.547305
14072 0.985 0.547407
14073 0.985 0.547512
14074 0.985 0.547618
14075 0.985 0.547726
14076 0.985 0.547836
14077 0.985 0.547947
14078 0.985 0.54804
14079 0.985 0.548116
14080 0.985 0.548176
14081 0.985 0.548223
14082 0.985 0.548258
14083 0.985 0.548282
14084 0.985 0.548296
14085 0.985 0.5483
14086 0.985 0.548317
14087 0.985 0.548345
14088 0.985 0.548382
14089 0.985 0.5484
14090 0.985 0.548429
14091 0.985 0.548467
14092 0.985 0.548485
14093 0.985 0.548487
14094 0.985 0.548472
14095 0.985 0.548443
14096 0.985 0.548402
14097 0.985 0.548349
14098 0.985 0.548285
14099 0.985 0.548241
14100 0.985 0.548213
14101 0.985 0.548201
14102 0.985 0.548174
14103 0.985 0.548134
14104 0.985 0.548082
14105 0.985 0.54802
14106 0.985 0.547948
14107 0.985 0.547897
14108 0.985 0.547862
14109 0.985 0.547844
14110 0.985 0.54784
14111 0.985 0.547848
14112 0.985 0.547869
14113 0.985 0.547899
14114 0.985 0.54794
14115 0.985 0.547988
14116 0.985 0.548044
14117 0.985 0.548087
14118 0.985 0.548119
14119 0.985 0.548139
14120 0.985 0.54815
14121 0.985 0.548152
14122 0.985 0.548147
14123 0.985 0.548154
14124 0.985 0.548174
14125 0.985 0.548204
14126 0.985 0.548215
14127 0.985 0.548209
14128 0.985 0.548189
14129 0.985 0.548155
14130 0.985 0.548109
14131 0.985 0.548051
14132 0.985 0.547984
14133 0.985 0.547908
14134 0.985 0.547824
14135 0.985 0.547733
14136 0.985 0.547663
14137 0.985 0.547613
14138 0.985 0.547581
14139 0.985 0.547564
14140 0.985 0.547562
14141 0.985 0.547572
14142 0.985 0.547594
14143 0.985 0.547598
14144 0.985 0.547586
14145 0.985 0.54756
14146 0.985 0.54752
14147 0.985 0.547469
14148 0.985 0.547408
14149 0.985 0.547337
14150 0.985 0.547285
14151 0.985 0.547251
14152 0.985 0.547205
14153 0.985 0.547148
14154 0.985 0.547081
14155 0.985 0.547034
14156 0.985 0.547003
14157 0.985 0.546988
14158 0.985 0.546987
14159 0.985 0.546999
14160 0.985 0.547022
14161 0.985 0.547055
14162 0.985 0.547097
14163 0.985 0.547148
14164 0.985 0.547206
14165 0.985 0.54725
14166 0.985 0.547283
14167 0.985 0.547304
14168 0.985 0.547315
14169 0.985 0.547318
14170 0.985 0.547333
14171 0.985 0.547358
14172 0.985 0.547394
14173 0.985 0.547438
14174 0.985 0.547491
14175 0.985 0.547551
14176 0.985 0.547617
14177 0.985 0.547661
14178 0.985 0.547685
14179 0.985 0.547719
14180 0.985 0.547762
14181 0.985 0.547813
14182 0.985 0.547844
14183 0.985 0.547855
14184 0.985 0.54785
14185 0.985 0.54783
14186 0.985 0.547797
14187 0.985 0.547779
14188 0.985 0.547775
14189 0.985 0.547784
14190 0.985 0.547804
14191 0.985 0.547835
14192 0.985 0.547875
14193 0.985 0.547895
14194 0.985 0.547898
14195 0.985 0.547885
14196 0.985 0.547857
14197 0.985 0.547817
14198 0.985 0.547793
14199 0.985 0.547783
14200 0.985 0.547787
14201 0.985 0.547803
14202 0.985 0.54783
14203 0.985 0.547866
14204 0.985 0.547911
14205 0.985 0.547935
14206 0.985 0.54797
14207 0.985 0.548014
14208 0.985 0.548065
14209 0.985 0.548124
14210 0.985 0.548169
14211 0.985 0.548202
14212 0.985 0.548224
14213 0.985 0.548236
14214 0.985 0.548239
14215 0.985 0.548234
14216 0.985 0.548221
14217 0.985 0.548195
14218 0.985 0.548183
14219 0.985 0.548157
14220 0.985 0.548118
14221 0.985 0.548067
14222 0.985 0.548005
14223 0.985 0.547935
14224 0.985 0.547883
14225 0.985 0.547849
14226 0.985 0.547832
14227 0.985 0.547828
14228 0.985 0.547837
14229 0.985 0.547858
14230 0.985 0.547889
14231 0.985 0.547901
14232 0.985 0.547897
14233 0.985 0.547877
14234 0.985 0.547844
14235 0.985 0.547798
14236 0.985 0.54777
14237 0.985 0.547757
14238 0.985 0.547757
14239 0.985 0.54777
14240 0.985 0.547794
14241 0.985 0.547829
14242 0.985 0.547872
14243 0.985 0.547924
14244 0.985 0.547954
14245 0.985 0.547974
14246 0.985 0.547984
14247 0.985 0.547986
14248 0.985 0.547979
14249 0.985 0.547986
14250 0.985 0.548004
14251 0.985 0.548033
14252 0.985 0.548044
14253 0.985 0.548038
14254 0.985 0.548017
14255 0.985 0.547982
14256 0.985 0.547935
14257 0.985 0.547878
14258 0.985 0.54781
14259 0.985 0.547762
14260 0.985 0.547731
14261 0.985 0.547715
14262 0.985 0.547714
14263 0.985 0.547725
14264 0.985 0.547748
14265 0.985 0.547781
14266 0.985 0.547822
14267 0.985 0.547873
14268 0.985 0.54793
14269 0.985 0.547994
14270 0.985 0.548064
14271 0.985 0.548112
14272 0.985 0.548139
14273 0.985 0.548148
14274 0.985 0.54814
14275 0.985 0.548146
14276 0.985 0.548163
14277 0.985 0.548191
14278 0.985 0.5482
14279 0.985 0.548221
14280 0.985 0.548252
14281 0.985 0.548264
14282 0.985 0.54826
14283 0.985 0.548268
14284 0.985 0.548288
14285 0.985 0.548318
14286 0.985 0.548357
14287 0.985 0.548405
14288 0.985 0.548461
14289 0.985 0.548503
14290 0.985 0.548525
14291 0.985 0.54853
14292 0.985 0.548518
14293 0.985 0.548492
14294 0.985 0.548481
14295 0.985 0.548484
14296 0.985 0.548499
14297 0.985 0.548525
14298 0.985 0.54856
14299 0.985 0.548605
14300 0.985 0.548658
14301 0.985 0.54869
14302 0.985 0.548703
14303 0.985 0.548699
14304 0.985 0.548679
14305 0.985 0.548647
14306 0.985 0.548601
14307 0.985 0.548545
14308 0.985 0.548478
14309 0.985 0.548431
14310 0.985 0.548401
14311 0.985 0.548387
14312 0.985 0.548387
14313 0.985 0.548399
14314 0.985 0.548395
14315 0.985 0.548403
14316 0.985 0.548424
14317 0.985 0.548427
14318 0.985 0.548442
14319 0.985 0.548468
14320 0.985 0.548505
14321 0.985 0.54855
14322 0.985 0.548603
14323 0.985 0.548664
14324 0.985 0.548703
14325 0.985 0.548751
14326 0.985 0.548807
14327 0.985 0.54887
14328 0.985 0.54894
14329 0.985 0.549015
14330 0.985 0.549095
14331 0.985 0.549152
14332 0.985 0.549188
14333 0.985 0.549204
14334 0.985 0.549203
14335 0.985 0.549187
14336 0.985 0.549156
14337 0.985 0.549113
14338 0.985 0.549087
14339 0.985 0.549077
14340 0.985 0.54908
14341 0.985 0.549096
14342 0.985 0.549123
14343 0.985 0.54916
14344 0.985 0.549178
14345 0.985 0.549178
14346 0.985 0.549163
14347 0.985 0.549133
14348 0.985 0.549119
14349 0.985 0.54912
14350 0.985 0.549133
14351 0.985 0.549157
14352 0.985 0.549192
14353 0.985 0.549208
14354 0.985 0.549206
14355 0.985 0.549217
14356 0.985 0.54924
14357 0.985 0.549274
14358 0.985 0.549317
14359 0.985 0.549368
14360 0.985 0.549398
14361 0.985 0.549438
14362 0.985 0.549487
14363 0.985 0.549516
14364 0.985 0.549554
14365 0.985 0.549601
14366 0.985 0.549656
14367 0.985 0.549719
14368 0.985 0.549788
14369 0.985 0.549863
14370 0.985 0.549943
14371 0.985 0.55
14372 0.985 0.550035
14373 0.985 0.550051
14374 0.985 0.55005
14375 0.985 0.550034
14376 0.985 0.550003
14377 0.985 0.549988
14378 0.985 0.54996
14379 0.985 0.549918
14380 0.985 0.549865
14381 0.985 0.549801
14382 0.985 0.549729
14383 0.985 0.549648
14384 0.985 0.549559
14385 0.985 0.549463
14386 0.985 0.54939
14387 0.985 0.549337
14388 0.985 0.549303
14389 0.985 0.549256
14390 0.985 0.549198
14391 0.985 0.54913
14392 0.985 0.549053
14393 0.985 0.548968
14394 0.985 0.548877
14395 0.985 0.548807
14396 0.985 0.548756
14397 0.985 0.548724
14398 0.985 0.548679
14399 0.985 0.548651
14400 0.985 0.548639
14401 0.985 0.548641
14402 0.985 0.548655
14403 0.985 0.548681
14404 0.985 0.548717
14405 0.985 0.548761
14406 0.985 0.548814
14407 0.985 0.548875
14408 0.985 0.548913
14409 0.985 0.548932
14410 0.985 0.548934
14411 0.985 0.54892
14412 0.985 0.548891
14413 0.985 0.54885
14414 0.985 0.548797
14415 0.985 0.548762
14416 0.985 0.548743
14417 0.985 0.548739
14418 0.985 0.548747
14419 0.985 0.548768
14420 0.985 0.548799
14421 0.985 0.548839
14422 0.985 0.548888
14423 0.985 0.548917
14424 0.985 0.548927
14425 0.985 0.54892
14426 0.985 0.548898
14427 0.985 0.548863
14428 0.985 0.548816
14429 0.985 0.548758
14430 0.985 0.548719
14431 0.985 0.548696
14432 0.985 0.548688
14433 0.985 0.548665
14434 0.985 0.548628
14435 0.985 0.54858
14436 0.985 0.548549
14437 0.985 0.548534
14438 0.985 0.548505
14439 0.985 0.548491
14440 0.985 0.548463
14441 0.985 0.548422
14442 0.985 0.548398
14443 0.985 0.548389
14444 0.985 0.548394
14445 0.985 0.548382
14446 0.985 0.548356
14447 0.985 0.548317
14448 0.985 0.548295
14449 0.985 0.548287
14450 0.985 0.548293
14451 0.985 0.548311
14452 0.985 0.548339
14453 0.985 0.548378
14454 0.985 0.548425
14455 0.985 0.548481
14456 0.985 0.548543
14457 0.985 0.548612
14458 0.985 0.548658
14459 0.985 0.548684
14460 0.985 0.548692
14461 0.985 0.548683
14462 0.985 0.548688
14463 0.985 0.548705
14464 0.985 0.548734
14465 0.985 0.548772
14466 0.985 0.548819
14467 0.985 0.548874
14468 0.985 0.548936
14469 0.985 0.549005
14470 0.985 0.549079
14471 0.985 0.549139
14472 0.985 0.549184
14473 0.985 0.549217
14474 0.985 0.549239
14475 0.985 0.549251
14476 0.985 0.549253
14477 0.985 0.549269
14478 0.985 0.549295
14479 0.985 0.549332
14480 0.985 0.549378
14481 0.985 0.549432
14482 0.985 0.549493
14483 0.985 0.549562
14484 0.985 0.549607
14485 0.985 0.549633
14486 0.985 0.54964
14487 0.985 0.549632
14488 0.985 0.549608
14489 0.985 0.549599
14490 0.985 0.549605
14491 0.985 0.549594
14492 0.985 0.549568
14493 0.985 0.54953
14494 0.985 0.549479
14495 0.985 0.549418
14496 0.985 0.549347
14497 0.985 0.549268
14498 0.985 0.549181
14499 0.985 0.549087
14500 0.985 0.548987
14501 0.985 0.548881
14502 0.985 0.548798
14503 0.985 0.548737
14504 0.985 0.548694
14505 0.985 0.548669
14506 0.985 0.548659
14507 0.985 0.548662
14508 0.985 0.548678
14509 0.985 0.548706
14510 0.985 0.548743
14511 0.985 0.548761
14512 0.985 0.548762
14513 0.985 0.548747
14514 0.985 0.548746
14515 0.985 0.548758
14516 0.985 0.548781
14517 0.985 0.548815
14518 0.985 0.548859
14519 0.985 0.548911
14520 0.985 0.54897
14521 0.985 0.549037
14522 0.985 0.549109
14523 0.985 0.549188
14524 0.985 0.549271
14525 0.985 0.549359
14526 0.985 0.549422
14527 0.985 0.549463
14528 0.985 0.549513
14529 0.985 0.549571
14530 0.985 0.549635
14531 0.985 0.549706
14532 0.985 0.549783
14533 0.985 0.549865
14534 0.985 0.549923
14535 0.985 0.549959
14536 0.985 0.549976
14537 0.985 0.549976
14538 0.985 0.549989
14539 0.985 0.550013
14540 0.985 0.550019
14541 0.985 0.550009
14542 0.985 0.550012
14543 0.985 0.55
14544 0.985 0.549973
14545 0.985 0.549933
14546 0.985 0.549881
14547 0.985 0.549819
14548 0.985 0.549747
14549 0.985 0.549667
14550 0.985 0.54958
14551 0.985 0.549485
14552 0.985 0.549384
14553 0.985 0.549306
14554 0.985 0.549249
14555 0.985 0.549181
14556 0.985 0.549105
14557 0.985 0.54902
14558 0.985 0.548929
14559 0.985 0.548859
14560 0.985 0.548809
14561 0.985 0.548748
14562 0.985 0.548678
14563 0.985 0.548599
14564 0.985 0.548512
14565 0.985 0.548446
14566 0.985 0.5484
14567 0.985 0.548371
14568 0.985 0.548358
14569 0.985 0.548358
14570 0.985 0.548371
14571 0.985 0.548395
14572 0.985 0.54843
14573 0.985 0.548446
14574 0.985 0.548444
14575 0.985 0.548455
14576 0.985 0.548478
14577 0.985 0.548511
14578 0.985 0.548553
14579 0.985 0.548604
14580 0.985 0.548663
14581 0.985 0.5487
14582 0.985 0.548717
14583 0.985 0.548746
14584 0.985 0.548784
14585 0.985 0.548831
14586 0.985 0.548886
14587 0.985 0.548949
14588 0.985 0.549017
14589 0.985 0.549092
14590 0.985 0.549143
14591 0.985 0.549202
14592 0.985 0.549268
14593 0.985 0.54934
14594 0.985 0.549417
14595 0.985 0.549499
14596 0.985 0.549557
14597 0.985 0.549623
14598 0.985 0.549694
14599 0.985 0.549771
14600 0.985 0.549825
14601 0.985 0.549857
14602 0.985 0.549871
14603 0.985 0.549867
14604 0.985 0.549849
14605 0.985 0.549845
14606 0.985 0.549854
14607 0.985 0.549875
14608 0.985 0.549906
14609 0.985 0.549927
14610 0.985 0.549938
14611 0.985 0.54994
14612 0.985 0.549933
14613 0.985 0.54992
14614 0.985 0.5499
14615 0.985 0.549875
14616 0.985 0.549844
14617 0.985 0.549829
14618 0.985 0.549829
14619 0.985 0.54982
14620 0.985 0.549805
14621 0.985 0.549783
14622 0.985 0.549756
14623 0.985 0.549724
14624 0.985 0.549707
14625 0.985 0.549685
14626 0.985 0.549677
14627 0.985 0.549684
14628 0.985 0.549674
14629 0.985 0.549649
14630 0.985 0.549611
14631 0.985 0.549561
14632 0.985 0.5495
14633 0.985 0.54943
14634 0.985 0.549351
14635 0.985 0.549264
14636 0.985 0.54917
14637 0.985 0.54907
14638 0.985 0.548964
14639 0.985 0.548853
14640 0.985 0.548737
14641 0.985 0.548646
14642 0.985 0.548577
14643 0.985 0.548527
14644 0.985 0.548495
14645 0.985 0.548479
14646 0.985 0.548477
14647 0.985 0.548488
14648 0.985 0.548511
14649 0.985 0.548544
14650 0.985 0.548586
14651 0.985 0.548637
14652 0.985 0.548696
14653 0.985 0.548762
14654 0.985 0.548833
14655 0.985 0.548882
14656 0.985 0.548911
14657 0.985 0.548949
14658 0.985 0.548996
14659 0.985 0.549052
14660 0.985 0.549114
14661 0.985 0.549183
14662 0.985 0.549258
14663 0.985 0.549318
14664 0.985 0.549363
14665 0.985 0.549397
14666 0.985 0.549419
14667 0.985 0.549431
14668 0.985 0.549434
14669 0.985 0.549428
14670 0.985 0.549416
14671 0.985 0.549397
14672 0.985 0.549392
14673 0.985 0.549401
14674 0.985 0.549422
14675 0.985 0.549453
14676 0.985 0.549474
14677 0.985 0.549484
14678 0.985 0.549486
14679 0.985 0.549479
14680 0.985 0.549486
14681 0.985 0.549506
14682 0.985 0.549536
14683 0.985 0.549576
14684 0.985 0.549625
14685 0.985 0.549682
14686 0.985 0.549746
14687 0.985 0.549816
14688 0.985 0.549893
14689 0.985 0.549974
14690 0.985 0.55004
14691 0.985 0.550083
14692 0.985 0.550107
14693 0.985 0.550112
14694 0.985 0.550101
14695 0.985 0.550075
14696 0.985 0.550036
14697 0.985 0.549986
14698 0.985 0.549924
14699 0.985 0.549853
14700 0.985 0.549803
14701 0.985 0.549769
14702 0.985 0.549753
14703 0.985 0.549722
14704 0.985 0.549678
14705 0.985 0.549652
14706 0.985 0.549641
14707 0.985 0.549644
14708 0.985 0.549659
14709 0.985 0.549686
14710 0.985 0.549723
14711 0.985 0.549769
14712 0.985 0.549824
14713 0.985 0.549886
14714 0.985 0.549954
14715 0.985 0.550029
14716 0.985 0.550109
14717 0.985 0.550194
14718 0.985 0.550284
14719 0.985 0.550377
14720 0.985 0.550474
14721 0.985 0.550545
14722 0.985 0.550594
14723 0.985 0.550622
14724 0.985 0.550632
14725 0.985 0.550625
14726 0.985 0.550603
14727 0.985 0.550567
14728 0.985 0.550519
14729 0.985 0.550461
14730 0.985 0.550392
14731 0.985 0.550315
14732 0.985 0.550229
14733 0.985 0.550137
14734 0.985 0.550066
14735 0.985 0.550016
14736 0.985 0.549983
14737 0.985 0.549966
14738 0.985 0.549964
14739 0.985 0.549954
14740 0.985 0.549938
14741 0.985 0.549915
14742 0.985 0.549887
14743 0.985 0.549853
14744 0.985 0.549836
14745 0.985 0.549833
14746 0.985 0.549843
14747 0.985 0.549865
14748 0.985 0.549898
14749 0.985 0.549912
14750 0.985 0.549908
14751 0.985 0.549889
14752 0.985 0.549856
14753 0.985 0.549811
14754 0.985 0.549755
14755 0.985 0.549717
14756 0.985 0.549695
14757 0.985 0.549688
14758 0.985 0.549667
14759 0.985 0.549631
14760 0.985 0.549612
14761 0.985 0.549608
14762 0.985 0.549617
14763 0.985 0.549637
14764 0.985 0.549669
14765 0.985 0.549709
14766 0.985 0.549759
14767 0.985 0.549816
14768 0.985 0.54988
14769 0.985 0.549951
14770 0.985 0.549999
14771 0.985 0.550026
14772 0.985 0.550064
14773 0.985 0.55011
14774 0.985 0.550144
14775 0.985 0.550167
14776 0.985 0.550179
14777 0.985 0.550182
14778 0.985 0.550178
14779 0.985 0.550165
14780 0.985 0.550147
14781 0.985 0.550122
14782 0.985 0.550112
14783 0.985 0.550116
14784 0.985 0.550133
14785 0.985 0.550161
14786 0.985 0.550198
14787 0.985 0.550245
14788 0.985 0.5503
14789 0.985 0.550362
14790 0.985 0.55043
14791 0.985 0.550505
14792 0.985 0.550556
14793 0.985 0.550586
14794 0.985 0.550598
14795 0.985 0.550593
14796 0.985 0.55058
14797 0.985 0.550561
14798 0.985 0.550557
14799 0.985 0.550566
14800 0.985 0.550586
14801 0.985 0.550618
14802 0.985 0.55063
14803 0.985 0.550625
14804 0.985 0.550606
14805 0.985 0.550572
14806 0.985 0.550526
14807 0.985 0.550469
14808 0.985 0.550402
14809 0.985 0.550326
14810 0.985 0.550241
14811 0.985 0.55015
14812 0.985 0.55008
14813 0.985 0.550009
14814 0.985 0.549938
14815 0.985 0.549866
14816 0.985 0.549793
14817 0.985 0.54972
14818 0.985 0.549647
14819 0.985 0.549573
14820 0.985 0.549498
14821 0.985 0.549423
14822 0.985 0.549368
14823 0.985 0.549303
14824 0.985 0.549229
14825 0.985 0.549147
14826 0.985 0.549057
14827 0.985 0.54896
14828 0.985 0.548857
14829 0.985 0.548749
14830 0.985 0.548636
14831 0.985 0.548519
14832 0.985 0.548398
14833 0.985 0.548301
14834 0.985 0.548227
14835 0.985 0.548172
14836 0.985 0.548136
14837 0.985 0.548115
14838 0.985 0.548109
14839 0.985 0.548116
14840 0.985 0.548135
14841 0.985 0.548165
14842 0.985 0.548176
14843 0.985 0.54817
14844 0.985 0.548149
14845 0.985 0.548115
14846 0.985 0.548068
14847 0.985 0.548011
14848 0.985 0.547943
14849 0.985 0.547895
14850 0.985 0.547864
14851 0.985 0.547849
14852 0.985 0.547848
14853 0.985 0.54786
14854 0.985 0.547883
14855 0.985 0.547917
14856 0.985 0.54796
14857 0.985 0.548011
14858 0.985 0.54807
14859 0.985 0.548135
14860 0.985 0.548207
14861 0.985 0.548284
14862 0.985 0.548366
14863 0.985 0.548452
14864 0.985 0.548543
14865 0.985 0.548609
14866 0.985 0.548652
14867 0.985 0.548676
14868 0.985 0.548681
14869 0.985 0.548671
14870 0.985 0.548645
14871 0.985 0.548607
14872 0.985 0.548585
14873 0.985 0.548578
14874 0.985 0.548585
14875 0.985 0.548603
14876 0.985 0.548632
14877 0.985 0.548671
14878 0.985 0.548719
14879 0.985 0.548775
14880 0.985 0.548837
14881 0.985 0.548907
14882 0.985 0.548982
14883 0.985 0.549062
14884 0.985 0.549118
14885 0.985 0.549153
14886 0.985 0.549169
14887 0.985 0.549168
14888 0.985 0.549151
14889 0.985 0.549148
14890 0.985 0.549159
14891 0.985 0.549181
14892 0.985 0.549213
14893 0.985 0.549255
14894 0.985 0.549305
14895 0.985 0.549343
14896 0.985 0.549361
14897 0.985 0.549362
14898 0.985 0.549347
14899 0.985 0.549317
14900 0.985 0.549304
14901 0.985 0.549304
14902 0.985 0.549317
14903 0.985 0.549341
14904 0.985 0.549375
14905 0.985 0.549419
14906 0.985 0.549471
14907 0.985 0.54953
14908 0.985 0.549596
14909 0.985 0.549668
14910 0.985 0.549717
14911 0.985 0.549746
14912 0.985 0.549756
14913 0.985 0.549777
14914 0.985 0.549809
14915 0.985 0.549851
14916 0.985 0.549901
14917 0.985 0.549931
14918 0.985 0.549942
14919 0.985 0.549936
14920 0.985 0.549915
14921 0.985 0.54988
14922 0.985 0.549833
14923 0.985 0.549775
14924 0.985 0.549736
14925 0.985 0.549713
14926 0.985 0.549685
14927 0.985 0.549652
14928 0.985 0.549635
14929 0.985 0.549632
14930 0.985 0.549643
14931 0.985 0.549665
14932 0.985 0.549697
14933 0.985 0.549739
14934 0.985 0.54979
14935 0.985 0.549848
14936 0.985 0.549914
14937 0.985 0.549985
14938 0.985 0.550062
14939 0.985 0.550116
14940 0.985 0.550149
14941 0.985 0.550163
14942 0.985 0.550159
14943 0.985 0.55014
14944 0.985 0.550136
14945 0.985 0.550145
14946 0.985 0.550166
14947 0.985 0.550198
14948 0.985 0.550239
14949 0.985 0.550261
14950 0.985 0.550264
14951 0.985 0.55026
14952 0.985 0.550248
14953 0.985 0.550229
14954 0.985 0.550225
14955 0.985 0.550235
14956 0.985 0.550255
14957 0.985 0.550287
14958 0.985 0.550328
14959 0.985 0.550378
14960 0.985 0.550414
14961 0.985 0.55044
14962 0.985 0.550455
14963 0.985 0.550481
14964 0.985 0.550497
14965 0.985 0.550503
14966 0.985 0.550502
14967 0.985 0.550492
14968 0.985 0.550476
14969 0.985 0.550474
14970 0.985 0.550485
14971 0.985 0.550508
14972 0.985 0.550541
14973 0.985 0.550555
14974 0.985 0.550552
14975 0.985 0.550533
14976 0.985 0.550501
14977 0.985 0.550456
14978 0.985 0.5504
14979 0.985 0.550334
14980 0.985 0.550287
14981 0.985 0.550258
14982 0.985 0.550244
14983 0.985 0.550244
14984 0.985 0.550229
14985 0.985 0.550199
14986 0.985 0.550157
14987 0.985 0.550103
14988 0.985 0.550039
14989 0.985 0.549994
14990 0.985 0.549966
14991 0.985 0.549954
14992 0.985 0.549955
14993 0.985 0.54997
14994 0.985 0.549995
14995 0.985 0.550031
14996 0.985 0.550047
14997 0.985 0.550047
14998 0.985 0.550058
14999 0.985 0.550082
15000 0.985 0.550116
