14000 0.747394 0.133098
14001 0.747379 0.13307
14002 0.747366 0.133029
14003 0.747355 0.132976
14004 0.747346 0.132914
14005 0.747338 0.132873
14006 0.747332 0.132851
14007 0.747328 0.132848
14008 0.747325 0.13286
14009 0.747323 0.132886
14010 0.747322 0.132895
14011 0.747321 0.132886
14012 0.747322 0.132864
14013 0.747323 0.132828
14014 0.747325 0.13278
14015 0.747328 0.132721
14016 0.747331 0.132652
14017 0.747335 0.132575
14018 0.747339 0.132521
14019 0.747343 0.132488
14020 0.747347 0.132474
14021 0.747352 0.132477
14022 0.747358 0.132495
14023 0.747363 0.132496
14024 0.747369 0.132482
14025 0.747374 0.132484
14026 0.74738 0.132501
14027 0.747387 0.132502
14028 0.747393 0.132486
14029 0.747399 0.132488
14030 0.747406 0.132474
14031 0.747413 0.132446
14032 0.747419 0.132405
14033 0.747426 0.132384
14034 0.747433 0.132349
14035 0.74744 0.132302
14036 0.747447 0.132276
14037 0.747454 0.132268
14038 0.747461 0.132276
14039 0.747469 0.132299
14040 0.747476 0.132335
14041 0.747483 0.132352
14042 0.747491 0.132352
14043 0.747498 0.132336
14044 0.747506 0.132337
14045 0.747513 0.132354
14046 0.747521 0.132385
14047 0.747528 0.132428
14048 0.747536 0.132451
14049 0.747544 0.132457
14050 0.747551 0.132446
14051 0.747559 0.132421
14052 0.747567 0.132414
14053 0.747575 0.132423
14054 0.747583 0.132416
14055 0.747591 0.132394
14056 0.747598 0.132358
14057 0.747606 0.132311
14058 0.747614 0.132252
14059 0.747622 0.132185
14060 0.74763 0.132139
14061 0.747638 0.132113
14062 0.747646 0.132106
14063 0.747654 0.132115
14064 0.747663 0.132139
14065 0.747671 0.132144
14066 0.747679 0.132134
14067 0.747687 0.13214
14068 0.747695 0.132161
14069 0.747704 0.132196
14070 0.747712 0.132211
14071 0.74772 0.13221
14072 0.747728 0.132193
14073 0.747737 0.132162
14074 0.747745 0.132118
14075 0.747753 0.132095
14076 0.747762 0.132089
14077 0.74777 0.1321
14078 0.747778 0.132125
14079 0.747787 0.132163
14080 0.747795 0.132213
14081 0.747803 0.132243
14082 0.747812 0.132254
14083 0.74782 0.132248
14084 0.747829 0.132227
14085 0.747837 0.132193
14086 0.747846 0.132146
14087 0.747854 0.132089
14088 0.747863 0.132021
14089 0.747871 0.131945
14090 0.74788 0.131892
14091 0.747889 0.131829
14092 0.747898 0.131756
14093 0.747906 0.131707
14094 0.747915 0.131677
14095 0.747924 0.131636
14096 0.747933 0.131614
14097 0.747941 0.131609
14098 0.74795 0.131621
14099 0.747959 0.131647
14100 0.747968 0.131655
14101 0.747976 0.131647
14102 0.747985 0.131624
14103 0.747994 0.131618
14104 0.748003 0.131598
14105 0.748011 0.131595
14106 0.74802 0.131608
14107 0.748029 0.131636
14108 0.748038 0.131676
14109 0.748047 0.131728
14110 0.748056 0.13179
14111 0.748065 0.131862
14112 0.748074 0.131911
14113 0.748083 0.131939
14114 0.748091 0.131981
14115 0.7481 0.132033
14116 0.748109 0.132096
14117 0.748118 0.132137
14118 0.748127 0.132159
14119 0.748136 0.132162
14120 0.748145 0.13215
14121 0.748154 0.132123
14122 0.748163 0.132084
14123 0.748172 0.132033
14124 0.748181 0.131971
14125 0.748189 0.1319
14126 0.748198 0.13182
14127 0.748207 0.131764
14128 0.748216 0.131698
14129 0.748225 0.131654
14130 0.748234 0.13163
14131 0.748243 0.131624
14132 0.748252 0.131603
14133 0.74826 0.1316
14134 0.748269 0.131613
14135 0.748278 0.13164
14136 0.748287 0.13168
14137 0.748296 0.131731
14138 0.748305 0.131793
14139 0.748314 0.131834
14140 0.748323 0.131854
14141 0.748332 0.131857
14142 0.748341 0.131844
14143 0.74835 0.131817
14144 0.74836 0.131777
14145 0.748369 0.131725
14146 0.748378 0.131694
14147 0.748387 0.131682
14148 0.748396 0.131686
14149 0.748405 0.131706
14150 0.748414 0.131708
14151 0.748424 0.131695
14152 0.748433 0.131667
14153 0.748442 0.131657
14154 0.748451 0.131664
14155 0.74846 0.131655
14156 0.748469 0.131631
14157 0.748479 0.131594
14158 0.748488 0.131545
14159 0.748498 0.131517
14160 0.748507 0.131507
14161 0.748516 0.131513
14162 0.748526 0.131504
14163 0.748535 0.131479
14164 0.748545 0.131442
14165 0.748554 0.131424
14166 0.748564 0.131423
14167 0.748574 0.131438
14168 0.748583 0.131467
14169 0.748593 0.131478
14170 0.748603 0.131472
14171 0.748613 0.131451
14172 0.748623 0.131447
14173 0.748632 0.13146
14174 0.748642 0.131487
14175 0.748652 0.131495
14176 0.748663 0.131488
14177 0.748673 0.131465
14178 0.748683 0.13146
14179 0.748693 0.131471
14180 0.748704 0.131497
14181 0.748714 0.131505
14182 0.748725 0.131496
14183 0.748735 0.131473
14184 0.748746 0.131467
14185 0.748757 0.131478
14186 0.748768 0.131503
14187 0.748778 0.131541
14188 0.748789 0.13156
14189 0.7488 0.131561
14190 0.748811 0.131547
14191 0.748822 0.131549
14192 0.748833 0.131567
14193 0.748845 0.131599
14194 0.748856 0.131612
14195 0.748867 0.131639
14196 0.748878 0.131648
14197 0.748889 0.131641
14198 0.748901 0.131649
14199 0.748912 0.131642
14200 0.748923 0.131619
14201 0.748935 0.131584
14202 0.748946 0.131567
14203 0.748957 0.131568
14204 0.748968 0.131553
14205 0.74898 0.131524
14206 0.748991 0.131482
14207 0.749002 0.131429
14208 0.749014 0.131365
14209 0.749025 0.131324
14210 0.749036 0.131302
14211 0.749047 0.131298
14212 0.749058 0.13131
14213 0.74907 0.131337
14214 0.749081 0.131376
14215 0.749092 0.131396
14216 0.749103 0.131398
14217 0.749114 0.131384
14218 0.749126 0.131388
14219 0.749137 0.131406
14220 0.749148 0.131439
14221 0.749159 0.131484
14222 0.74917 0.131508
14223 0.749182 0.131515
14224 0.749193 0.131505
14225 0.749204 0.131512
14226 0.749215 0.131534
14227 0.749227 0.131569
14228 0.749238 0.131585
14229 0.749249 0.131615
14230 0.74926 0.131658
14231 0.749271 0.131712
14232 0.749283 0.131745
14233 0.749294 0.131759
14234 0.749305 0.131756
14235 0.749317 0.131738
14236 0.749328 0.131738
14237 0.749339 0.131752
14238 0.749351 0.13175
14239 0.749362 0.131733
14240 0.749374 0.131702
14241 0.749385 0.131689
14242 0.749397 0.131662
14243 0.749408 0.131623
14244 0.74942 0.131571
14245 0.749432 0.131541
14246 0.749443 0.131529
14247 0.749455 0.131533
14248 0.749467 0.131522
14249 0.749478 0.131497
14250 0.74949 0.131489
14251 0.749502 0.131467
14252 0.749514 0.131431
14253 0.749526 0.131414
14254 0.749538 0.131415
14255 0.74955 0.1314
14256 0.749562 0.131402
14257 0.749574 0.13142
14258 0.749586 0.131451
14259 0.749598 0.131495
14260 0.74961 0.131519
14261 0.749622 0.131525
14262 0.749634 0.131514
14263 0.749646 0.131521
14264 0.749659 0.131542
14265 0.749671 0.131577
14266 0.749683 0.131592
14267 0.749696 0.131591
14268 0.749708 0.131574
14269 0.749721 0.131543
14270 0.749733 0.1315
14271 0.749746 0.131446
14272 0.749759 0.131381
14273 0.749772 0.131338
14274 0.749785 0.131316
14275 0.749797 0.131311
14276 0.74981 0.131322
14277 0.749823 0.131348
14278 0.749836 0.131386
14279 0.749849 0.131405
14280 0.749862 0.131407
14281 0.749875 0.131393
14282 0.749888 0.131365
14283 0.749901 0.131324
14284 0.749914 0.131271
14285 0.749927 0.131209
14286 0.74994 0.131137
14287 0.749953 0.131056
14288 0.749966 0.130999
14289 0.74998 0.130964
14290 0.749993 0.130916
14291 0.750006 0.130858
14292 0.750019 0.13079
14293 0.750033 0.130744
14294 0.750046 0.130719
14295 0.750059 0.130711
14296 0.750073 0.130689
14297 0.750086 0.130653
14298 0.7501 0.130637
14299 0.750113 0.130638
14300 0.750127 0.130654
14301 0.750141 0.130684
14302 0.750155 0.130696
14303 0.750168 0.13069
14304 0.750182 0.13067
14305 0.750196 0.130637
14306 0.75021 0.130622
14307 0.750224 0.130593
14308 0.750238 0.130551
14309 0.750253 0.130498
14310 0.750267 0.130435
14311 0.750281 0.130394
14312 0.750296 0.130372
14313 0.75031 0.130337
14314 0.750324 0.130321
14315 0.750339 0.130322
14316 0.750353 0.130339
14317 0.750368 0.13037
14318 0.750382 0.130413
14319 0.750397 0.130467
14320 0.750412 0.130531
14321 0.750426 0.130574
14322 0.750441 0.130596
14323 0.750456 0.130601
14324 0.750454 0.130605
14325 0.750437 0.130609
14326 0.750405 0.130611
14327 0.750378 0.130629
14328 0.750356 0.130661
14329 0.750337 0.130705
14330 0.750322 0.130761
14331 0.750309 0.130795
14332 0.7503 0.13081
14333 0.750293 0.130808
14334 0.750288 0.130791
14335 0.750285 0.13076
14336 0.750284 0.130747
14337 0.750285 0.13072
14338 0.750287 0.130681
14339 0.750291 0.130629
14340 0.750295 0.130568
14341 0.750301 0.130528
14342 0.750308 0.130507
14343 0.750315 0.130504
14344 0.750324 0.130518
14345 0.750333 0.130545
14346 0.750342 0.130554
14347 0.750352 0.130546
14348 0.750363 0.130524
14349 0.750374 0.130488
14350 0.750385 0.130441
14351 0.750397 0.130382
14352 0.750409 0.130314
14353 0.750421 0.130237
14354 0.750434 0.130183
14355 0.750447 0.13015
14356 0.75046 0.130136
14357 0.750474 0.130139
14358 0.750488 0.130158
14359 0.750502 0.13019
14360 0.750516 0.130234
14361 0.750531 0.130258
14362 0.750545 0.130265
14363 0.75056 0.130255
14364 0.750574 0.130231
14365 0.750589 0.130193
14366 0.750604 0.130144
14367 0.750618 0.130115
14368 0.750633 0.130104
14369 0.750648 0.130111
14370 0.750664 0.130101
14371 0.750679 0.130076
14372 0.750694 0.130038
14373 0.750709 0.129989
14374 0.750725 0.129929
14375 0.75074 0.129859
14376 0.750755 0.129812
14377 0.750771 0.129785
14378 0.750787 0.129776
14379 0.750802 0.129784
14380 0.750818 0.129807
14381 0.750834 0.129843
14382 0.750833 0.129874
14383 0.750816 0.129903
14384 0.750786 0.129928
14385 0.750742 0.12995
14386 0.750705 0.129955
14387 0.750673 0.129974
14388 0.750646 0.130008
14389 0.750623 0.130022
14390 0.750604 0.130019
14391 0.750589 0.130001
14392 0.750576 0.130001
14393 0.750567 0.130016
14394 0.75056 0.130045
14395 0.750556 0.130086
14396 0.750553 0.130108
14397 0.750553 0.130112
14398 0.750554 0.130132
14399 0.750556 0.130165
14400 0.75056 0.13021
14401 0.750565 0.130235
14402 0.750571 0.130242
14403 0.750578 0.130264
14404 0.750586 0.130299
14405 0.750595 0.130316
14406 0.750605 0.130315
14407 0.750615 0.130329
14408 0.750626 0.130358
14409 0.750637 0.130369
14410 0.750649 0.130362
14411 0.750661 0.130341
14412 0.750674 0.130307
14413 0.750687 0.13026
14414 0.7507 0.130202
14415 0.750714 0.130135
14416 0.750728 0.130058
14417 0.750742 0.130005
14418 0.750757 0.129973
14419 0.750771 0.12996
14420 0.750786 0.129963
14421 0.750801 0.129982
14422 0.750816 0.130014
14423 0.750831 0.130059
14424 0.750847 0.130084
14425 0.750862 0.130091
14426 0.750878 0.130081
14427 0.750894 0.130057
14428 0.75091 0.13002
14429 0.750926 0.130002
14430 0.750942 0.130001
14431 0.750958 0.130016
14432 0.750974 0.130045
14433 0.75099 0.130087
14434 0.751006 0.13014
14435 0.751023 0.130172
14436 0.751039 0.130186
14437 0.751056 0.130182
14438 0.751073 0.130164
14439 0.75109 0.130163
14440 0.751107 0.130177
14441 0.751124 0.130175
14442 0.751141 0.130157
14443 0.751159 0.130125
14444 0.751176 0.130112
14445 0.751193 0.130116
14446 0.751211 0.130135
14447 0.751228 0.130168
14448 0.751245 0.130182
14449 0.751245 0.130194
14450 0.75123 0.130205
14451 0.751217 0.1302
14452 0.751208 0.130179
14453 0.751202 0.130145
14454 0.751198 0.130098
14455 0.751196 0.130041
14456 0.751196 0.129974
14457 0.751198 0.129929
14458 0.751202 0.129904
14459 0.751207 0.129866
14460 0.751213 0.129817
14461 0.75122 0.129788
14462 0.751229 0.129777
14463 0.751238 0.129783
14464 0.751248 0.129773
14465 0.751259 0.129748
14466 0.75127 0.12971
14467 0.751283 0.129692
14468 0.751295 0.12966
14469 0.751309 0.129615
14470 0.751323 0.12956
14471 0.751337 0.129494
14472 0.751352 0.129419
14473 0.751367 0.129368
14474 0.751382 0.129337
14475 0.751398 0.129325
14476 0.751414 0.129298
14477 0.75143 0.129259
14478 0.751447 0.129208
14479 0.751464 0.129177
14480 0.75148 0.129165
14481 0.751497 0.12917
14482 0.751515 0.12919
14483 0.751532 0.129193
14484 0.75155 0.12921
14485 0.751567 0.129242
14486 0.751585 0.129286
14487 0.751603 0.12931
14488 0.751621 0.129316
14489 0.751639 0.129306
14490 0.751657 0.129312
14491 0.751675 0.129333
14492 0.751693 0.129368
14493 0.751712 0.129415
14494 0.75173 0.129442
14495 0.751749 0.12945
14496 0.751768 0.129473
14497 0.751786 0.129509
14498 0.751805 0.129558
14499 0.751825 0.129617
14500 0.751844 0.129654
14501 0.751863 0.129672
14502 0.751882 0.129673
14503 0.751901 0.129689
14504 0.75192 0.129688
14505 0.751939 0.129703
14506 0.751959 0.129732
14507 0.751978 0.129773
14508 0.751998 0.129795
14509 0.752 0.129814
14510 0.752003 0.129816
14511 0.752008 0.129802
14512 0.752015 0.129773
14513 0.752022 0.129732
14514 0.752031 0.129711
14515 0.752041 0.129707
14516 0.752053 0.129719
14517 0.752065 0.129715
14518 0.752077 0.129695
14519 0.75209 0.129662
14520 0.752104 0.129647
14521 0.752119 0.129618
14522 0.752133 0.129577
14523 0.752131 0.12954
14524 0.752113 0.129505
14525 0.752082 0.129474
14526 0.752038 0.129445
14527 0.752 0.129434
14528 0.751969 0.12944
14529 0.751942 0.12943
14530 0.75192 0.129406
14531 0.751902 0.129368
14532 0.751887 0.129319
14533 0.751876 0.129258
14534 0.751868 0.129189
14535 0.751862 0.129142
14536 0.75186 0.129115
14537 0.751859 0.129106
14538 0.751861 0.129114
14539 0.751865 0.129136
14540 0.751871 0.129172
14541 0.751878 0.12922
14542 0.751886 0.129248
14543 0.751896 0.129257
14544 0.751906 0.129281
14545 0.751918 0.129317
14546 0.75193 0.129366
14547 0.751944 0.129426
14548 0.751957 0.129463
14549 0.751972 0.129482
14550 0.751986 0.129483
14551 0.752002 0.1295
14552 0.752018 0.12953
14553 0.752034 0.129573
14554 0.752051 0.129596
14555 0.752068 0.129601
14556 0.752085 0.12959
14557 0.752102 0.129565
14558 0.75212 0.129526
14559 0.752137 0.129475
14560 0.752155 0.129415
14561 0.752172 0.129344
14562 0.752191 0.129296
14563 0.752209 0.129269
14564 0.752228 0.129259
14565 0.752248 0.129267
14566 0.752268 0.129289
14567 0.752287 0.129293
14568 0.752307 0.129281
14569 0.752327 0.129286
14570 0.752347 0.129306
14571 0.752367 0.129308
14572 0.752387 0.129295
14573 0.752406 0.129267
14574 0.752426 0.129226
14575 0.752445 0.129174
14576 0.752465 0.129143
14577 0.752484 0.129099
14578 0.752504 0.129044
14579 0.752523 0.128979
14580 0.752542 0.128905
14581 0.752561 0.128822
14582 0.75258 0.128763
14583 0.7526 0.128726
14584 0.75262 0.128677
14585 0.75264 0.128617
14586 0.752659 0.128548
14587 0.752679 0.128501
14588 0.7527 0.128474
14589 0.75272 0.128434
14590 0.75274 0.128383
14591 0.75276 0.128321
14592 0.752779 0.12825
14593 0.752799 0.12817
14594 0.752818 0.128083
14595 0.752838 0.12802
14596 0.752858 0.127979
14597 0.752879 0.127957
14598 0.752901 0.127953
14599 0.752923 0.127965
14600 0.752945 0.127991
14601 0.752967 0.127999
14602 0.752989 0.12799
14603 0.752992 0.127982
14604 0.75298 0.127974
14605 0.752953 0.127965
14606 0.752914 0.127957
14607 0.752862 0.127948
14608 0.752818 0.127925
14609 0.75278 0.127889
14610 0.752747 0.12784
14611 0.752719 0.127781
14612 0.752696 0.127713
14613 0.752677 0.127635
14614 0.752662 0.12755
14615 0.75265 0.127457
14616 0.752641 0.127358
14617 0.752635 0.127285
14618 0.752633 0.127234
14619 0.752633 0.127204
14620 0.752636 0.127193
14621 0.752642 0.127198
14622 0.752648 0.127187
14623 0.752655 0.127161
14624 0.752664 0.127123
14625 0.752673 0.127072
14626 0.752684 0.127043
14627 0.752695 0.127
14628 0.752707 0.126946
14629 0.75272 0.126882
14630 0.752732 0.126809
14631 0.752746 0.126728
14632 0.752759 0.126639
14633 0.752773 0.126543
14634 0.752787 0.126442
14635 0.752803 0.126366
14636 0.752818 0.126282
14637 0.752834 0.126191
14638 0.752851 0.126124
14639 0.752869 0.126079
14640 0.752888 0.126055
14641 0.752908 0.126048
14642 0.75291 0.12604
14643 0.752914 0.126018
14644 0.752919 0.125982
14645 0.752925 0.125934
14646 0.752932 0.125875
14647 0.75294 0.125806
14648 0.752949 0.125729
14649 0.752959 0.125644
14650 0.752969 0.125551
14651 0.75298 0.125453
14652 0.752991 0.125348
14653 0.753004 0.12527
14654 0.753019 0.125214
14655 0.753035 0.12518
14656 0.753052 0.125164
14657 0.753069 0.125135
14658 0.753088 0.125123
14659 0.753106 0.125098
14660 0.753124 0.125059
14661 0.753142 0.125008
14662 0.75316 0.124947
14663 0.753178 0.124877
14664 0.753197 0.124829
14665 0.753217 0.124801
14666 0.753236 0.12476
14667 0.753256 0.124708
14668 0.753275 0.124645
14669 0.753294 0.124573
14670 0.753312 0.124493
14671 0.753331 0.124405
14672 0.75335 0.124341
14673 0.753371 0.124299
14674 0.753393 0.124277
14675 0.753414 0.124241
14676 0.753435 0.124193
14677 0.753456 0.124134
14678 0.753476 0.124066
14679 0.753495 0.123989
14680 0.753516 0.123935
14681 0.753538 0.123901
14682 0.75356 0.123856
14683 0.753581 0.123799
14684 0.753601 0.123732
14685 0.753604 0.12367
14686 0.753591 0.123612
14687 0.753564 0.123557
14688 0.753524 0.123506
14689 0.753491 0.123475
14690 0.753465 0.123462
14691 0.753443 0.123435
14692 0.753425 0.123395
14693 0.75341 0.123344
14694 0.753399 0.123282
14695 0.753389 0.123211
14696 0.753383 0.123131
14697 0.753379 0.123043
14698 0.753376 0.122949
14699 0.753376 0.122848
14700 0.753378 0.122773
14701 0.753384 0.12272
14702 0.753391 0.122658
14703 0.753399 0.122585
14704 0.753407 0.122505
14705 0.753416 0.122417
14706 0.753426 0.122322
14707 0.753438 0.122252
14708 0.753452 0.122204
14709 0.753467 0.122146
14710 0.753481 0.122077
14711 0.753496 0.122
14712 0.753512 0.121946
14713 0.753528 0.121882
14714 0.753545 0.121808
14715 0.753561 0.121727
14716 0.753576 0.121637
14717 0.753594 0.121572
14718 0.753613 0.121529
14719 0.753632 0.121475
14720 0.753634 0.121423
14721 0.75362 0.121373
14722 0.753611 0.121343
14723 0.753604 0.121301
14724 0.753602 0.121279
14725 0.753603 0.121273
14726 0.753605 0.121253
14727 0.753609 0.12122
14728 0.753614 0.121174
14729 0.753622 0.121147
14730 0.753633 0.121139
14731 0.753646 0.121147
14732 0.753661 0.121169
14733 0.753676 0.121174
14734 0.753691 0.121162
14735 0.753707 0.121136
14736 0.753724 0.121128
14737 0.753741 0.121105
14738 0.753758 0.121069
14739 0.753774 0.121021
14740 0.753791 0.120962
14741 0.75381 0.120924
14742 0.75383 0.120905
14743 0.753852 0.120904
14744 0.753873 0.120887
14745 0.753893 0.120856
14746 0.753914 0.120812
14747 0.753933 0.120757
14748 0.753952 0.120692
14749 0.753971 0.120618
14750 0.753989 0.120536
14751 0.754007 0.120446
14752 0.754025 0.12035
14753 0.754043 0.120247
14754 0.754062 0.12017
14755 0.754083 0.120117
14756 0.754106 0.120083
14757 0.75413 0.120069
14758 0.754153 0.12004
14759 0.754176 0.119998
14760 0.754198 0.119945
14761 0.754219 0.119882
14762 0.75424 0.119809
14763 0.75426 0.119728
14764 0.75428 0.11964
14765 0.754302 0.119576
14766 0.754323 0.119502
14767 0.754344 0.11942
14768 0.754364 0.119331
14769 0.754384 0.119235
14770 0.754403 0.119133
14771 0.754422 0.119026
14772 0.754444 0.118944
14773 0.754466 0.118886
14774 0.754491 0.118849
14775 0.754515 0.1188
14776 0.754537 0.118741
14777 0.75456 0.118671
14778 0.754581 0.118593
14779 0.754602 0.118507
14780 0.754623 0.118414
14781 0.754643 0.118315
14782 0.754663 0.11821
14783 0.754682 0.1181
14784 0.754701 0.117986
14785 0.754722 0.117897
14786 0.754743 0.117803
14787 0.754763 0.117702
14788 0.754783 0.117595
14789 0.754803 0.117484
14790 0.754822 0.117368
14791 0.754843 0.117279
14792 0.754866 0.117213
14793 0.754891 0.11717
14794 0.754918 0.117146
14795 0.754946 0.11714
14796 0.754972 0.117118
14797 0.754998 0.117084
14798 0.755023 0.117036
14799 0.755046 0.116979
14800 0.755069 0.116911
14801 0.755094 0.116865
14802 0.755121 0.116839
14803 0.755149 0.11683
14804 0.755176 0.116807
14805 0.755202 0.11677
14806 0.755229 0.116753
14807 0.755256 0.116721
14808 0.755281 0.116677
14809 0.755289 0.116633
14810 0.755281 0.116589
14811 0.755259 0.116546
14812 0.755224 0.116502
14813 0.755177 0.116458
14814 0.755139 0.116434
14815 0.75511 0.116427
14816 0.755087 0.116436
14817 0.755072 0.116459
14818 0.755062 0.116495
14819 0.755057 0.116542
14820 0.755055 0.116569
14821 0.755054 0.116578
14822 0.755055 0.11657
14823 0.755057 0.116548
14824 0.755061 0.116512
14825 0.755066 0.116464
14826 0.755072 0.116405
14827 0.755079 0.116337
14828 0.755089 0.11629
14829 0.755103 0.116263
14830 0.75512 0.116254
14831 0.75514 0.116261
14832 0.755162 0.116282
14833 0.755183 0.116286
14834 0.755204 0.116273
14835 0.755225 0.116247
14836 0.755245 0.116207
14837 0.755267 0.116186
14838 0.755292 0.116183
14839 0.755319 0.116194
14840 0.755344 0.116189
14841 0.755369 0.116169
14842 0.755396 0.116166
14843 0.755424 0.116178
14844 0.755455 0.116204
14845 0.755484 0.116212
14846 0.755512 0.116204
14847 0.755538 0.11618
14848 0.755567 0.116174
14849 0.755597 0.116184
14850 0.755629 0.116207
14851 0.75566 0.116213
14852 0.755672 0.116214
14853 0.755668 0.11621
14854 0.755669 0.116222
14855 0.755675 0.116248
14856 0.755681 0.116255
14857 0.755689 0.116246
14858 0.755697 0.116223
14859 0.75571 0.116216
14860 0.755725 0.116226
14861 0.755741 0.116218
14862 0.755757 0.116196
14863 0.755773 0.116161
14864 0.755788 0.116113
14865 0.755804 0.116055
14866 0.75582 0.115987
14867 0.755836 0.11591
14868 0.755852 0.115825
14869 0.755851 0.115744
14870 0.755835 0.115667
14871 0.755806 0.115593
14872 0.755781 0.115511
14873 0.75576 0.115421
14874 0.755743 0.115325
14875 0.755729 0.115223
14876 0.755718 0.115115
14877 0.75571 0.115003
14878 0.755704 0.114886
14879 0.755703 0.114795
14880 0.755708 0.114729
14881 0.755717 0.114684
14882 0.75573 0.114659
14883 0.755746 0.114651
14884 0.755766 0.114659
14885 0.755789 0.114681
14886 0.755814 0.114716
14887 0.755839 0.114732
14888 0.755862 0.11473
14889 0.755888 0.114744
14890 0.755917 0.114771
14891 0.755947 0.11481
14892 0.755976 0.11483
14893 0.756003 0.114832
14894 0.75603 0.114819
14895 0.756055 0.114791
14896 0.756079 0.11475
14897 0.756103 0.114697
14898 0.756125 0.114635
14899 0.756147 0.114562
14900 0.756169 0.114482
14901 0.75619 0.114394
14902 0.75621 0.114299
14903 0.756233 0.114228
14904 0.756256 0.114149
14905 0.756281 0.114092
14906 0.756309 0.114057
14907 0.756339 0.114039
14908 0.756371 0.114039
14909 0.756404 0.114053
14910 0.756439 0.114081
14911 0.756476 0.114121
14912 0.756514 0.114172
14913 0.756553 0.114233
14914 0.75659 0.114272
14915 0.756625 0.114292
14916 0.756658 0.114294
14917 0.75669 0.11428
14918 0.75672 0.114252
14919 0.756752 0.114242
14920 0.756783 0.114217
14921 0.756812 0.114179
14922 0.756841 0.114129
14923 0.756868 0.114068
14924 0.756894 0.113998
14925 0.756923 0.11395
14926 0.756954 0.113922
14927 0.756987 0.113911
14928 0.757022 0.113916
14929 0.757058 0.113936
14930 0.757092 0.113938
14931 0.757128 0.113955
14932 0.757163 0.113954
14933 0.757195 0.113938
14934 0.757227 0.113908
14935 0.757257 0.113865
14936 0.757286 0.113811
14937 0.757314 0.113747
14938 0.757341 0.113673
14939 0.757367 0.113592
14940 0.757393 0.113503
14941 0.757418 0.113407
14942 0.757442 0.113305
14943 0.757469 0.113228
14944 0.757498 0.113174
14945 0.75753 0.11314
14946 0.757563 0.113124
14947 0.757599 0.113125
14948 0.757635 0.113141
14949 0.757671 0.113139
14950 0.757707 0.113153
14951 0.757742 0.113149
14952 0.757776 0.11313
14953 0.757791 0.113108
14954 0.75779 0.113083
14955 0.757775 0.113055
14956 0.757746 0.113024
14957 0.757722 0.112981
14958 0.757702 0.112927
14959 0.75769 0.112892
14960 0.757684 0.112877
14961 0.757683 0.112877
14962 0.757687 0.112893
14963 0.757696 0.112922
14964 0.757709 0.112963
14965 0.757726 0.113015
14966 0.757726 0.113056
14967 0.757712 0.113087
14968 0.757684 0.113111
14969 0.757644 0.113126
14970 0.757593 0.113135
14971 0.757533 0.113137
14972 0.757481 0.113123
14973 0.757436 0.113096
14974 0.757397 0.113055
14975 0.757365 0.113003
14976 0.757338 0.112941
14977 0.757315 0.112869
14978 0.757297 0.112789
14979 0.757283 0.112701
14980 0.757274 0.112637
14981 0.757272 0.112594
14982 0.757274 0.112571
14983 0.757281 0.112565
14984 0.757289 0.112544
14985 0.757302 0.11254
14986 0.757317 0.112551
14987 0.757336 0.112576
14988 0.757355 0.112584
14989 0.757374 0.112574
14990 0.757393 0.112551
14991 0.757412 0.112514
14992 0.757431 0.112465
14993 0.757451 0.112405
14994 0.75747 0.112336
14995 0.757489 0.112258
14996 0.757511 0.112203
14997 0.757536 0.112168
14998 0.757563 0.112152
14999 0.757592 0.112152
15000 0.757623 0.112168
