14000 0.87657 0.734146
14001 0.876535 0.734166
14002 0.87649 0.734191
14003 0.876465 0.734213
14004 0.876458 0.73423
14005 0.876467 0.734244
14006 0.876491 0.734255
14007 0.876528 0.734262
14008 0.876576 0.734268
14009 0.876607 0.734264
14010 0.876621 0.734254
14011 0.87662 0.734236
14012 0.876605 0.734212
14013 0.876579 0.734183
14014 0.876571 0.734155
14015 0.87655 0.734137
14016 0.876546 0.73412
14017 0.87653 0.734111
14018 0.876501 0.734112
14019 0.876462 0.73412
14020 0.876413 0.734135
14021 0.876356 0.734157
14022 0.87629 0.734183
14023 0.876218 0.734215
14024 0.876168 0.734242
14025 0.876139 0.734265
14026 0.876128 0.734283
14027 0.876105 0.734307
14028 0.87607 0.734337
14029 0.876026 0.734371
14030 0.875972 0.73441
14031 0.875939 0.734443
14032 0.875925 0.734471
14033 0.875899 0.734504
14034 0.875862 0.734542
14035 0.875815 0.734583
14036 0.875759 0.734628
14037 0.875695 0.734676
14038 0.875624 0.734727
14039 0.875576 0.734772
14040 0.875548 0.734811
14041 0.875538 0.734844
14042 0.875531 0.734858
14043 0.875525 0.734856
14044 0.875521 0.734838
14045 0.875518 0.734806
14046 0.875517 0.734762
14047 0.875516 0.734738
14048 0.875516 0.734732
14049 0.875517 0.734711
14050 0.875519 0.734676
14051 0.875507 0.734653
14052 0.875483 0.73464
14053 0.875447 0.734635
14054 0.875416 0.734616
14055 0.87539 0.734583
14056 0.875381 0.734552
14057 0.875389 0.734522
14058 0.875411 0.734494
14059 0.875447 0.734467
14060 0.875466 0.734451
14061 0.875469 0.734444
14062 0.875473 0.734422
14063 0.875478 0.734386
14064 0.875483 0.734339
14065 0.875503 0.734294
14066 0.875536 0.734253
14067 0.875582 0.734214
14068 0.875609 0.734186
14069 0.87562 0.734169
14070 0.875617 0.734161
14071 0.8756 0.734162
14072 0.8756 0.73416
14073 0.875616 0.734157
14074 0.875646 0.734153
14075 0.875688 0.734148
14076 0.875727 0.734158
14077 0.875762 0.734183
14078 0.875795 0.734222
14079 0.875825 0.734272
14080 0.875853 0.734332
14081 0.875878 0.734402
14082 0.875902 0.734481
14083 0.875939 0.73455
14084 0.875988 0.734611
14085 0.876018 0.734674
14086 0.876032 0.734738
14087 0.876031 0.734803
14088 0.876016 0.73487
14089 0.876018 0.734928
14090 0.876036 0.73498
14091 0.876068 0.735025
14092 0.876112 0.735064
14093 0.876167 0.735098
14094 0.876232 0.735127
14095 0.876277 0.735146
14096 0.876304 0.735154
14097 0.876315 0.735155
14098 0.876311 0.735147
14099 0.876324 0.735139
14100 0.87635 0.73513
14101 0.87636 0.73513
14102 0.876356 0.735138
14103 0.876339 0.735153
14104 0.87631 0.735174
14105 0.876299 0.735192
14106 0.876305 0.735206
14107 0.876326 0.735217
14108 0.876361 0.735226
14109 0.876407 0.735233
14110 0.876465 0.735237
14111 0.876503 0.735234
14112 0.876524 0.735223
14113 0.876529 0.735205
14114 0.876549 0.735187
14115 0.876583 0.73517
14116 0.876629 0.735153
14117 0.876657 0.735146
14118 0.876668 0.735147
14119 0.876665 0.735156
14120 0.876649 0.735172
14121 0.876621 0.735195
14122 0.876582 0.735223
14123 0.876534 0.735256
14124 0.876506 0.735285
14125 0.876496 0.735309
14126 0.876503 0.735329
14127 0.876525 0.735346
14128 0.87656 0.73536
14129 0.876579 0.735365
14130 0.876582 0.735362
14131 0.876571 0.735351
14132 0.876547 0.735333
14133 0.876513 0.735309
14134 0.876497 0.735286
14135 0.876499 0.735265
14136 0.876515 0.735244
14137 0.876546 0.735224
14138 0.87656 0.735214
14139 0.87656 0.735213
14140 0.876546 0.735219
14141 0.87652 0.735218
14142 0.876512 0.735215
14143 0.876491 0.735205
14144 0.876488 0.735195
14145 0.876501 0.735184
14146 0.876498 0.735167
14147 0.876483 0.735144
14148 0.876456 0.735115
14149 0.876446 0.735088
14150 0.876454 0.735063
14151 0.876476 0.735039
14152 0.876512 0.735015
14153 0.87653 0.734987
14154 0.876562 0.73496
14155 0.876578 0.734928
14156 0.876578 0.734891
14157 0.876565 0.73485
14158 0.876539 0.734805
14159 0.876532 0.734764
14160 0.876527 0.734742
14161 0.876522 0.734738
14162 0.87652 0.73475
14163 0.876518 0.734776
14164 0.876518 0.734816
14165 0.876518 0.734867
14166 0.876534 0.734911
14167 0.876564 0.73495
14168 0.876607 0.734983
14169 0.876632 0.735005
14170 0.87664 0.735018
14171 0.876635 0.735037
14172 0.876616 0.735061
14173 0.876586 0.735092
14174 0.876575 0.735118
14175 0.87658 0.73514
14176 0.8766 0.735158
14177 0.876634 0.735173
14178 0.876679 0.735186
14179 0.876707 0.735189
14180 0.876719 0.735185
14181 0.876745 0.735179
14182 0.876755 0.735182
14183 0.87675 0.735193
14184 0.876761 0.735201
14185 0.876758 0.735216
14186 0.876742 0.735222
14187 0.876714 0.735219
14188 0.876675 0.735209
14189 0.876655 0.735199
14190 0.876653 0.735188
14191 0.876638 0.73517
14192 0.87664 0.735153
14193 0.876657 0.735136
14194 0.876688 0.73512
14195 0.876732 0.735103
14196 0.876757 0.735096
14197 0.876767 0.735098
14198 0.876791 0.735098
14199 0.876828 0.735096
14200 0.876848 0.735087
14201 0.876853 0.73507
14202 0.876858 0.735071
14203 0.876863 0.735088
14204 0.876855 0.73511
14205 0.876834 0.735139
14206 0.87683 0.735162
14207 0.876843 0.735182
14208 0.876869 0.735198
14209 0.876909 0.735212
14210 0.876931 0.735215
14211 0.876937 0.735227
14212 0.87693 0.735245
14213 0.876909 0.735269
14214 0.876877 0.735299
14215 0.876864 0.735324
14216 0.876868 0.735345
14217 0.876887 0.735362
14218 0.87689 0.735386
14219 0.876909 0.735405
14220 0.876941 0.735422
14221 0.876957 0.735444
14222 0.876957 0.735472
14223 0.876973 0.735496
14224 0.877003 0.735516
14225 0.877046 0.735533
14226 0.8771 0.735546
14227 0.877164 0.735558
14228 0.877208 0.73556
14229 0.877235 0.735554
14230 0.877245 0.73554
14231 0.87724 0.73552
14232 0.877223 0.735494
14233 0.877194 0.735463
14234 0.877154 0.735443
14235 0.877105 0.735432
14236 0.877047 0.73543
14237 0.876981 0.735437
14238 0.876909 0.73545
14239 0.87683 0.73547
14240 0.876746 0.735496
14241 0.876656 0.735512
14242 0.876591 0.735524
14243 0.876548 0.735534
14244 0.876525 0.735542
14245 0.87652 0.735548
14246 0.876502 0.735546
14247 0.876472 0.735536
14248 0.876431 0.735535
14249 0.87641 0.735533
14250 0.876407 0.735529
14251 0.87642 0.735525
14252 0.876447 0.73552
14253 0.876458 0.735508
14254 0.876454 0.735489
14255 0.876437 0.735464
14256 0.876437 0.735441
14257 0.876453 0.735418
14258 0.876483 0.735397
14259 0.876525 0.735376
14260 0.87655 0.73535
14261 0.876558 0.735318
14262 0.876553 0.735297
14263 0.876563 0.735278
14264 0.876588 0.735258
14265 0.876612 0.735257
14266 0.876634 0.735271
14267 0.876655 0.735299
14268 0.87666 0.735317
14269 0.876681 0.735332
14270 0.876715 0.735344
14271 0.876732 0.735362
14272 0.876734 0.735387
14273 0.876722 0.735401
14274 0.876698 0.735406
14275 0.876692 0.73541
14276 0.876702 0.735411
14277 0.876697 0.735405
14278 0.876709 0.735399
14279 0.876735 0.735391
14280 0.876773 0.735383
14281 0.876824 0.735375
14282 0.876885 0.735366
14283 0.876927 0.735366
14284 0.87695 0.735374
14285 0.876958 0.735388
14286 0.876952 0.73541
14287 0.876933 0.735437
14288 0.876902 0.735454
14289 0.87689 0.735467
14290 0.876895 0.735478
14291 0.876915 0.735486
14292 0.876919 0.735502
14293 0.876909 0.735524
14294 0.876887 0.735551
14295 0.876854 0.735584
14296 0.87681 0.735621
14297 0.876787 0.735654
14298 0.876781 0.735682
14299 0.876763 0.735715
14300 0.876732 0.735752
14301 0.876692 0.735794
14302 0.876671 0.73583
14303 0.876667 0.735862
14304 0.876651 0.735898
14305 0.876622 0.735939
14306 0.876612 0.735974
14307 0.87659 0.736014
14308 0.876585 0.736048
14309 0.876597 0.736078
14310 0.876622 0.736105
14311 0.876661 0.736127
14312 0.876683 0.73614
14313 0.876688 0.736143
14314 0.87668 0.736139
14315 0.876659 0.736127
14316 0.876626 0.736108
14317 0.876583 0.736084
14318 0.876531 0.736054
14319 0.876471 0.736019
14320 0.876403 0.73598
14321 0.876328 0.735937
14322 0.876247 0.735891
14323 0.876175 0.735865
14324 0.876126 0.73584
14325 0.876098 0.735817
14326 0.876088 0.735796
14327 0.87608 0.735792
14328 0.876073 0.735804
14329 0.876069 0.73583
14330 0.876066 0.735838
14331 0.876064 0.735861
14332 0.876049 0.735889
14333 0.876021 0.735922
14334 0.875983 0.73596
14335 0.875964 0.735992
14336 0.875963 0.736021
14337 0.875978 0.736046
14338 0.876006 0.736067
14339 0.876018 0.736094
14340 0.876015 0.736126
14341 0.876014 0.73617
14342 0.876014 0.736225
14343 0.876015 0.73629
14344 0.876017 0.736365
14345 0.876019 0.736416
14346 0.876022 0.736447
14347 0.876026 0.736459
14348 0.876031 0.736454
14349 0.876036 0.736434
14350 0.876041 0.736432
14351 0.876047 0.736445
14352 0.876054 0.736473
14353 0.876061 0.736513
14354 0.876068 0.736565
14355 0.876076 0.736597
14356 0.876084 0.73664
14357 0.876106 0.736679
14358 0.876113 0.736706
14359 0.876135 0.736729
14360 0.876141 0.736742
14361 0.876162 0.736754
14362 0.876167 0.736756
14363 0.876159 0.73675
14364 0.876166 0.736745
14365 0.876189 0.736739
14366 0.876196 0.736741
14367 0.876188 0.736751
14368 0.876168 0.736768
14369 0.876136 0.736791
14370 0.876123 0.73681
14371 0.876127 0.736827
14372 0.876117 0.736851
14373 0.876095 0.736879
14374 0.876061 0.736912
14375 0.876046 0.736942
14376 0.876048 0.736968
14377 0.876066 0.73699
14378 0.876097 0.73701
14379 0.876126 0.737012
14380 0.876153 0.736998
14381 0.876178 0.73697
14382 0.876187 0.736937
14383 0.876182 0.7369
14384 0.876164 0.736859
14385 0.876134 0.736814
14386 0.876093 0.736765
14387 0.876043 0.736714
14388 0.876014 0.736668
14389 0.876003 0.736625
14390 0.876009 0.736586
14391 0.876029 0.736551
14392 0.876064 0.736518
14393 0.876081 0.736481
14394 0.876083 0.73644
14395 0.876086 0.736418
14396 0.87609 0.736414
14397 0.876094 0.736426
14398 0.876114 0.736436
14399 0.876118 0.736438
14400 0.876108 0.736431
14401 0.876086 0.736418
14402 0.876052 0.736398
14403 0.876038 0.736379
14404 0.87604 0.736361
14405 0.876058 0.736344
14406 0.876089 0.736327
14407 0.876133 0.736312
14408 0.876159 0.736306
14409 0.876169 0.736308
14410 0.876164 0.736317
14411 0.876147 0.736334
14412 0.876117 0.736357
14413 0.876106 0.736376
14414 0.876112 0.736392
14415 0.876132 0.736406
14416 0.876167 0.736417
14417 0.876213 0.736427
14418 0.876271 0.736434
14419 0.876338 0.736439
14420 0.876414 0.736443
14421 0.876469 0.736455
14422 0.876505 0.736473
14423 0.876524 0.736497
14424 0.876527 0.736526
14425 0.876516 0.73656
14426 0.876523 0.73659
14427 0.876544 0.736616
14428 0.876578 0.736638
14429 0.876625 0.736658
14430 0.876653 0.736667
14431 0.876665 0.736668
14432 0.876663 0.736661
14433 0.876647 0.736646
14434 0.876619 0.736626
14435 0.87658 0.736599
14436 0.876532 0.736568
14437 0.876474 0.736531
14438 0.87641 0.736506
14439 0.876338 0.736492
14440 0.876259 0.736486
14441 0.876175 0.73649
14442 0.876086 0.7365
14443 0.876021 0.736509
14444 0.875979 0.736515
14445 0.875956 0.736521
14446 0.875936 0.73651
14447 0.875934 0.736499
14448 0.875948 0.736488
14449 0.875976 0.736477
14450 0.876017 0.736467
14451 0.87604 0.73645
14452 0.876047 0.736427
14453 0.87604 0.736398
14454 0.876049 0.736371
14455 0.876073 0.736346
14456 0.87611 0.736323
14457 0.87616 0.736301
14458 0.87619 0.736289
14459 0.876204 0.736286
14460 0.876203 0.736291
14461 0.876189 0.736303
14462 0.876163 0.736322
14463 0.876155 0.736339
14464 0.876163 0.736352
14465 0.876186 0.736363
14466 0.876222 0.736372
14467 0.876271 0.73638
14468 0.876301 0.736394
14469 0.876314 0.736415
14470 0.876313 0.736441
14471 0.876298 0.736473
14472 0.876271 0.736509
14473 0.876233 0.73655
14474 0.876215 0.736585
14475 0.876214 0.736616
14476 0.876229 0.736643
14477 0.876258 0.736666
14478 0.87627 0.736695
14479 0.876268 0.736728
14480 0.876281 0.736757
14481 0.876309 0.736783
14482 0.876349 0.736804
14483 0.876401 0.736823
14484 0.876464 0.736838
14485 0.876536 0.736851
14486 0.876587 0.736855
14487 0.876619 0.736851
14488 0.876635 0.736839
14489 0.876636 0.73682
14490 0.876623 0.736795
14491 0.876598 0.736765
14492 0.876562 0.736729
14493 0.876516 0.736706
14494 0.876461 0.736692
14495 0.876427 0.736678
14496 0.876412 0.736665
14497 0.876414 0.736652
14498 0.876432 0.73664
14499 0.876434 0.736636
14500 0.876423 0.736641
14501 0.876399 0.736653
14502 0.876393 0.736663
14503 0.876403 0.736671
14504 0.876399 0.73667
14505 0.876382 0.736661
14506 0.876353 0.736645
14507 0.876313 0.736623
14508 0.876293 0.736602
14509 0.87629 0.736582
14510 0.876304 0.736563
14511 0.876302 0.736554
14512 0.876301 0.736561
14513 0.876301 0.736584
14514 0.876302 0.736619
14515 0.876304 0.736667
14516 0.876306 0.736726
14517 0.876309 0.736794
14518 0.876312 0.736871
14519 0.876315 0.736956
14520 0.876319 0.737049
14521 0.876324 0.737147
14522 0.876328 0.737221
14523 0.876333 0.737271
14524 0.876338 0.737332
14525 0.876344 0.737402
14526 0.876349 0.737481
14527 0.876341 0.73756
14528 0.87632 0.737624
14529 0.876287 0.737673
14530 0.876244 0.737709
14531 0.876192 0.737734
14532 0.87616 0.737756
14533 0.876147 0.737774
14534 0.876152 0.73779
14535 0.876171 0.737803
14536 0.876204 0.737813
14537 0.87622 0.737815
14538 0.876235 0.737832
14539 0.876249 0.737864
14540 0.876249 0.737884
14541 0.876234 0.737894
14542 0.876208 0.737896
14543 0.87617 0.73789
14544 0.876123 0.737876
14545 0.876096 0.737863
14546 0.876087 0.73785
14547 0.876095 0.737837
14548 0.876117 0.737824
14549 0.876153 0.737812
14550 0.876172 0.737792
14551 0.876175 0.737767
14552 0.876165 0.737737
14553 0.876171 0.737709
14554 0.876192 0.737682
14555 0.876197 0.73765
14556 0.876188 0.737614
14557 0.876166 0.737573
14558 0.876163 0.737536
14559 0.876175 0.737501
14560 0.876172 0.737462
14561 0.876156 0.737419
14562 0.876128 0.737373
14563 0.876118 0.73733
14564 0.876125 0.73729
14565 0.876147 0.737254
14566 0.876153 0.737213
14567 0.876145 0.737169
14568 0.876123 0.737122
14569 0.876091 0.737072
14570 0.876077 0.737026
14571 0.87608 0.736983
14572 0.876098 0.736943
14573 0.876131 0.736907
14574 0.87616 0.736858
14575 0.876188 0.736799
14576 0.876213 0.736762
14577 0.876236 0.736743
14578 0.876257 0.736742
14579 0.876262 0.736749
14580 0.876253 0.736764
14581 0.876232 0.736784
14582 0.876199 0.73681
14583 0.876156 0.736842
14584 0.876118 0.736885
14585 0.876083 0.736941
14586 0.876053 0.737006
14587 0.876026 0.73708
14588 0.876017 0.737146
14589 0.876024 0.737204
14590 0.876047 0.737255
14591 0.876053 0.737293
14592 0.876046 0.737319
14593 0.876025 0.737336
14594 0.875993 0.737342
14595 0.875951 0.737341
14596 0.875899 0.737332
14597 0.875868 0.737322
14598 0.875856 0.737313
14599 0.875861 0.737303
14600 0.875851 0.737286
14601 0.875829 0.737264
14602 0.875795 0.737236
14603 0.875781 0.737209
14604 0.875783 0.737184
14605 0.875801 0.737161
14606 0.875803 0.737132
14607 0.875821 0.737104
14608 0.875852 0.737079
14609 0.875867 0.737048
14610 0.875867 0.737012
14611 0.875853 0.736973
14612 0.875856 0.736936
14613 0.875874 0.736901
14614 0.875906 0.736869
14615 0.87595 0.736839
14616 0.875977 0.736804
14617 0.875987 0.736765
14618 0.875982 0.736722
14619 0.875994 0.736682
14620 0.87602 0.736645
14621 0.876059 0.736611
14622 0.87608 0.736572
14623 0.876086 0.736529
14624 0.876078 0.736483
14625 0.876057 0.736434
14626 0.876053 0.736388
14627 0.87605 0.736363
14628 0.876047 0.736356
14629 0.876045 0.736365
14630 0.876059 0.736372
14631 0.876087 0.736376
14632 0.876127 0.73638
14633 0.87615 0.73639
14634 0.876157 0.736407
14635 0.876164 0.736439
14636 0.87617 0.736482
14637 0.876161 0.736514
14638 0.87614 0.736534
14639 0.876108 0.736545
14640 0.876079 0.736571
14641 0.876039 0.736586
14642 0.875989 0.736592
14643 0.875945 0.736613
14644 0.87592 0.73663
14645 0.875914 0.736645
14646 0.875923 0.736657
14647 0.875948 0.736666
14648 0.875985 0.736673
14649 0.876005 0.736671
14650 0.87601 0.736663
14651 0.876 0.736647
14652 0.876007 0.736631
14653 0.876029 0.736616
14654 0.876035 0.736595
14655 0.876027 0.736568
14656 0.876035 0.736542
14657 0.876058 0.736518
14658 0.876094 0.736494
14659 0.876113 0.736465
14660 0.876117 0.736432
14661 0.876107 0.736394
14662 0.876084 0.736352
14663 0.876063 0.73633
14664 0.876045 0.736325
14665 0.876028 0.736337
14666 0.876013 0.736363
14667 0.875999 0.736402
14668 0.875987 0.736422
14669 0.875978 0.736424
14670 0.875969 0.73641
14671 0.875963 0.736382
14672 0.875956 0.736373
14673 0.875951 0.73638
14674 0.875946 0.736402
14675 0.875942 0.736406
14676 0.875939 0.736394
14677 0.875937 0.736368
14678 0.875935 0.736359
14679 0.875933 0.736368
14680 0.875931 0.736391
14681 0.87593 0.736428
14682 0.875928 0.736476
14683 0.875927 0.736536
14684 0.875926 0.736605
14685 0.875924 0.736682
14686 0.875924 0.736737
14687 0.875924 0.73677
14688 0.875925 0.736785
14689 0.875925 0.736813
14690 0.875925 0.736855
14691 0.875926 0.736876
14692 0.875928 0.73688
14693 0.87593 0.736868
14694 0.875932 0.736841
14695 0.875934 0.736833
14696 0.875936 0.736841
14697 0.875938 0.736864
14698 0.875939 0.7369
14699 0.875956 0.736931
14700 0.875987 0.736958
14701 0.876014 0.736998
14702 0.87604 0.737018
14703 0.876063 0.73702
14704 0.876085 0.737007
14705 0.876105 0.736979
14706 0.876124 0.736939
14707 0.876142 0.736886
14708 0.876158 0.736824
14709 0.876174 0.736752
14710 0.876187 0.736703
14711 0.8762 0.736674
14712 0.876211 0.736664
14713 0.876221 0.73667
14714 0.876231 0.736692
14715 0.876239 0.736727
14716 0.876247 0.736743
14717 0.876254 0.736773
14718 0.876261 0.736815
14719 0.876267 0.736869
14720 0.876272 0.736934
14721 0.876278 0.736976
14722 0.876299 0.737013
14723 0.876333 0.737044
14724 0.876379 0.737071
14725 0.876436 0.737093
14726 0.876504 0.737112
14727 0.87655 0.737122
14728 0.876579 0.737122
14729 0.876591 0.737115
14730 0.876588 0.737101
14731 0.876572 0.737081
14732 0.876573 0.737061
14733 0.876589 0.737042
14734 0.87662 0.737024
14735 0.876634 0.736999
14736 0.876662 0.736976
14737 0.876703 0.736954
14738 0.876726 0.736926
14739 0.876733 0.736894
14740 0.876755 0.736863
14741 0.87679 0.736834
14742 0.876809 0.7368
14743 0.876811 0.736762
14744 0.87683 0.736727
14745 0.876832 0.736703
14746 0.876821 0.736689
14747 0.876798 0.736684
14748 0.876763 0.736688
14749 0.876719 0.7367
14750 0.876694 0.736709
14751 0.876688 0.736715
14752 0.876668 0.736713
14753 0.876637 0.736704
14754 0.876595 0.736688
14755 0.876544 0.736666
14756 0.876514 0.736644
14757 0.876502 0.736624
14758 0.876507 0.736604
14759 0.876527 0.736584
14760 0.876561 0.736565
14761 0.876577 0.73654
14762 0.876579 0.73651
14763 0.876567 0.736491
14764 0.876542 0.736481
14765 0.876506 0.73648
14766 0.876461 0.736487
14767 0.876406 0.736501
14768 0.876372 0.736513
14769 0.876357 0.736521
14770 0.876344 0.736544
14771 0.876332 0.736581
14772 0.876322 0.736629
14773 0.876312 0.736689
14774 0.876304 0.736758
14775 0.876296 0.736836
14776 0.876305 0.736904
14777 0.876312 0.736982
14778 0.876319 0.737067
14779 0.876327 0.737128
14780 0.876319 0.737175
14781 0.876313 0.737234
14782 0.876308 0.73727
14783 0.876304 0.737288
14784 0.876301 0.737288
14785 0.876299 0.737272
14786 0.876284 0.73725
14787 0.876256 0.737223
14788 0.876232 0.737214
14789 0.87621 0.737221
14790 0.87619 0.737244
14791 0.876172 0.737279
14792 0.876156 0.737296
14793 0.876143 0.737295
14794 0.876132 0.737279
14795 0.876122 0.737249
14796 0.876114 0.737206
14797 0.876122 0.737166
14798 0.876129 0.737145
14799 0.876136 0.737143
14800 0.876143 0.737125
14801 0.876149 0.737093
14802 0.876155 0.73708
14803 0.87616 0.737084
14804 0.876165 0.737103
14805 0.87617 0.737105
14806 0.876175 0.737091
14807 0.87618 0.737062
14808 0.876171 0.737029
14809 0.876163 0.737015
14810 0.876155 0.737018
14811 0.876149 0.737036
14812 0.876129 0.737045
14813 0.876111 0.737068
14814 0.876082 0.737082
14815 0.876071 0.737093
14816 0.876076 0.737101
14817 0.876097 0.737106
14818 0.876131 0.73711
14819 0.876178 0.737111
14820 0.876235 0.737111
14821 0.876287 0.737126
14822 0.876333 0.737156
14823 0.876391 0.737181
14824 0.876429 0.737196
14825 0.876449 0.737202
14826 0.876468 0.737191
14827 0.876486 0.737166
14828 0.876503 0.737128
14829 0.876504 0.737086
14830 0.876492 0.737041
14831 0.876467 0.736993
14832 0.87643 0.736942
14833 0.876413 0.736894
14834 0.876414 0.73685
14835 0.87643 0.736809
14836 0.876459 0.736771
14837 0.876502 0.736735
14838 0.87654 0.736719
14839 0.876575 0.736719
14840 0.876606 0.736736
14841 0.876635 0.736766
14842 0.87666 0.736809
14843 0.87667 0.73684
14844 0.876664 0.73686
14845 0.876646 0.736871
14846 0.876615 0.736873
14847 0.876574 0.736868
14848 0.876537 0.736878
14849 0.87652 0.736886
14850 0.876519 0.736893
14851 0.876506 0.736891
14852 0.876509 0.736888
14853 0.876498 0.736877
14854 0.876474 0.736861
14855 0.876469 0.736844
14856 0.876479 0.736829
14857 0.876489 0.73683
14858 0.876497 0.736847
14859 0.876505 0.736878
14860 0.876513 0.736921
14861 0.876519 0.736976
14862 0.876525 0.737041
14863 0.876531 0.737115
14864 0.876536 0.737197
14865 0.876541 0.737287
14866 0.876546 0.737352
14867 0.87655 0.737395
14868 0.876555 0.737418
14869 0.87656 0.737455
14870 0.87655 0.73748
14871 0.876527 0.737495
14872 0.876493 0.737502
14873 0.876462 0.737523
14874 0.876435 0.737558
14875 0.87641 0.737605
14876 0.876388 0.737663
14877 0.876368 0.737731
14878 0.87635 0.737808
14879 0.876321 0.73787
14880 0.87628 0.737918
14881 0.87623 0.737955
14882 0.8762 0.737986
14883 0.876189 0.738013
14884 0.876194 0.738035
14885 0.876215 0.738054
14886 0.876249 0.73807
14887 0.876296 0.738083
14888 0.876324 0.738088
14889 0.876335 0.738084
14890 0.876331 0.738074
14891 0.876344 0.738063
14892 0.876371 0.738052
14893 0.87641 0.738041
14894 0.876462 0.73803
14895 0.876494 0.738012
14896 0.876509 0.737989
14897 0.87651 0.73796
14898 0.876496 0.737927
14899 0.876469 0.73789
14900 0.876432 0.737849
14901 0.876385 0.737805
14902 0.876357 0.737764
14903 0.876349 0.737726
14904 0.876356 0.73769
14905 0.876379 0.737657
14906 0.8764 0.737643
14907 0.876418 0.737646
14908 0.876435 0.737664
14909 0.876437 0.737673
14910 0.876424 0.737674
14911 0.876399 0.737667
14912 0.876363 0.737653
14913 0.876331 0.737625
14914 0.876302 0.737584
14915 0.876276 0.737532
14916 0.876253 0.737469
14917 0.876248 0.737411
14918 0.87623 0.737351
14919 0.87623 0.737297
14920 0.876215 0.73724
14921 0.876188 0.737182
14922 0.876164 0.737145
14923 0.876158 0.73711
14924 0.876153 0.737095
14925 0.876149 0.737097
14926 0.876144 0.737114
14927 0.876141 0.737145
14928 0.876138 0.737189
14929 0.876135 0.737244
14930 0.876133 0.73731
14931 0.876131 0.737384
14932 0.876129 0.737467
14933 0.876128 0.737557
14934 0.876127 0.737654
14935 0.876126 0.737725
14936 0.876125 0.737805
14937 0.876125 0.737893
14938 0.876124 0.737988
14939 0.876124 0.738057
14940 0.876124 0.738135
14941 0.87611 0.738198
14942 0.876084 0.738247
14943 0.876047 0.738284
14944 0.875999 0.73831
14945 0.875943 0.738325
14946 0.875907 0.738338
14947 0.875891 0.738349
14948 0.875893 0.738357
14949 0.875909 0.738363
14950 0.87594 0.738368
14951 0.875984 0.738371
14952 0.876038 0.738372
14953 0.876103 0.738373
14954 0.876177 0.738372
14955 0.87623 0.738363
14956 0.876264 0.738348
14957 0.87631 0.738334
14958 0.876367 0.73832
14959 0.876404 0.738299
14960 0.876424 0.738274
14961 0.876442 0.738266
14962 0.876445 0.738252
14963 0.876433 0.738232
14964 0.876409 0.738207
14965 0.876403 0.738182
14966 0.876413 0.73816
14967 0.876438 0.738138
14968 0.876476 0.738117
14969 0.876496 0.738091
14970 0.87653 0.738067
14971 0.876576 0.738044
14972 0.876604 0.738015
14973 0.876616 0.737982
14974 0.876626 0.737968
14975 0.876635 0.737971
14976 0.876644 0.737989
14977 0.876652 0.738021
14978 0.87666 0.738066
14979 0.876667 0.738122
14980 0.876673 0.738188
14981 0.876665 0.738239
14982 0.876644 0.738279
14983 0.876611 0.738306
14984 0.876568 0.738324
14985 0.876515 0.738332
14986 0.876468 0.738355
14987 0.876426 0.738392
14988 0.876388 0.73844
14989 0.876353 0.7385
14990 0.876323 0.738537
14991 0.876295 0.738556
14992 0.876257 0.738565
14993 0.876208 0.738565
14994 0.876151 0.738558
14995 0.876114 0.738551
14996 0.876082 0.73856
14997 0.876053 0.738584
14998 0.876027 0.738621
14999 0.876003 0.73867
15000 0.875982 0.738698
