14000 0.930728 0.703191
14001 0.930705 0.703192
14002 0.930698 0.703186
14003 0.930705 0.703172
14004 0.930712 0.703176
14005 0.930705 0.703171
14006 0.930684 0.703159
14007 0.93068 0.703141
14008 0.930689 0.703116
14009 0.930711 0.703086
14010 0.930717 0.703052
14011 0.930709 0.703013
14012 0.930702 0.702994
14013 0.930695 0.702992
14014 0.93069 0.703006
14015 0.930686 0.703035
14016 0.930682 0.703076
14017 0.930679 0.703128
14018 0.930676 0.703191
14019 0.930674 0.703264
14020 0.930659 0.703321
14021 0.930631 0.703365
14022 0.930606 0.703389
14023 0.930584 0.703395
14024 0.93055 0.703393
14025 0.930506 0.703383
14026 0.930453 0.703367
14027 0.930392 0.703345
14028 0.930337 0.70334
14029 0.930287 0.703352
14030 0.930243 0.703378
14031 0.930203 0.703417
14032 0.930167 0.703468
14033 0.930135 0.703529
14034 0.930106 0.7036
14035 0.930081 0.70368
14036 0.930058 0.703766
14037 0.930037 0.703829
14038 0.930018 0.70387
14039 0.930001 0.703891
14040 0.929986 0.703894
14041 0.929972 0.703882
14042 0.92996 0.703855
14043 0.929949 0.703815
14044 0.929938 0.703764
14045 0.929929 0.703733
14046 0.929921 0.703721
14047 0.929914 0.703726
14048 0.929907 0.703746
14049 0.929902 0.703779
14050 0.929897 0.703825
14051 0.929906 0.703858
14052 0.929914 0.703904
14053 0.929921 0.70393
14054 0.929927 0.703937
14055 0.929933 0.703928
14056 0.929938 0.703904
14057 0.929943 0.703868
14058 0.929947 0.703819
14059 0.929964 0.703767
14060 0.929993 0.703713
14061 0.930032 0.703657
14062 0.930068 0.703622
14063 0.930101 0.703606
14064 0.93013 0.703607
14065 0.930156 0.703624
14066 0.93018 0.703654
14067 0.930202 0.703697
14068 0.930221 0.70372
14069 0.930239 0.703726
14070 0.930255 0.703715
14071 0.930269 0.70369
14072 0.930282 0.703651
14073 0.930294 0.703632
14074 0.930305 0.703631
14075 0.930328 0.703622
14076 0.930362 0.703606
14077 0.930407 0.703584
14078 0.930434 0.703572
14079 0.930444 0.703569
14080 0.93044 0.703574
14081 0.930422 0.703586
14082 0.930393 0.703604
14083 0.930352 0.703628
14084 0.930303 0.703657
14085 0.930244 0.703691
14086 0.930205 0.703713
14087 0.930183 0.703726
14088 0.930177 0.70373
14089 0.930185 0.703725
14090 0.930206 0.703713
14091 0.930238 0.703695
14092 0.930267 0.703693
14093 0.930307 0.703685
14094 0.930356 0.703669
14095 0.930414 0.703647
14096 0.930452 0.703635
14097 0.930473 0.703631
14098 0.930478 0.703636
14099 0.930483 0.703656
14100 0.930488 0.703689
14101 0.930492 0.703735
14102 0.930495 0.703791
14103 0.930499 0.703827
14104 0.930501 0.703843
14105 0.930504 0.703842
14106 0.930506 0.703825
14107 0.930508 0.703795
14108 0.93051 0.703752
14109 0.930525 0.703705
14110 0.930552 0.703656
14111 0.93059 0.703603
14112 0.930611 0.703563
14113 0.930616 0.703536
14114 0.930606 0.703518
14115 0.930585 0.70351
14116 0.930551 0.70351
14117 0.930508 0.703518
14118 0.930482 0.703518
14119 0.930445 0.703525
14120 0.930398 0.703538
14121 0.93037 0.703543
14122 0.930357 0.703539
14123 0.930333 0.703543
14124 0.930297 0.703555
14125 0.930278 0.703557
14126 0.930274 0.703551
14127 0.930285 0.703537
14128 0.930307 0.703517
14129 0.930341 0.703492
14130 0.930385 0.70346
14131 0.930411 0.70344
14132 0.93042 0.703429
14133 0.930429 0.703435
14134 0.930437 0.703455
14135 0.930444 0.70349
14136 0.930451 0.703536
14137 0.930458 0.703594
14138 0.930477 0.703637
14139 0.930507 0.703669
14140 0.930548 0.70369
14141 0.930585 0.703724
14142 0.930619 0.703739
14143 0.930649 0.703737
14144 0.930676 0.703719
14145 0.9307 0.703688
14146 0.930722 0.703644
14147 0.930728 0.703597
14148 0.93072 0.703546
14149 0.930699 0.703494
14150 0.930667 0.703438
14151 0.930638 0.703404
14152 0.930612 0.703389
14153 0.930589 0.703391
14154 0.930581 0.703384
14155 0.930588 0.703371
14156 0.930608 0.703351
14157 0.930626 0.703349
14158 0.930642 0.703362
14159 0.930657 0.70339
14160 0.93067 0.703431
14161 0.930696 0.703459
14162 0.930732 0.703477
14163 0.930778 0.703486
14164 0.930807 0.703486
14165 0.930818 0.703493
14166 0.930816 0.703508
14167 0.9308 0.703529
14168 0.930772 0.703555
14169 0.930733 0.703587
14170 0.930684 0.703623
14171 0.930654 0.703648
14172 0.930641 0.703663
14173 0.930642 0.703668
14174 0.930629 0.70368
14175 0.930632 0.703684
14176 0.930634 0.703702
14177 0.930649 0.703711
14178 0.930676 0.703711
14179 0.930714 0.703703
14180 0.930735 0.703704
14181 0.930754 0.70372
14182 0.93077 0.703751
14183 0.930799 0.70377
14184 0.930811 0.703795
14185 0.930809 0.703826
14186 0.930793 0.703861
14187 0.930792 0.703885
14188 0.930805 0.703899
14189 0.930803 0.703919
14190 0.930788 0.703929
14191 0.93076 0.70393
14192 0.930749 0.703924
14193 0.930753 0.70391
14194 0.93077 0.70389
14195 0.930798 0.703864
14196 0.930838 0.703833
14197 0.930886 0.703797
14198 0.930917 0.703773
14199 0.930931 0.703759
14200 0.93093 0.703754
14201 0.930915 0.703757
14202 0.930889 0.703768
14203 0.930851 0.703785
14204 0.930831 0.703793
14205 0.930826 0.703792
14206 0.930808 0.7038
14207 0.930806 0.703798
14208 0.930817 0.703789
14209 0.930813 0.703788
14210 0.93081 0.703804
14211 0.930808 0.703833
14212 0.930805 0.703875
14213 0.930803 0.703928
14214 0.930801 0.703992
14215 0.9308 0.704065
14216 0.930798 0.704147
14217 0.93081 0.704212
14218 0.930835 0.704263
14219 0.93087 0.704301
14220 0.930916 0.704328
14221 0.930971 0.704344
14222 0.931033 0.70435
14223 0.931076 0.704348
14224 0.931101 0.704339
14225 0.93111 0.704322
14226 0.931105 0.7043
14227 0.931086 0.704272
14228 0.931083 0.704238
14229 0.931094 0.704201
14230 0.931117 0.704159
14231 0.931138 0.704137
14232 0.931157 0.704132
14233 0.931161 0.704137
14234 0.93115 0.704148
14235 0.931128 0.704166
14236 0.931094 0.704191
14237 0.93105 0.704221
14238 0.930996 0.70424
14239 0.930949 0.704272
14240 0.930906 0.704317
14241 0.930867 0.704373
14242 0.930833 0.704408
14243 0.930802 0.704424
14244 0.930774 0.704422
14245 0.930748 0.704405
14246 0.930726 0.704375
14247 0.930705 0.704331
14248 0.930687 0.704276
14249 0.93067 0.704211
14250 0.930656 0.704169
14251 0.930642 0.704146
14252 0.93063 0.704141
14253 0.930619 0.704152
14254 0.930596 0.704154
14255 0.930589 0.704148
14256 0.930596 0.704135
14257 0.930615 0.704116
14258 0.930646 0.70409
14259 0.930674 0.704083
14260 0.9307 0.704092
14261 0.930736 0.704093
14262 0.930782 0.704085
14263 0.930837 0.704071
14264 0.930873 0.70405
14265 0.930892 0.704039
14266 0.930896 0.704037
14267 0.930885 0.704043
14268 0.930863 0.704056
14269 0.930829 0.704076
14270 0.930812 0.704086
14271 0.93081 0.704087
14272 0.930808 0.704072
14273 0.930806 0.704044
14274 0.930805 0.704002
14275 0.930804 0.703949
14276 0.930802 0.703886
14277 0.930788 0.703837
14278 0.930761 0.7038
14279 0.930724 0.703775
14280 0.93069 0.703768
14281 0.93066 0.703777
14282 0.930646 0.703778
14283 0.930647 0.70377
14284 0.930662 0.703755
14285 0.930688 0.703734
14286 0.930712 0.703731
14287 0.93072 0.703735
14288 0.930714 0.703747
14289 0.930695 0.703766
14290 0.930663 0.70379
14291 0.930622 0.703819
14292 0.930584 0.703861
14293 0.930564 0.703891
14294 0.930546 0.703934
14295 0.93053 0.703988
14296 0.930515 0.704052
14297 0.930502 0.704126
14298 0.93049 0.704207
14299 0.930492 0.704273
14300 0.930508 0.704324
14301 0.930522 0.704386
14302 0.930535 0.704457
14303 0.930547 0.704537
14304 0.930557 0.704624
14305 0.930566 0.704687
14306 0.930574 0.704729
14307 0.930581 0.70475
14308 0.930587 0.704753
14309 0.930593 0.704741
14310 0.930598 0.704714
14311 0.930603 0.704705
14312 0.930607 0.704713
14313 0.93061 0.704736
14314 0.930614 0.704772
14315 0.930617 0.70482
14316 0.930619 0.704848
14317 0.930622 0.704857
14318 0.930624 0.70485
14319 0.930626 0.704827
14320 0.930628 0.704823
14321 0.930629 0.704835
14322 0.930631 0.704861
14323 0.930632 0.7049
14324 0.930634 0.70492
14325 0.930635 0.704922
14326 0.930636 0.70494
14327 0.930637 0.704971
14328 0.930638 0.705015
14329 0.930639 0.70507
14330 0.93064 0.705135
14331 0.930642 0.705209
14332 0.930629 0.705268
14333 0.930604 0.705314
14334 0.930582 0.705339
14335 0.930562 0.705346
14336 0.930544 0.705337
14337 0.930527 0.705345
14338 0.930513 0.705336
14339 0.9305 0.705312
14340 0.930488 0.705275
14341 0.930478 0.705226
14342 0.930469 0.705167
14343 0.93046 0.705129
14344 0.930453 0.70511
14345 0.930446 0.705109
14346 0.93044 0.705092
14347 0.930434 0.705093
14348 0.930429 0.705109
14349 0.930425 0.705139
14350 0.930421 0.705182
14351 0.930417 0.705205
14352 0.930414 0.70521
14353 0.930411 0.70523
14354 0.930408 0.705233
14355 0.930406 0.705251
14356 0.930403 0.705282
14357 0.930401 0.705295
14358 0.930399 0.705323
14359 0.930397 0.705331
14360 0.930395 0.705355
14361 0.930394 0.705392
14362 0.930392 0.705441
14363 0.930391 0.7055
14364 0.930389 0.705538
14365 0.930388 0.705588
14366 0.930387 0.705648
14367 0.930386 0.705718
14368 0.930385 0.705797
14369 0.930384 0.705852
14370 0.930383 0.705886
14371 0.930396 0.705909
14372 0.930407 0.705945
14373 0.930418 0.705962
14374 0.930427 0.705962
14375 0.930435 0.705946
14376 0.930443 0.705916
14377 0.93045 0.705873
14378 0.930456 0.70582
14379 0.930461 0.705755
14380 0.930466 0.705682
14381 0.930471 0.7056
14382 0.930475 0.705542
14383 0.930478 0.705506
14384 0.930481 0.705457
14385 0.930484 0.705398
14386 0.930487 0.705329
14387 0.930489 0.705251
14388 0.930492 0.705197
14389 0.930493 0.705164
14390 0.930495 0.70515
14391 0.930497 0.705152
14392 0.930498 0.705139
14393 0.930499 0.705112
14394 0.930501 0.705071
14395 0.930502 0.705051
14396 0.930503 0.705048
14397 0.93049 0.705037
14398 0.930465 0.70502
14399 0.930442 0.705021
14400 0.930422 0.705037
14401 0.93039 0.705044
14402 0.930361 0.705034
14403 0.930335 0.705041
14404 0.930312 0.705063
14405 0.930291 0.705098
14406 0.930272 0.705146
14407 0.930255 0.705204
14408 0.930253 0.705249
14409 0.930265 0.705281
14410 0.930289 0.705303
14411 0.930325 0.705314
14412 0.930357 0.705309
14413 0.930385 0.705289
14414 0.930411 0.705255
14415 0.930435 0.70524
14416 0.930456 0.705242
14417 0.930475 0.70526
14418 0.930492 0.705291
14419 0.930507 0.705335
14420 0.930521 0.70539
14421 0.930547 0.705432
14422 0.930584 0.705462
14423 0.930631 0.705481
14424 0.930686 0.705491
14425 0.930723 0.705492
14426 0.930742 0.705485
14427 0.930746 0.705471
14428 0.930736 0.70545
14429 0.930713 0.705425
14430 0.930678 0.705394
14431 0.930634 0.705358
14432 0.93058 0.705318
14433 0.930532 0.705298
14434 0.930488 0.705296
14435 0.930449 0.70531
14436 0.930428 0.705314
14437 0.930394 0.70531
14438 0.930351 0.705299
14439 0.930298 0.705282
14440 0.93025 0.705282
14441 0.930207 0.705298
14442 0.930169 0.705296
14443 0.930134 0.705279
14444 0.930103 0.705249
14445 0.930074 0.705205
14446 0.930049 0.705182
14447 0.930026 0.705145
14448 0.930005 0.705127
14449 0.929987 0.705096
14450 0.92997 0.705083
14451 0.929955 0.705057
14452 0.929955 0.705024
14453 0.929968 0.704988
14454 0.929994 0.704947
14455 0.93003 0.704902
14456 0.930063 0.704877
14457 0.930092 0.704871
14458 0.930119 0.704881
14459 0.930143 0.704905
14460 0.930164 0.704943
14461 0.930184 0.704992
14462 0.930201 0.705052
14463 0.930217 0.705091
14464 0.930231 0.70511
14465 0.930243 0.705111
14466 0.930254 0.705128
14467 0.930264 0.705159
14468 0.930273 0.705203
14469 0.930281 0.705226
14470 0.930289 0.705263
14471 0.930295 0.705312
14472 0.930301 0.705372
14473 0.930307 0.705441
14474 0.930312 0.705519
14475 0.930316 0.705605
14476 0.93032 0.705667
14477 0.930337 0.705714
14478 0.930366 0.705749
14479 0.930406 0.705773
14480 0.930455 0.705787
14481 0.930513 0.705792
14482 0.930579 0.705788
14483 0.930652 0.705777
14484 0.930717 0.705783
14485 0.930762 0.70578
14486 0.93079 0.70577
14487 0.930814 0.705777
14488 0.930837 0.705798
14489 0.930843 0.70581
14490 0.930836 0.705813
14491 0.930815 0.705808
14492 0.930783 0.705795
14493 0.93074 0.705777
14494 0.930688 0.705752
14495 0.930627 0.705722
14496 0.930559 0.705688
14497 0.930484 0.70565
14498 0.930416 0.705631
14499 0.930369 0.705606
14500 0.93034 0.705575
14501 0.930314 0.705564
14502 0.930291 0.705569
14503 0.93027 0.70559
14504 0.930264 0.7056
14505 0.930273 0.705602
14506 0.930294 0.705596
14507 0.930314 0.705606
14508 0.930331 0.70563
14509 0.930347 0.705668
14510 0.930374 0.705694
14511 0.930413 0.70571
14512 0.930434 0.705717
14513 0.930439 0.705716
14514 0.930443 0.70573
14515 0.930447 0.705759
14516 0.930451 0.7058
14517 0.930454 0.705853
14518 0.930457 0.705917
14519 0.93046 0.705989
14520 0.930449 0.706047
14521 0.930425 0.706092
14522 0.930389 0.706124
14523 0.930344 0.706146
14524 0.930289 0.706158
14525 0.930254 0.706161
14526 0.930222 0.70618
14527 0.930193 0.706212
14528 0.930167 0.706257
14529 0.930143 0.706281
14530 0.930122 0.706288
14531 0.930102 0.706309
14532 0.930085 0.706344
14533 0.930069 0.70636
14534 0.930055 0.706358
14535 0.930042 0.706373
14536 0.93003 0.706401
14537 0.930033 0.706419
14538 0.930049 0.706427
14539 0.930077 0.706427
14540 0.930102 0.70641
14541 0.930124 0.70638
14542 0.930145 0.706369
14543 0.930163 0.706374
14544 0.930179 0.706395
14545 0.930193 0.706397
14546 0.930206 0.706384
14547 0.930218 0.706356
14548 0.930229 0.706316
14549 0.930238 0.706264
14550 0.930246 0.706232
14551 0.930254 0.70622
14552 0.930261 0.706224
14553 0.930267 0.706213
14554 0.930272 0.706186
14555 0.930277 0.706147
14556 0.930281 0.706096
14557 0.930285 0.706035
14558 0.930289 0.705963
14559 0.930292 0.705884
14560 0.930294 0.705796
14561 0.930297 0.705702
14562 0.930299 0.705601
14563 0.930301 0.705495
14564 0.930303 0.705415
14565 0.930304 0.705359
14566 0.930306 0.705324
14567 0.930307 0.705308
14568 0.930309 0.705278
14569 0.93031 0.705267
14570 0.930311 0.705241
14571 0.930311 0.705234
14572 0.930312 0.705243
14573 0.930313 0.705266
14574 0.930313 0.705303
14575 0.930314 0.705352
14576 0.930314 0.705412
14577 0.930315 0.705482
14578 0.930315 0.70556
14579 0.930315 0.705615
14580 0.930315 0.70568
14581 0.930315 0.705722
14582 0.930315 0.705745
14583 0.930315 0.70575
14584 0.930315 0.705739
14585 0.930315 0.705744
14586 0.930314 0.705765
14587 0.930314 0.705799
14588 0.930314 0.705846
14589 0.930314 0.705903
14590 0.930313 0.705939
14591 0.930313 0.705956
14592 0.930313 0.705956
14593 0.930313 0.70594
14594 0.930312 0.705909
14595 0.930312 0.705867
14596 0.930312 0.705812
14597 0.930312 0.705748
14598 0.930312 0.705674
14599 0.930312 0.705624
14600 0.930312 0.705562
14601 0.930312 0.705492
14602 0.930312 0.705444
14603 0.930312 0.705416
14604 0.930312 0.705407
14605 0.930312 0.705415
14606 0.930311 0.705406
14607 0.930311 0.705382
14608 0.930311 0.705345
14609 0.930311 0.705327
14610 0.930311 0.705327
14611 0.930311 0.705311
14612 0.930311 0.705281
14613 0.930311 0.705239
14614 0.930311 0.705216
14615 0.930311 0.70518
14616 0.930311 0.705163
14617 0.930311 0.705164
14618 0.930311 0.705149
14619 0.930311 0.705119
14620 0.93031 0.705108
14621 0.93031 0.705114
14622 0.930309 0.705136
14623 0.930309 0.70517
14624 0.930308 0.705217
14625 0.930307 0.705275
14626 0.930306 0.705343
14627 0.930305 0.705388
14628 0.930305 0.705413
14629 0.930304 0.70542
14630 0.930303 0.705411
14631 0.930303 0.705387
14632 0.930302 0.705349
14633 0.930302 0.7053
14634 0.930302 0.70524
14635 0.930301 0.705201
14636 0.930301 0.705182
14637 0.9303 0.705181
14638 0.9303 0.705164
14639 0.930299 0.705133
14640 0.930299 0.70509
14641 0.930299 0.705035
14642 0.930298 0.70497
14643 0.930298 0.704927
14644 0.930298 0.704904
14645 0.930297 0.704899
14646 0.930296 0.70491
14647 0.930296 0.704936
14648 0.930295 0.704944
14649 0.930295 0.704935
14650 0.930294 0.704943
14651 0.930294 0.704965
14652 0.930293 0.705001
14653 0.930292 0.705049
14654 0.930291 0.705077
14655 0.93029 0.705086
14656 0.930303 0.705102
14657 0.930328 0.705124
14658 0.930351 0.705129
14659 0.930371 0.705117
14660 0.930389 0.705122
14661 0.930406 0.705142
14662 0.93042 0.705145
14663 0.930433 0.705132
14664 0.930445 0.705135
14665 0.930455 0.705154
14666 0.930465 0.705187
14667 0.930473 0.705232
14668 0.93048 0.705289
14669 0.930487 0.705324
14670 0.930493 0.705339
14671 0.930498 0.705369
14672 0.930503 0.705381
14673 0.930507 0.705406
14674 0.93051 0.705414
14675 0.930514 0.705405
14676 0.930516 0.705413
14677 0.930519 0.705435
14678 0.930521 0.705471
14679 0.930523 0.705519
14680 0.930524 0.705578
14681 0.930525 0.705616
14682 0.930526 0.705634
14683 0.930527 0.705634
14684 0.930528 0.705619
14685 0.930529 0.70559
14686 0.93053 0.705579
14687 0.93053 0.705585
14688 0.930531 0.705574
14689 0.930531 0.705549
14690 0.930532 0.705511
14691 0.930532 0.705461
14692 0.930532 0.7054
14693 0.930532 0.705361
14694 0.930532 0.705342
14695 0.930532 0.70534
14696 0.930532 0.705354
14697 0.930531 0.705383
14698 0.930531 0.705393
14699 0.930531 0.705386
14700 0.93053 0.705396
14701 0.93053 0.70542
14702 0.930529 0.705457
14703 0.930529 0.705476
14704 0.930528 0.705476
14705 0.930528 0.705461
14706 0.930527 0.705463
14707 0.930527 0.705481
14708 0.930526 0.705512
14709 0.930525 0.705556
14710 0.930524 0.705612
14711 0.930524 0.705677
14712 0.930523 0.705752
14713 0.930522 0.705835
14714 0.930521 0.705894
14715 0.93052 0.705931
14716 0.930519 0.705949
14717 0.930519 0.705981
14718 0.930518 0.705994
14719 0.930517 0.70599
14720 0.930517 0.705971
14721 0.930516 0.705938
14722 0.930516 0.705892
14723 0.930515 0.705836
14724 0.930515 0.705769
14725 0.930515 0.705693
14726 0.930514 0.70561
14727 0.930514 0.70555
14728 0.930513 0.705512
14729 0.930513 0.705493
14730 0.930512 0.705492
14731 0.930512 0.705507
14732 0.930512 0.705505
14733 0.930511 0.705487
14734 0.930511 0.705455
14735 0.93051 0.705411
14736 0.93051 0.705355
14737 0.930509 0.705321
14738 0.930509 0.705306
14739 0.930508 0.705308
14740 0.930508 0.705294
14741 0.930507 0.705266
14742 0.930507 0.705256
14743 0.930506 0.705263
14744 0.930506 0.705254
14745 0.930505 0.705261
14746 0.930505 0.705283
14747 0.930504 0.705319
14748 0.930504 0.705335
14749 0.930503 0.705334
14750 0.930503 0.705317
14751 0.930502 0.705287
14752 0.930501 0.705244
14753 0.930501 0.70522
14754 0.9305 0.705215
14755 0.9305 0.705226
14756 0.930499 0.705252
14757 0.930499 0.705259
14758 0.930498 0.705281
14759 0.930497 0.705317
14760 0.930497 0.705365
14761 0.930496 0.705392
14762 0.930496 0.705433
14763 0.930495 0.705485
14764 0.930495 0.705547
14765 0.930494 0.705619
14766 0.930493 0.705699
14767 0.930493 0.705756
14768 0.930492 0.705823
14769 0.930505 0.705875
14770 0.93053 0.705914
14771 0.930567 0.705942
14772 0.9306 0.705951
14773 0.930629 0.705975
14774 0.930656 0.705981
14775 0.93068 0.705971
14776 0.930701 0.705946
14777 0.930721 0.705939
14778 0.930738 0.705949
14779 0.930754 0.705973
14780 0.930768 0.706011
14781 0.93078 0.706029
14782 0.930792 0.70603
14783 0.930802 0.706046
14784 0.930811 0.706076
14785 0.93082 0.706088
14786 0.930827 0.706082
14787 0.930834 0.706062
14788 0.930841 0.706028
14789 0.930846 0.705982
14790 0.930852 0.705956
14791 0.930856 0.705948
14792 0.930861 0.705957
14793 0.930864 0.70598
14794 0.930868 0.705986
14795 0.930871 0.705975
14796 0.930874 0.705949
14797 0.930877 0.705911
14798 0.930879 0.705892
14799 0.930881 0.705891
14800 0.930883 0.705874
14801 0.930885 0.705843
14802 0.930887 0.705799
14803 0.930889 0.705744
14804 0.930891 0.705679
14805 0.930893 0.705605
14806 0.930894 0.705522
14807 0.930896 0.705432
14808 0.930897 0.705335
14809 0.930899 0.705233
14810 0.9309 0.705156
14811 0.930901 0.705102
14812 0.930902 0.70507
14813 0.930903 0.705025
14814 0.930904 0.705001
14815 0.930905 0.704994
14816 0.930906 0.704972
14817 0.930906 0.704969
14818 0.930907 0.704981
14819 0.930907 0.705008
14820 0.930908 0.705016
14821 0.930908 0.705008
14822 0.930908 0.705017
14823 0.930909 0.70504
14824 0.930895 0.705053
14825 0.93087 0.705057
14826 0.930833 0.705053
14827 0.9308 0.705034
14828 0.93077 0.705001
14829 0.930744 0.704955
14830 0.930719 0.704899
14831 0.930697 0.704832
14832 0.930678 0.704757
14833 0.93066 0.704704
14834 0.930644 0.704673
14835 0.930629 0.70466
14836 0.930616 0.704664
14837 0.930605 0.704684
14838 0.930594 0.704686
14839 0.930585 0.704672
14840 0.93059 0.704667
14841 0.930608 0.70467
14842 0.930624 0.704688
14843 0.930639 0.704721
14844 0.930652 0.704734
14845 0.930664 0.70473
14846 0.930675 0.704711
14847 0.930684 0.704679
14848 0.930692 0.704633
14849 0.9307 0.704608
14850 0.930706 0.704602
14851 0.930712 0.704611
14852 0.930717 0.704604
14853 0.930722 0.704582
14854 0.930726 0.704547
14855 0.93073 0.70453
14856 0.930733 0.704531
14857 0.930736 0.704517
14858 0.930738 0.704488
14859 0.93074 0.704477
14860 0.930742 0.704484
14861 0.930744 0.704505
14862 0.930759 0.704532
14863 0.930787 0.704563
14864 0.930825 0.704599
14865 0.930874 0.704638
14866 0.930917 0.70469
14867 0.930943 0.704728
14868 0.930952 0.704755
14869 0.930947 0.704772
14870 0.930928 0.704779
14871 0.930898 0.704777
14872 0.930858 0.704768
14873 0.930835 0.704768
14874 0.930828 0.704775
14875 0.930836 0.704788
14876 0.930856 0.704808
14877 0.930875 0.70481
14878 0.930892 0.704796
14879 0.930907 0.704768
14880 0.93092 0.704758
14881 0.930932 0.704765
14882 0.930942 0.704787
14883 0.930965 0.704814
14884 0.930973 0.704846
14885 0.930966 0.704882
14886 0.930946 0.704923
14887 0.930914 0.704967
14888 0.930886 0.704992
14889 0.93086 0.704998
14890 0.930837 0.704988
14891 0.930816 0.704963
14892 0.930798 0.704957
14893 0.930781 0.704966
14894 0.930765 0.704991
14895 0.930752 0.705028
14896 0.930739 0.705078
14897 0.930728 0.705138
14898 0.930718 0.705177
14899 0.930708 0.705196
14900 0.9307 0.705197
14901 0.930692 0.705183
14902 0.930685 0.705154
14903 0.930679 0.705144
14904 0.930673 0.705151
14905 0.930667 0.705172
14906 0.930662 0.705176
14907 0.930658 0.705164
14908 0.930654 0.705137
14909 0.93065 0.705098
14910 0.930646 0.705046
14911 0.930643 0.705016
14912 0.93064 0.704972
14913 0.930637 0.704949
14914 0.930634 0.704913
14915 0.930631 0.704864
14916 0.930629 0.704836
14917 0.930627 0.704826
14918 0.930625 0.704802
14919 0.930623 0.704765
14920 0.930621 0.704746
14921 0.930619 0.704746
14922 0.930618 0.704761
14923 0.930616 0.70479
14924 0.930615 0.704832
14925 0.930613 0.704886
14926 0.930612 0.70495
14927 0.930611 0.704992
14928 0.93061 0.705013
14929 0.930609 0.705018
14930 0.930608 0.705037
14931 0.930607 0.70507
14932 0.930606 0.705115
14933 0.930605 0.705172
14934 0.930604 0.705239
14935 0.930602 0.705314
14936 0.930601 0.705398
14937 0.9306 0.705489
14938 0.930599 0.705556
14939 0.930598 0.7056
14940 0.930596 0.705623
14941 0.930595 0.705629
14942 0.930594 0.705619
14943 0.930593 0.705594
14944 0.930592 0.705556
14945 0.930592 0.705505
14946 0.930591 0.705476
14947 0.93059 0.705465
14948 0.930589 0.705471
14949 0.930588 0.705492
14950 0.930587 0.705527
14951 0.930586 0.705574
14952 0.930585 0.7056
14953 0.930584 0.705608
14954 0.930584 0.7056
14955 0.930583 0.705608
14956 0.930582 0.705631
14957 0.930581 0.705636
14958 0.93058 0.705625
14959 0.930579 0.7056
14960 0.930578 0.705561
14961 0.930577 0.705541
14962 0.93059 0.705531
14963 0.930616 0.70553
14964 0.930653 0.705536
14965 0.930686 0.705557
14966 0.930715 0.705592
14967 0.930742 0.705639
14968 0.930766 0.705697
14969 0.930788 0.705733
14970 0.930807 0.70575
14971 0.930824 0.705781
14972 0.93084 0.705825
14973 0.930854 0.705848
14974 0.930867 0.705854
14975 0.930878 0.705843
14976 0.930888 0.705818
14977 0.930898 0.705811
14978 0.930906 0.70582
14979 0.930914 0.705844
14980 0.93092 0.705882
14981 0.930927 0.7059
14982 0.930932 0.7059
14983 0.930937 0.705885
14984 0.930941 0.705887
14985 0.930945 0.705904
14986 0.930949 0.705904
14987 0.930938 0.705896
14988 0.930915 0.705882
14989 0.930894 0.705884
14990 0.930875 0.705871
14991 0.930859 0.705843
14992 0.930843 0.705834
14993 0.93083 0.705841
14994 0.930817 0.705863
14995 0.930806 0.705868
14996 0.930796 0.705856
14997 0.930787 0.70583
14998 0.930779 0.705822
14999 0.930771 0.70583
15000 0.930765 0.705822
