14000 0.931169 0.890409
14001 0.931187 0.890391
14002 0.931191 0.890382
14003 0.93118 0.890383
14004 0.931157 0.890391
14005 0.931149 0.890389
14006 0.931154 0.890379
14007 0.931172 0.890361
14008 0.931175 0.890352
14009 0.93119 0.890336
14010 0.931217 0.890312
14011 0.931254 0.890282
14012 0.931273 0.890262
14013 0.931278 0.890253
14014 0.931294 0.890236
14015 0.931296 0.890228
14016 0.931299 0.890237
14017 0.931303 0.89026
14018 0.931307 0.890297
14019 0.931298 0.890338
14020 0.931277 0.890382
14021 0.931244 0.890431
14022 0.931227 0.890465
14023 0.931225 0.890487
14024 0.931236 0.890498
14025 0.931259 0.8905
14026 0.931292 0.890492
14027 0.931308 0.890493
14028 0.93131 0.890501
14029 0.931324 0.8905
14030 0.931323 0.890508
14031 0.931309 0.890522
14032 0.931283 0.890543
14033 0.931246 0.890569
14034 0.931199 0.890601
14035 0.93117 0.890621
14036 0.931156 0.890631
14037 0.931157 0.89063
14038 0.931171 0.890621
14039 0.931196 0.890604
14040 0.93122 0.890604
14041 0.931244 0.890619
14042 0.931266 0.890649
14043 0.931287 0.890691
14044 0.93132 0.890721
14045 0.931335 0.890739
14046 0.931336 0.890764
14047 0.931323 0.890794
14048 0.931298 0.890813
14049 0.931262 0.890822
14050 0.931217 0.890822
14051 0.931162 0.890815
14052 0.931114 0.890823
14053 0.931073 0.890847
14054 0.931037 0.890883
14055 0.931006 0.890932
14056 0.930979 0.890991
14057 0.930957 0.89106
14058 0.930923 0.891114
14059 0.930906 0.891154
14060 0.930904 0.891182
14061 0.930914 0.891198
14062 0.930937 0.891204
14063 0.930944 0.891201
14064 0.930937 0.891191
14065 0.930917 0.891175
14066 0.930912 0.891151
14067 0.930921 0.891121
14068 0.930915 0.891102
14069 0.930897 0.891093
14070 0.930893 0.891076
14071 0.930876 0.891068
14072 0.930874 0.891053
14073 0.930858 0.891047
14074 0.930831 0.89105
14075 0.930793 0.89106
14076 0.930771 0.89106
14077 0.930765 0.891052
14078 0.930746 0.891052
14079 0.930715 0.89106
14080 0.930674 0.891075
14081 0.930623 0.891096
14082 0.930563 0.891123
14083 0.930523 0.891138
14084 0.9305 0.891143
14085 0.930492 0.891139
14086 0.930497 0.891127
14087 0.930489 0.891124
14088 0.930495 0.891113
14089 0.930513 0.891094
14090 0.930542 0.891068
14091 0.93057 0.891061
14092 0.930596 0.89107
14093 0.93062 0.891093
14094 0.930655 0.891106
14095 0.9307 0.891109
14096 0.930727 0.891119
14097 0.930752 0.891144
14098 0.930776 0.891182
14099 0.930799 0.891232
14100 0.930821 0.891292
14101 0.930827 0.891339
14102 0.930818 0.891373
14103 0.930798 0.891396
14104 0.930765 0.891409
14105 0.930749 0.891412
14106 0.930748 0.891406
14107 0.93076 0.891393
14108 0.930784 0.891372
14109 0.930819 0.891345
14110 0.930863 0.891313
14111 0.93089 0.891291
14112 0.9309 0.89128
14113 0.930896 0.891277
14114 0.930878 0.891282
14115 0.930876 0.891279
14116 0.930887 0.891267
14117 0.930883 0.891264
14118 0.930866 0.891269
14119 0.930837 0.891282
14120 0.930824 0.891285
14121 0.930799 0.891295
14122 0.930789 0.891295
14123 0.930794 0.891287
14124 0.930784 0.891288
14125 0.930789 0.89128
14126 0.930806 0.891264
14127 0.930808 0.891257
14128 0.930822 0.891243
14129 0.930849 0.891221
14130 0.930886 0.891193
14131 0.930905 0.891176
14132 0.930909 0.891168
14133 0.930899 0.891168
14134 0.930876 0.891176
14135 0.930842 0.891192
14136 0.930825 0.891197
14137 0.930822 0.891193
14138 0.930833 0.891181
14139 0.930855 0.891161
14140 0.930889 0.891135
14141 0.930905 0.891104
14142 0.930907 0.891068
14143 0.930909 0.891051
14144 0.930898 0.891028
14145 0.930874 0.891
14146 0.93084 0.890967
14147 0.930809 0.890952
14148 0.930783 0.890954
14149 0.930761 0.890972
14150 0.930742 0.891004
14151 0.930726 0.891048
14152 0.930698 0.891079
14153 0.930674 0.891124
14154 0.930653 0.891179
14155 0.930635 0.891244
14156 0.93062 0.891318
14157 0.93062 0.891377
14158 0.930633 0.891421
14159 0.930658 0.891453
14160 0.930694 0.891473
14161 0.930739 0.891482
14162 0.930793 0.891483
14163 0.930854 0.891475
14164 0.930896 0.89146
14165 0.930921 0.891439
14166 0.930929 0.891412
14167 0.930923 0.89138
14168 0.930904 0.891343
14169 0.930873 0.891302
14170 0.930832 0.891258
14171 0.930809 0.891209
14172 0.930774 0.891173
14173 0.930729 0.891149
14174 0.930675 0.891135
14175 0.930627 0.891137
14176 0.930585 0.891155
14177 0.930548 0.891187
14178 0.930516 0.891231
14179 0.930487 0.891287
14180 0.930475 0.891328
14181 0.930477 0.891357
14182 0.930492 0.891374
14183 0.930507 0.891406
14184 0.93052 0.891449
14185 0.930546 0.89148
14186 0.930582 0.8915
14187 0.930628 0.891509
14188 0.930682 0.891508
14189 0.930744 0.8915
14190 0.930786 0.891484
14191 0.930811 0.891462
14192 0.930819 0.891435
14193 0.930813 0.891403
14194 0.930794 0.891366
14195 0.930763 0.891325
14196 0.930749 0.89128
14197 0.930737 0.891255
14198 0.930727 0.891248
14199 0.930719 0.891257
14200 0.930713 0.891281
14201 0.930721 0.891294
14202 0.930741 0.891297
14203 0.930772 0.891292
14204 0.930813 0.891279
14205 0.930863 0.891258
14206 0.930895 0.891248
14207 0.93091 0.891246
14208 0.93091 0.891252
14209 0.930896 0.891265
14210 0.93087 0.891285
14211 0.93086 0.891294
14212 0.930864 0.891294
14213 0.930881 0.891286
14214 0.930882 0.891286
14215 0.93087 0.891294
14216 0.930872 0.891292
14217 0.930887 0.891283
14218 0.930914 0.891265
14219 0.930951 0.891241
14220 0.930971 0.891227
14221 0.930975 0.891222
14222 0.930965 0.891226
14223 0.930957 0.891244
14224 0.930951 0.891277
14225 0.930947 0.891322
14226 0.930944 0.891378
14227 0.930955 0.89142
14228 0.930978 0.891449
14229 0.930999 0.89149
14230 0.931005 0.89152
14231 0.930997 0.891539
14232 0.930976 0.891548
14233 0.93097 0.891548
14234 0.930978 0.89154
14235 0.930998 0.891523
14236 0.931002 0.891516
14237 0.930993 0.891518
14238 0.930971 0.891527
14239 0.930938 0.891543
14240 0.930894 0.891566
14241 0.930856 0.891601
14242 0.930835 0.891625
14243 0.930802 0.891639
14244 0.930759 0.891643
14245 0.930707 0.891639
14246 0.930673 0.891627
14247 0.930656 0.891608
14248 0.930653 0.891583
14249 0.930664 0.891551
14250 0.930661 0.891515
14251 0.930658 0.891498
14252 0.930657 0.891499
14253 0.930657 0.891515
14254 0.930671 0.891521
14255 0.930696 0.891518
14256 0.930731 0.891507
14257 0.930765 0.891512
14258 0.930808 0.891509
14259 0.93086 0.891498
14260 0.930907 0.891503
14261 0.930937 0.891515
14262 0.93095 0.891535
14263 0.930948 0.891544
14264 0.930933 0.891545
14265 0.930906 0.891537
14266 0.930868 0.891523
14267 0.93082 0.891503
14268 0.930763 0.891476
14269 0.930699 0.891445
14270 0.930654 0.891408
14271 0.930627 0.891367
14272 0.930603 0.891345
14273 0.930583 0.891341
14274 0.930578 0.891329
14275 0.930587 0.891309
14276 0.930607 0.891283
14277 0.930639 0.891252
14278 0.930681 0.891215
14279 0.93072 0.891197
14280 0.930756 0.891197
14281 0.930774 0.891204
14282 0.930778 0.891218
14283 0.930767 0.891239
14284 0.930744 0.891265
14285 0.93071 0.891297
14286 0.930665 0.891333
14287 0.930611 0.891373
14288 0.930576 0.891401
14289 0.930558 0.891417
14290 0.930542 0.891448
14291 0.930541 0.891467
14292 0.930554 0.891476
14293 0.930578 0.891475
14294 0.930613 0.891466
14295 0.930658 0.89145
14296 0.930712 0.891427
14297 0.930761 0.891421
14298 0.930806 0.891432
14299 0.930848 0.891458
14300 0.930886 0.891496
14301 0.930934 0.891522
14302 0.930964 0.891554
14303 0.930977 0.89159
14304 0.930975 0.891614
14305 0.93096 0.891629
14306 0.930933 0.891634
14307 0.930895 0.891631
14308 0.930847 0.89162
14309 0.930791 0.891603
14310 0.930726 0.891579
14311 0.930681 0.89155
14312 0.930642 0.891539
14313 0.930619 0.891521
14314 0.930613 0.891496
14315 0.930619 0.891465
14316 0.930627 0.891453
14317 0.930634 0.891457
14318 0.930642 0.891477
14319 0.93065 0.89151
14320 0.930658 0.891556
14321 0.930667 0.891613
14322 0.930676 0.891679
14323 0.930685 0.891755
14324 0.930706 0.891814
14325 0.930726 0.891883
14326 0.93073 0.891938
14327 0.930736 0.892003
14328 0.930727 0.892053
14329 0.93072 0.892114
14330 0.930715 0.892185
14331 0.930711 0.892264
14332 0.930694 0.892327
14333 0.930665 0.892377
14334 0.930626 0.892414
14335 0.930576 0.892439
14336 0.930518 0.892455
14337 0.930452 0.892461
14338 0.930379 0.892459
14339 0.9303 0.89245
14340 0.930242 0.892433
14341 0.930203 0.89241
14342 0.930181 0.892381
14343 0.930175 0.892347
14344 0.930182 0.892309
14345 0.930203 0.892266
14346 0.930222 0.892242
14347 0.93024 0.892237
14348 0.93027 0.892224
14349 0.93031 0.892204
14350 0.930347 0.892202
14351 0.930381 0.892216
14352 0.930413 0.892244
14353 0.930442 0.892285
14354 0.93047 0.892337
14355 0.930481 0.892376
14356 0.930477 0.892404
14357 0.93046 0.892422
14358 0.930431 0.89243
14359 0.930406 0.892453
14360 0.930384 0.892489
14361 0.930365 0.892537
14362 0.93035 0.892596
14363 0.930349 0.892641
14364 0.930361 0.892674
14365 0.930386 0.892695
14366 0.930421 0.892706
14367 0.930467 0.892707
14368 0.930508 0.892724
14369 0.930532 0.892732
14370 0.93054 0.892732
14371 0.930548 0.892747
14372 0.930541 0.892753
14373 0.930522 0.892751
14374 0.93049 0.892741
14375 0.930463 0.892748
14376 0.930439 0.89277
14377 0.930419 0.892806
14378 0.930387 0.89283
14379 0.930371 0.892844
14380 0.930371 0.892848
14381 0.930356 0.892845
14382 0.93033 0.892834
14383 0.930292 0.892817
14384 0.930245 0.892794
14385 0.930189 0.892766
14386 0.930124 0.892733
14387 0.930079 0.892695
14388 0.930053 0.892653
14389 0.930042 0.892608
14390 0.930046 0.892558
14391 0.930062 0.892506
14392 0.930091 0.892451
14393 0.930117 0.892417
14394 0.930141 0.892402
14395 0.930164 0.892404
14396 0.930186 0.892421
14397 0.930206 0.892452
14398 0.930224 0.892496
14399 0.930228 0.892528
14400 0.930217 0.892549
14401 0.930193 0.89256
14402 0.930159 0.892563
14403 0.930114 0.892558
14404 0.930074 0.892569
14405 0.930052 0.892571
14406 0.930045 0.892565
14407 0.930052 0.892552
14408 0.930073 0.892532
14409 0.930104 0.892506
14410 0.930146 0.892475
14411 0.930184 0.892462
14412 0.93022 0.892466
14413 0.930252 0.892486
14414 0.930283 0.892519
14415 0.930323 0.89254
14416 0.930373 0.892552
14417 0.930432 0.892554
14418 0.930485 0.892572
14419 0.930519 0.892581
14420 0.930537 0.892581
14421 0.930539 0.892573
14422 0.930527 0.892558
14423 0.930502 0.892538
14424 0.930481 0.892535
14425 0.930449 0.892524
14426 0.93042 0.892531
14427 0.930396 0.892552
14428 0.93036 0.892564
14429 0.930314 0.892567
14430 0.930259 0.892562
14431 0.930223 0.892549
14432 0.930203 0.89253
14433 0.930199 0.892504
14434 0.930209 0.892473
14435 0.930231 0.892437
14436 0.930265 0.892396
14437 0.930308 0.892351
14438 0.93036 0.892303
14439 0.930408 0.892275
14440 0.930452 0.892265
14441 0.930493 0.892272
14442 0.930516 0.892271
14443 0.930523 0.892262
14444 0.930516 0.892246
14445 0.930495 0.892225
14446 0.930463 0.892198
14447 0.930435 0.892189
14448 0.930411 0.892197
14449 0.930391 0.892219
14450 0.930373 0.892255
14451 0.930343 0.89228
14452 0.930303 0.892295
14453 0.930253 0.8923
14454 0.930221 0.892297
14455 0.930206 0.892286
14456 0.930206 0.892268
14457 0.930219 0.892244
14458 0.930244 0.892214
14459 0.93028 0.892179
14460 0.930326 0.892139
14461 0.93038 0.892095
14462 0.93043 0.892071
14463 0.930475 0.892065
14464 0.930517 0.892075
14465 0.930568 0.892076
14466 0.930601 0.89207
14467 0.930616 0.892056
14468 0.930631 0.892059
14469 0.930645 0.892078
14470 0.930644 0.892087
14471 0.93063 0.892087
14472 0.930618 0.892103
14473 0.930608 0.892133
14474 0.9306 0.892176
14475 0.930594 0.89223
14476 0.930589 0.892294
14477 0.930585 0.892368
14478 0.930583 0.892449
14479 0.930582 0.892539
14480 0.930582 0.892635
14481 0.930583 0.892737
14482 0.930584 0.892844
14483 0.930572 0.892933
14484 0.930547 0.893006
14485 0.930511 0.893063
14486 0.930465 0.893108
14487 0.930437 0.89314
14488 0.930425 0.89316
14489 0.930401 0.893171
14490 0.930392 0.893173
14491 0.930371 0.893167
14492 0.930365 0.893154
14493 0.930373 0.893134
14494 0.930366 0.893108
14495 0.930374 0.893077
14496 0.930394 0.893041
14497 0.930399 0.893001
14498 0.930389 0.892958
14499 0.930367 0.892911
14500 0.930333 0.892862
14501 0.930288 0.89281
14502 0.930235 0.892756
14503 0.9302 0.892699
14504 0.930182 0.892639
14505 0.930166 0.892602
14506 0.930153 0.892583
14507 0.930155 0.892558
14508 0.93017 0.892528
14509 0.930184 0.892517
14510 0.930197 0.892522
14511 0.93021 0.892542
14512 0.930223 0.892576
14513 0.930235 0.892622
14514 0.930259 0.892655
14515 0.930294 0.892677
14516 0.930339 0.892689
14517 0.93038 0.892715
14518 0.930404 0.892732
14519 0.930411 0.892739
14520 0.930404 0.892737
14521 0.930399 0.892752
14522 0.930395 0.89278
14523 0.930392 0.892822
14524 0.93039 0.892875
14525 0.930389 0.892938
14526 0.93039 0.893011
14527 0.930376 0.893069
14528 0.930377 0.893113
14529 0.930392 0.893144
14530 0.930418 0.893165
14531 0.930429 0.893176
14532 0.930424 0.893178
14533 0.930433 0.893172
14534 0.930428 0.893159
14535 0.930409 0.89314
14536 0.930406 0.893115
14537 0.930416 0.893084
14538 0.930439 0.893048
14539 0.930446 0.893008
14540 0.930465 0.892965
14541 0.930496 0.892917
14542 0.930537 0.892866
14543 0.930575 0.892835
14544 0.93061 0.892824
14545 0.930642 0.892829
14546 0.930684 0.892826
14547 0.930709 0.892815
14548 0.930717 0.892798
14549 0.93071 0.892774
14550 0.930691 0.892746
14551 0.93066 0.892712
14552 0.930645 0.892674
14553 0.930645 0.892632
14554 0.930659 0.892585
14555 0.930657 0.892536
14556 0.930669 0.892483
14557 0.930666 0.892428
14558 0.930676 0.89237
14559 0.930699 0.892309
14560 0.930706 0.892247
14561 0.930699 0.892184
14562 0.930678 0.892119
14563 0.930673 0.892052
14564 0.93067 0.892008
14565 0.930679 0.89196
14566 0.930701 0.891908
14567 0.930734 0.891853
14568 0.930765 0.891819
14569 0.930793 0.891804
14570 0.930819 0.891807
14571 0.930843 0.891824
14572 0.930851 0.891832
14573 0.930844 0.891832
14574 0.930839 0.891847
14575 0.930835 0.891877
14576 0.930833 0.891919
14577 0.930831 0.891972
14578 0.93083 0.892036
14579 0.93083 0.892109
14580 0.93083 0.892191
14581 0.930831 0.89228
14582 0.930819 0.892352
14583 0.930794 0.89241
14584 0.930772 0.892477
14585 0.930739 0.89253
14586 0.930695 0.89257
14587 0.930669 0.892598
14588 0.930659 0.892615
14589 0.930663 0.892622
14590 0.93068 0.89262
14591 0.930709 0.89261
14592 0.930749 0.892592
14593 0.930797 0.892568
14594 0.930827 0.892539
14595 0.930841 0.892505
14596 0.930839 0.892467
14597 0.930824 0.892424
14598 0.930797 0.892379
14599 0.930785 0.892329
14600 0.930788 0.892277
14601 0.930804 0.892221
14602 0.930805 0.892163
14603 0.930792 0.892103
14604 0.930793 0.89204
14605 0.930808 0.891976
14606 0.930834 0.891909
14607 0.930871 0.89184
14608 0.930917 0.89177
14609 0.930959 0.891722
14610 0.930998 0.891695
14611 0.931019 0.891678
14612 0.931025 0.891671
14613 0.931016 0.891672
14614 0.930995 0.891681
14615 0.930962 0.891697
14616 0.930918 0.891719
14617 0.930866 0.891746
14618 0.930831 0.891762
14619 0.930813 0.891768
14620 0.930811 0.891765
14621 0.930821 0.891753
14622 0.930844 0.891735
14623 0.930877 0.891709
14624 0.930908 0.891702
14625 0.930937 0.891711
14626 0.930976 0.89171
14627 0.931024 0.891702
14628 0.931068 0.891709
14629 0.931108 0.891732
14630 0.931131 0.891744
14631 0.931138 0.891748
14632 0.931131 0.891743
14633 0.931125 0.891754
14634 0.931121 0.89178
14635 0.931103 0.891796
14636 0.931073 0.891802
14637 0.931033 0.8918
14638 0.930984 0.89179
14639 0.930925 0.891774
14640 0.930886 0.89175
14641 0.930864 0.891721
14642 0.930844 0.89171
14643 0.930828 0.891716
14644 0.930826 0.891713
14645 0.930838 0.891702
14646 0.930849 0.891707
14647 0.93086 0.891728
14648 0.93087 0.891762
14649 0.93088 0.891808
14650 0.930903 0.891841
14651 0.930923 0.891887
14652 0.930943 0.891944
14653 0.930947 0.891987
14654 0.930937 0.892018
14655 0.930914 0.892038
14656 0.93088 0.892049
14657 0.930836 0.892051
14658 0.93081 0.892044
14659 0.930799 0.892029
14660 0.930803 0.892008
14661 0.930819 0.89198
14662 0.930847 0.891947
14663 0.930886 0.891908
14664 0.930933 0.891865
14665 0.93099 0.891818
14666 0.931027 0.891767
14667 0.931061 0.891738
14668 0.931092 0.891727
14669 0.931122 0.891733
14670 0.931149 0.891753
14671 0.931174 0.891788
14672 0.931198 0.891834
14673 0.931205 0.891868
14674 0.931199 0.891891
14675 0.931179 0.89192
14676 0.931148 0.891953
14677 0.931133 0.891975
14678 0.931133 0.891986
14679 0.931146 0.891987
14680 0.931171 0.89198
14681 0.931207 0.891965
14682 0.931225 0.891944
14683 0.931228 0.891917
14684 0.931218 0.891885
14685 0.931194 0.891864
14686 0.931174 0.891861
14687 0.931157 0.891873
14688 0.931128 0.891877
14689 0.931088 0.891872
14690 0.931039 0.89186
14691 0.930981 0.891842
14692 0.930942 0.891817
14693 0.930919 0.891785
14694 0.9309 0.891773
14695 0.930884 0.891777
14696 0.930882 0.891773
14697 0.930894 0.89176
14698 0.930918 0.89174
14699 0.930952 0.891713
14700 0.930996 0.89168
14701 0.931036 0.891667
14702 0.931073 0.89167
14703 0.931108 0.891688
14704 0.931139 0.891721
14705 0.931169 0.891766
14706 0.931196 0.891822
14707 0.931207 0.891864
14708 0.931203 0.891895
14709 0.931186 0.89193
14710 0.931157 0.89197
14711 0.931118 0.892013
14712 0.931095 0.892044
14713 0.931088 0.892063
14714 0.931095 0.892071
14715 0.931102 0.892095
14716 0.931109 0.892131
14717 0.931129 0.892156
14718 0.93116 0.89217
14719 0.931201 0.892173
14720 0.931224 0.892169
14721 0.931231 0.892157
14722 0.931224 0.892138
14723 0.931204 0.892114
14724 0.931172 0.892084
14725 0.93113 0.892049
14726 0.931078 0.89201
14727 0.931045 0.891966
14728 0.931028 0.891918
14729 0.931026 0.891867
14730 0.931037 0.891811
14731 0.931061 0.891753
14732 0.931082 0.891716
14733 0.931088 0.891691
14734 0.93108 0.891676
14735 0.931059 0.89167
14736 0.931026 0.891672
14737 0.930983 0.891682
14738 0.930957 0.891683
14739 0.930947 0.891675
14740 0.930952 0.891659
14741 0.930956 0.89166
14742 0.930961 0.891677
14743 0.930966 0.891707
14744 0.930971 0.891751
14745 0.93099 0.891781
14746 0.931019 0.8918
14747 0.931032 0.891809
14748 0.93103 0.89181
14749 0.931014 0.891802
14750 0.931001 0.891811
14751 0.93099 0.891835
14752 0.930967 0.891849
14753 0.930932 0.891853
14754 0.930914 0.891849
14755 0.93091 0.891837
14756 0.930921 0.891817
14757 0.930943 0.891791
14758 0.930977 0.891759
14759 0.931008 0.891745
14760 0.931036 0.891749
14761 0.931063 0.891768
14762 0.931087 0.891801
14763 0.931111 0.891846
14764 0.931132 0.891902
14765 0.931138 0.891945
14766 0.93113 0.891976
14767 0.931123 0.892019
14768 0.931118 0.892074
14769 0.931115 0.892139
14770 0.931112 0.892213
14771 0.931111 0.892295
14772 0.931096 0.892362
14773 0.931069 0.892414
14774 0.931031 0.892453
14775 0.930983 0.89248
14776 0.930926 0.892497
14777 0.930861 0.892505
14778 0.930816 0.892503
14779 0.930789 0.892493
14780 0.930778 0.892476
14781 0.930781 0.892452
14782 0.93077 0.892422
14783 0.930773 0.892387
14784 0.93079 0.892348
14785 0.930805 0.892328
14786 0.93082 0.892325
14787 0.930834 0.892339
14788 0.930847 0.892366
14789 0.930872 0.892383
14790 0.930908 0.89239
14791 0.930954 0.892387
14792 0.931008 0.892377
14793 0.931044 0.892359
14794 0.931062 0.892336
14795 0.931065 0.892307
14796 0.931053 0.892274
14797 0.93103 0.892236
14798 0.930995 0.892194
14799 0.930949 0.892148
14800 0.930922 0.892099
14801 0.93091 0.892046
14802 0.930901 0.892014
14803 0.930905 0.891977
14804 0.930923 0.891935
14805 0.930952 0.891889
14806 0.930991 0.891839
14807 0.931039 0.891786
14808 0.931096 0.891729
14809 0.93116 0.89167
14810 0.931205 0.891624
14811 0.931231 0.891591
14812 0.931241 0.891569
14813 0.931237 0.891557
14814 0.931219 0.891554
14815 0.931189 0.891559
14816 0.931149 0.891572
14817 0.931126 0.891575
14818 0.931119 0.891569
14819 0.931099 0.891571
14820 0.931093 0.891565
14821 0.931089 0.891574
14822 0.931099 0.891575
14823 0.931121 0.891566
14824 0.931153 0.89155
14825 0.931196 0.891527
14826 0.931247 0.891498
14827 0.931306 0.891463
14828 0.931346 0.891439
14829 0.931369 0.891425
14830 0.931375 0.891421
14831 0.931367 0.891425
14832 0.931347 0.891437
14833 0.931315 0.891439
14834 0.931272 0.891434
14835 0.931247 0.89142
14836 0.931238 0.891399
14837 0.931242 0.891371
14838 0.931259 0.891337
14839 0.931288 0.891298
14840 0.931326 0.891254
14841 0.931347 0.891223
14842 0.931353 0.891202
14843 0.931344 0.891192
14844 0.931323 0.89119
14845 0.93129 0.891197
14846 0.931247 0.891211
14847 0.931209 0.891239
14848 0.931175 0.891279
14849 0.931145 0.891332
14850 0.931131 0.89137
14851 0.931132 0.891397
14852 0.931145 0.891411
14853 0.931144 0.891417
14854 0.931129 0.891414
14855 0.931102 0.891419
14856 0.931064 0.891432
14857 0.931017 0.891451
14858 0.930987 0.891459
14859 0.930973 0.891458
14860 0.930974 0.891449
14861 0.930975 0.891456
14862 0.930963 0.891471
14863 0.930938 0.891491
14864 0.930902 0.891518
14865 0.930856 0.891549
14866 0.930828 0.891569
14867 0.930815 0.891578
14868 0.930817 0.891578
14869 0.930832 0.891569
14870 0.930859 0.891553
14871 0.930896 0.891529
14872 0.930942 0.891499
14873 0.930971 0.89148
14874 0.930982 0.891471
14875 0.930979 0.89147
14876 0.93099 0.891461
14877 0.931012 0.891444
14878 0.931045 0.89142
14879 0.931062 0.891407
14880 0.931063 0.891402
14881 0.931077 0.891389
14882 0.931102 0.891369
14883 0.931126 0.891367
14884 0.931147 0.89138
14885 0.931167 0.891408
14886 0.931198 0.891424
14887 0.931226 0.891455
14888 0.931237 0.89149
14889 0.931234 0.89153
14890 0.931218 0.891573
14891 0.931216 0.891603
14892 0.931228 0.891622
14893 0.931225 0.891647
14894 0.931235 0.89166
14895 0.931257 0.891664
14896 0.931264 0.891675
14897 0.931256 0.891693
14898 0.931262 0.8917
14899 0.931254 0.891714
14900 0.931233 0.891735
14901 0.931201 0.891762
14902 0.931185 0.891777
14903 0.931157 0.891783
14904 0.931118 0.891781
14905 0.931096 0.89177
14906 0.931089 0.891752
14907 0.931097 0.891727
14908 0.931116 0.891696
14909 0.931147 0.891659
14910 0.931161 0.891618
14911 0.93116 0.891589
14912 0.931146 0.891571
14913 0.93112 0.891563
14914 0.931082 0.891563
14915 0.931035 0.891571
14916 0.930979 0.891586
14917 0.930915 0.891607
14918 0.93087 0.891618
14919 0.930843 0.891619
14920 0.930832 0.891612
14921 0.930835 0.891596
14922 0.930851 0.891574
14923 0.930852 0.891562
14924 0.930839 0.891558
14925 0.930841 0.891547
14926 0.930829 0.891544
14927 0.930818 0.891558
14928 0.930808 0.891585
14929 0.930799 0.891626
14930 0.930792 0.891678
14931 0.930798 0.891716
14932 0.930817 0.891743
14933 0.930834 0.891782
14934 0.930849 0.891833
14935 0.930863 0.891895
14936 0.930876 0.891966
14937 0.930887 0.892046
14938 0.930898 0.892133
14939 0.930893 0.892204
14940 0.930876 0.89226
14941 0.930846 0.892303
14942 0.930806 0.892334
14943 0.930756 0.892354
14944 0.930697 0.892365
14945 0.930631 0.892367
14946 0.930584 0.89236
14947 0.930556 0.892346
14948 0.930543 0.892324
14949 0.930545 0.892297
14950 0.93056 0.892264
14951 0.930587 0.892225
14952 0.930624 0.892183
14953 0.930671 0.892136
14954 0.930727 0.892085
14955 0.93079 0.892032
14956 0.93086 0.891975
14957 0.930923 0.891939
14958 0.93098 0.891923
14959 0.931031 0.891924
14960 0.931078 0.891941
14961 0.931119 0.891971
14962 0.931156 0.892015
14963 0.93119 0.892069
14964 0.931207 0.892111
14965 0.931208 0.89214
14966 0.931196 0.892159
14967 0.931171 0.892168
14968 0.931135 0.892168
14969 0.931089 0.89216
14970 0.931048 0.892169
14971 0.931011 0.892193
14972 0.930977 0.89223
14973 0.930947 0.892279
14974 0.930933 0.892315
14975 0.930934 0.892339
14976 0.930947 0.892352
14977 0.930973 0.892355
14978 0.930983 0.89235
14979 0.930978 0.892338
14980 0.930959 0.892319
14981 0.930929 0.892295
14982 0.930889 0.892265
14983 0.930838 0.892231
14984 0.930793 0.892215
14985 0.930752 0.892217
14986 0.930729 0.892211
14987 0.930721 0.892196
14988 0.930727 0.892175
14989 0.930746 0.892147
14990 0.930776 0.892114
14991 0.930817 0.892075
14992 0.930853 0.892056
14993 0.930886 0.892055
14994 0.930916 0.892069
14995 0.930942 0.892098
14996 0.930966 0.892139
14997 0.930988 0.892193
14998 0.931021 0.892232
14999 0.931063 0.892259
15000 0.931115 0.892275
