14000 0.925901 0.828058
14001 0.925897 0.828119
14002 0.925892 0.828159
14003 0.925886 0.828179
14004 0.925879 0.828181
14005 0.925871 0.828168
14006 0.925863 0.828141
14007 0.925855 0.828101
14008 0.925846 0.828049
14009 0.925837 0.828018
14010 0.925827 0.828005
14011 0.925818 0.82801
14012 0.925808 0.828029
14013 0.925798 0.828063
14014 0.925788 0.828108
14015 0.925777 0.828134
14016 0.925767 0.828141
14017 0.925755 0.828132
14018 0.925744 0.828108
14019 0.925732 0.828071
14020 0.92572 0.828023
14021 0.925709 0.827994
14022 0.925697 0.827984
14023 0.925685 0.827991
14024 0.925673 0.828013
14025 0.925662 0.828048
14026 0.92565 0.828095
14027 0.925638 0.828153
14028 0.925626 0.828221
14029 0.925615 0.828297
14030 0.925603 0.82835
14031 0.925591 0.828383
14032 0.925578 0.828396
14033 0.925566 0.828393
14034 0.925553 0.828406
14035 0.925541 0.828433
14036 0.925529 0.828473
14037 0.925516 0.828493
14038 0.925504 0.828496
14039 0.925491 0.828514
14040 0.925478 0.828514
14041 0.925466 0.82853
14042 0.925453 0.828529
14043 0.92544 0.828513
14044 0.925427 0.828514
14045 0.925414 0.82853
14046 0.925401 0.828529
14047 0.925388 0.828544
14048 0.925375 0.828572
14049 0.925377 0.828606
14050 0.925378 0.828652
14051 0.925377 0.828678
14052 0.925375 0.828686
14053 0.925371 0.828677
14054 0.925367 0.828685
14055 0.925362 0.828707
14056 0.925356 0.828743
14057 0.925349 0.828791
14058 0.925342 0.828819
14059 0.925349 0.828851
14060 0.925354 0.828865
14061 0.925357 0.828862
14062 0.925358 0.828844
14063 0.925358 0.828812
14064 0.925356 0.828768
14065 0.925354 0.828712
14066 0.925364 0.828671
14067 0.925388 0.828641
14068 0.925407 0.828629
14069 0.925424 0.828635
14070 0.925437 0.828655
14071 0.925449 0.828689
14072 0.925457 0.828704
14073 0.925464 0.828702
14074 0.925468 0.828716
14075 0.925471 0.828743
14076 0.925473 0.828753
14077 0.925473 0.828746
14078 0.925471 0.828724
14079 0.925469 0.828689
14080 0.925465 0.828642
14081 0.925476 0.828607
14082 0.925498 0.828584
14083 0.925532 0.828571
14084 0.925576 0.828567
14085 0.925614 0.82858
14086 0.925648 0.828606
14087 0.925676 0.828645
14088 0.925701 0.828696
14089 0.925737 0.82875
14090 0.925768 0.828783
14091 0.925795 0.828797
14092 0.925818 0.828794
14093 0.925837 0.828776
14094 0.925868 0.828767
14095 0.925895 0.828775
14096 0.925918 0.828797
14097 0.925938 0.828833
14098 0.925969 0.828873
14099 0.92601 0.828917
14100 0.926061 0.828964
14101 0.926106 0.828991
14102 0.926145 0.829
14103 0.926179 0.828992
14104 0.926208 0.82897
14105 0.926233 0.828934
14106 0.926255 0.828886
14107 0.926273 0.828828
14108 0.926289 0.82879
14109 0.926302 0.828773
14110 0.926312 0.828772
14111 0.926321 0.828787
14112 0.926327 0.828817
14113 0.926332 0.828858
14114 0.926335 0.828912
14115 0.926337 0.828975
14116 0.926337 0.829017
14117 0.926337 0.829038
14118 0.926335 0.829042
14119 0.926332 0.829031
14120 0.926328 0.829004
14121 0.926324 0.828996
14122 0.926319 0.829004
14123 0.926313 0.829027
14124 0.926307 0.829033
14125 0.926301 0.829022
14126 0.926293 0.828996
14127 0.926286 0.828958
14128 0.926278 0.828908
14129 0.92627 0.828878
14130 0.926261 0.828867
14131 0.926253 0.828872
14132 0.926244 0.828893
14133 0.926234 0.828896
14134 0.926225 0.828883
14135 0.926215 0.828856
14136 0.926205 0.828816
14137 0.926195 0.828796
14138 0.9262 0.828785
14139 0.926218 0.828783
14140 0.926247 0.828789
14141 0.926273 0.828779
14142 0.926294 0.828754
14143 0.926313 0.828717
14144 0.926328 0.828667
14145 0.926341 0.828607
14146 0.926366 0.82856
14147 0.926402 0.828526
14148 0.926433 0.828511
14149 0.92646 0.828513
14150 0.926484 0.82853
14151 0.926504 0.828562
14152 0.926521 0.828605
14153 0.926535 0.82866
14154 0.926547 0.828725
14155 0.926556 0.828767
14156 0.926564 0.82879
14157 0.92657 0.828796
14158 0.926589 0.828808
14159 0.926619 0.828827
14160 0.92666 0.828852
14161 0.926695 0.828858
14162 0.926741 0.828872
14163 0.926781 0.828869
14164 0.926816 0.828851
14165 0.926847 0.828819
14166 0.926873 0.828775
14167 0.926896 0.82875
14168 0.926915 0.828744
14169 0.926932 0.828754
14170 0.926946 0.828747
14171 0.926958 0.828726
14172 0.926967 0.828722
14173 0.926975 0.828734
14174 0.926981 0.82876
14175 0.926985 0.8288
14176 0.926988 0.82882
14177 0.92699 0.828822
14178 0.926991 0.82884
14179 0.926991 0.828871
14180 0.92699 0.828915
14181 0.926988 0.82897
14182 0.926985 0.829035
14183 0.926981 0.829078
14184 0.926978 0.829101
14185 0.926973 0.829107
14186 0.926968 0.829096
14187 0.926963 0.829071
14188 0.926957 0.829032
14189 0.926951 0.829013
14190 0.926945 0.829012
14191 0.926938 0.829026
14192 0.926931 0.829023
14193 0.926924 0.829005
14194 0.926917 0.828973
14195 0.926909 0.828929
14196 0.926901 0.828905
14197 0.926893 0.828899
14198 0.926885 0.828909
14199 0.926877 0.828934
14200 0.926868 0.82894
14201 0.92686 0.82893
14202 0.926851 0.828906
14203 0.926842 0.828869
14204 0.926833 0.828851
14205 0.926824 0.82885
14206 0.926815 0.828865
14207 0.926806 0.828894
14208 0.926796 0.828904
14209 0.926787 0.828898
14210 0.926777 0.828877
14211 0.926768 0.828874
14212 0.926758 0.828886
14213 0.926748 0.828913
14214 0.926738 0.828953
14215 0.926728 0.828973
14216 0.926718 0.828976
14217 0.926708 0.828962
14218 0.926698 0.828966
14219 0.926688 0.828985
14220 0.926678 0.829018
14221 0.926668 0.829062
14222 0.926658 0.829119
14223 0.926648 0.829153
14224 0.926637 0.829169
14225 0.926627 0.829168
14226 0.926617 0.829182
14227 0.926606 0.829211
14228 0.926596 0.829252
14229 0.926585 0.829305
14230 0.92659 0.82936
14231 0.926592 0.829394
14232 0.926593 0.829409
14233 0.926593 0.829407
14234 0.926592 0.82939
14235 0.92659 0.829359
14236 0.926587 0.829315
14237 0.926583 0.829291
14238 0.926579 0.829285
14239 0.926574 0.829296
14240 0.926568 0.82929
14241 0.926562 0.829268
14242 0.926555 0.829234
14243 0.926549 0.829187
14244 0.926556 0.829153
14245 0.926561 0.829138
14246 0.926565 0.829139
14247 0.926567 0.829156
14248 0.926569 0.829187
14249 0.926569 0.8292
14250 0.926568 0.829195
14251 0.926566 0.829176
14252 0.926563 0.829142
14253 0.92656 0.829128
14254 0.926556 0.829131
14255 0.926551 0.829149
14256 0.926546 0.829181
14257 0.92654 0.829194
14258 0.926534 0.82919
14259 0.926527 0.829202
14260 0.92652 0.829197
14261 0.926513 0.829208
14262 0.926505 0.829203
14263 0.926497 0.829183
14264 0.926489 0.829149
14265 0.92648 0.829103
14266 0.926472 0.829046
14267 0.926463 0.82901
14268 0.926453 0.828994
14269 0.926444 0.828994
14270 0.926435 0.828979
14271 0.926425 0.82895
14272 0.926415 0.828908
14273 0.92642 0.828879
14274 0.926438 0.828859
14275 0.926468 0.82885
14276 0.926508 0.828849
14277 0.926543 0.828833
14278 0.926574 0.828803
14279 0.9266 0.82876
14280 0.926623 0.828737
14281 0.926643 0.828732
14282 0.926659 0.828743
14283 0.926673 0.828769
14284 0.926684 0.828807
14285 0.926693 0.828858
14286 0.9267 0.828918
14287 0.926705 0.828989
14288 0.926709 0.829067
14289 0.926711 0.829123
14290 0.926712 0.829157
14291 0.926712 0.829172
14292 0.926711 0.82917
14293 0.926709 0.829184
14294 0.926707 0.829212
14295 0.926703 0.829253
14296 0.926699 0.829274
14297 0.926694 0.829278
14298 0.926689 0.829265
14299 0.926683 0.829238
14300 0.926676 0.82923
14301 0.92667 0.829238
14302 0.926663 0.82926
14303 0.926655 0.829265
14304 0.926647 0.829254
14305 0.926639 0.829228
14306 0.926631 0.829221
14307 0.926622 0.82923
14308 0.926614 0.829253
14309 0.926605 0.82929
14310 0.926596 0.829338
14311 0.926586 0.829367
14312 0.926577 0.829376
14313 0.926568 0.82937
14314 0.926558 0.829348
14315 0.926549 0.829313
14316 0.926539 0.829265
14317 0.926529 0.829238
14318 0.92652 0.82923
14319 0.92651 0.829237
14320 0.9265 0.82926
14321 0.92649 0.829296
14322 0.92648 0.829344
14323 0.926471 0.829403
14324 0.926461 0.829472
14325 0.926451 0.829549
14326 0.926441 0.829634
14327 0.926431 0.829726
14328 0.926421 0.829825
14329 0.926412 0.829929
14330 0.926402 0.830008
14331 0.926392 0.830063
14332 0.926381 0.830097
14333 0.926371 0.830143
14334 0.926361 0.830169
14335 0.926351 0.830176
14336 0.926341 0.830168
14337 0.926331 0.830144
14338 0.92632 0.830108
14339 0.92631 0.83009
14340 0.9263 0.830059
14341 0.92629 0.830015
14342 0.92628 0.82996
14343 0.926284 0.829919
14344 0.926302 0.829889
14345 0.926331 0.82987
14346 0.926371 0.829861
14347 0.926421 0.829861
14348 0.926479 0.829868
14349 0.92653 0.82989
14350 0.926575 0.829926
14351 0.926615 0.829973
14352 0.92665 0.830001
14353 0.92668 0.83001
14354 0.926707 0.830033
14355 0.92673 0.830039
14356 0.926764 0.830052
14357 0.926794 0.830079
14358 0.92682 0.830119
14359 0.926842 0.83014
14360 0.926861 0.830173
14361 0.926878 0.83022
14362 0.926892 0.830277
14363 0.926904 0.830313
14364 0.926913 0.830329
14365 0.926921 0.83036
14366 0.926927 0.830403
14367 0.926932 0.830458
14368 0.926935 0.830522
14369 0.926937 0.830565
14370 0.926938 0.830587
14371 0.926938 0.830592
14372 0.926938 0.830581
14373 0.926936 0.830555
14374 0.926933 0.830547
14375 0.92693 0.830556
14376 0.926927 0.830548
14377 0.926923 0.830526
14378 0.926918 0.830521
14379 0.926913 0.830501
14380 0.926908 0.830468
14381 0.926902 0.830422
14382 0.926896 0.830397
14383 0.926904 0.830381
14384 0.926925 0.830375
14385 0.926943 0.830354
14386 0.926958 0.83032
14387 0.926971 0.830273
14388 0.926982 0.830216
14389 0.926992 0.830148
14390 0.926999 0.830072
14391 0.927005 0.830019
14392 0.927009 0.829987
14393 0.927013 0.829974
14394 0.927015 0.829946
14395 0.927016 0.829937
14396 0.927016 0.829944
14397 0.927015 0.829966
14398 0.927014 0.830002
14399 0.927012 0.830049
14400 0.927009 0.830108
14401 0.927006 0.830144
14402 0.927002 0.830162
14403 0.926998 0.830162
14404 0.926993 0.830147
14405 0.926989 0.830118
14406 0.926984 0.830076
14407 0.926978 0.830053
14408 0.926973 0.830049
14409 0.926967 0.830061
14410 0.926961 0.830087
14411 0.926955 0.830126
14412 0.926948 0.830145
14413 0.926941 0.830147
14414 0.926935 0.830165
14415 0.926928 0.830196
14416 0.926921 0.830209
14417 0.926914 0.830204
14418 0.926906 0.830216
14419 0.926899 0.830242
14420 0.926891 0.83025
14421 0.926884 0.830273
14422 0.926876 0.830278
14423 0.926868 0.830266
14424 0.92686 0.830241
14425 0.926852 0.830233
14426 0.926843 0.830242
14427 0.926835 0.830265
14428 0.926826 0.830271
14429 0.926818 0.830261
14430 0.926809 0.830235
14431 0.926801 0.830197
14432 0.926792 0.830147
14433 0.926784 0.830087
14434 0.926775 0.830048
14435 0.926767 0.830028
14436 0.926758 0.830026
14437 0.926749 0.83004
14438 0.92674 0.830037
14439 0.926732 0.830019
14440 0.926723 0.829987
14441 0.926714 0.829942
14442 0.926705 0.829917
14443 0.926696 0.829911
14444 0.926687 0.829921
14445 0.926678 0.829945
14446 0.926669 0.829952
14447 0.92666 0.829942
14448 0.926651 0.829917
14449 0.926656 0.829903
14450 0.926675 0.829898
14451 0.926705 0.829901
14452 0.926746 0.829912
14453 0.926796 0.829929
14454 0.92684 0.829929
14455 0.926879 0.829914
14456 0.926913 0.829884
14457 0.926943 0.829842
14458 0.92697 0.829788
14459 0.926992 0.829756
14460 0.927012 0.829742
14461 0.927028 0.829745
14462 0.927043 0.829733
14463 0.927054 0.829706
14464 0.927064 0.829697
14465 0.927072 0.829704
14466 0.927078 0.829727
14467 0.927083 0.829763
14468 0.927086 0.82978
14469 0.927088 0.829779
14470 0.927089 0.829794
14471 0.927089 0.829823
14472 0.927088 0.829865
14473 0.927086 0.829919
14474 0.927084 0.829982
14475 0.92708 0.830055
14476 0.927077 0.830136
14477 0.927072 0.830225
14478 0.927067 0.83032
14479 0.927062 0.830422
14480 0.927057 0.830529
14481 0.927051 0.83061
14482 0.927044 0.830667
14483 0.927038 0.830703
14484 0.927031 0.830719
14485 0.927024 0.830718
14486 0.927032 0.830726
14487 0.927037 0.830748
14488 0.927042 0.830783
14489 0.927045 0.830799
14490 0.927047 0.830799
14491 0.927048 0.830813
14492 0.927048 0.830842
14493 0.927047 0.830853
14494 0.927045 0.830846
14495 0.927043 0.830825
14496 0.92704 0.83079
14497 0.927037 0.830744
14498 0.927033 0.830686
14499 0.927028 0.830649
14500 0.927024 0.830601
14501 0.927019 0.830542
14502 0.927013 0.830473
14503 0.927008 0.830395
14504 0.927002 0.830341
14505 0.92701 0.8303
14506 0.927031 0.830271
14507 0.927049 0.83026
14508 0.927065 0.830267
14509 0.927078 0.830288
14510 0.927089 0.830291
14511 0.927099 0.830279
14512 0.927106 0.830283
14513 0.927112 0.830303
14514 0.927117 0.830336
14515 0.92712 0.830382
14516 0.927122 0.830438
14517 0.927124 0.830474
14518 0.927124 0.83049
14519 0.927123 0.83052
14520 0.927122 0.830563
14521 0.92712 0.830617
14522 0.927117 0.830681
14523 0.927114 0.830723
14524 0.92711 0.830777
14525 0.927106 0.83081
14526 0.927116 0.830847
14527 0.927138 0.830889
14528 0.927172 0.830934
14529 0.927216 0.830982
14530 0.927255 0.83101
14531 0.927289 0.831019
14532 0.927319 0.831012
14533 0.927345 0.83099
14534 0.927382 0.830978
14535 0.927429 0.830975
14536 0.927485 0.83098
14537 0.927535 0.830968
14538 0.927579 0.830943
14539 0.927617 0.830904
14540 0.927652 0.830853
14541 0.927682 0.830792
14542 0.927708 0.830752
14543 0.927731 0.830732
14544 0.927751 0.830699
14545 0.927769 0.830653
14546 0.927783 0.830627
14547 0.927796 0.83062
14548 0.927807 0.830629
14549 0.927816 0.830622
14550 0.927824 0.830599
14551 0.92783 0.830595
14552 0.927835 0.830575
14553 0.927838 0.830541
14554 0.927841 0.830496
14555 0.927842 0.830439
14556 0.927843 0.830372
14557 0.927843 0.830296
14558 0.927842 0.830212
14559 0.927841 0.830121
14560 0.927838 0.830023
14561 0.92785 0.829943
14562 0.927875 0.829878
14563 0.92791 0.829827
14564 0.927942 0.829766
14565 0.927969 0.829726
14566 0.927994 0.829675
14567 0.928015 0.829614
14568 0.928033 0.829574
14569 0.928049 0.829553
14570 0.928062 0.829551
14571 0.928074 0.829564
14572 0.928084 0.829592
14573 0.928092 0.829632
14574 0.928099 0.829685
14575 0.928104 0.829747
14576 0.928108 0.829819
14577 0.928111 0.829868
14578 0.928113 0.829928
14579 0.928115 0.829998
14580 0.928115 0.830076
14581 0.928115 0.830162
14582 0.928114 0.830255
14583 0.928112 0.830324
14584 0.92811 0.830369
14585 0.928108 0.830395
14586 0.928105 0.830402
14587 0.928102 0.830393
14588 0.928098 0.8304
14589 0.928095 0.830423
14590 0.928091 0.830427
14591 0.928086 0.830416
14592 0.928082 0.830421
14593 0.928077 0.83041
14594 0.928072 0.830384
14595 0.928067 0.830346
14596 0.928062 0.830295
14597 0.928057 0.830234
14598 0.928051 0.830164
14599 0.928045 0.830084
14600 0.928039 0.829998
14601 0.928034 0.829904
14602 0.928028 0.829835
14603 0.928022 0.829789
14604 0.928016 0.829731
14605 0.92801 0.829695
14606 0.928004 0.829679
14607 0.927998 0.829648
14608 0.927992 0.829605
14609 0.927986 0.829581
14610 0.92798 0.829576
14611 0.927974 0.829587
14612 0.927968 0.829613
14613 0.927962 0.82962
14614 0.927956 0.829611
14615 0.927949 0.829587
14616 0.927943 0.82955
14617 0.927951 0.829524
14618 0.927957 0.829516
14619 0.927963 0.829525
14620 0.927967 0.829549
14621 0.92797 0.829586
14622 0.927973 0.829603
14623 0.927974 0.829603
14624 0.927974 0.829588
14625 0.927974 0.829558
14626 0.927973 0.829547
14627 0.927971 0.829553
14628 0.92797 0.829574
14629 0.927967 0.829608
14630 0.927965 0.829655
14631 0.927962 0.829713
14632 0.927958 0.829749
14633 0.927955 0.829766
14634 0.92795 0.829766
14635 0.927946 0.829749
14636 0.927941 0.829719
14637 0.927935 0.829677
14638 0.92793 0.829622
14639 0.927924 0.829558
14640 0.927918 0.829485
14641 0.927912 0.829434
14642 0.927906 0.829404
14643 0.9279 0.829393
14644 0.927895 0.829398
14645 0.927889 0.829419
14646 0.927883 0.829453
14647 0.927877 0.829499
14648 0.927871 0.829557
14649 0.927864 0.829593
14650 0.927858 0.829641
14651 0.927852 0.8297
14652 0.927846 0.829737
14653 0.927839 0.829755
14654 0.927832 0.829756
14655 0.927826 0.829772
14656 0.927819 0.829802
14657 0.927813 0.829813
14658 0.927806 0.829808
14659 0.927799 0.829788
14660 0.927792 0.829754
14661 0.927785 0.829708
14662 0.927778 0.82965
14663 0.927771 0.829615
14664 0.927764 0.829598
14665 0.927757 0.829599
14666 0.92775 0.829615
14667 0.927743 0.829614
14668 0.927736 0.829629
14669 0.927729 0.829658
14670 0.927722 0.829699
14671 0.927715 0.829752
14672 0.927708 0.829785
14673 0.927701 0.829798
14674 0.927694 0.829794
14675 0.927686 0.829807
14676 0.927679 0.829834
14677 0.927672 0.829873
14678 0.927664 0.829894
14679 0.927656 0.829896
14680 0.927649 0.829883
14681 0.927641 0.829886
14682 0.927634 0.829905
14683 0.927626 0.829907
14684 0.927618 0.829892
14685 0.92761 0.829863
14686 0.927602 0.829822
14687 0.927594 0.829769
14688 0.9276 0.829729
14689 0.927619 0.829701
14690 0.92765 0.829683
14691 0.927677 0.829683
14692 0.927701 0.829699
14693 0.927722 0.829697
14694 0.927739 0.82968
14695 0.927755 0.829649
14696 0.927767 0.829605
14697 0.927778 0.829581
14698 0.927787 0.829576
14699 0.927795 0.829586
14700 0.927801 0.829612
14701 0.927806 0.82965
14702 0.927809 0.829669
14703 0.927811 0.82967
14704 0.927813 0.829687
14705 0.927813 0.829718
14706 0.927813 0.829761
14707 0.927812 0.829816
14708 0.927811 0.82985
14709 0.927808 0.829864
14710 0.927805 0.829893
14711 0.927802 0.829935
14712 0.927799 0.829988
14713 0.927795 0.830052
14714 0.927791 0.830124
14715 0.927786 0.830174
14716 0.927781 0.830204
14717 0.927776 0.830214
14718 0.92777 0.830208
14719 0.927764 0.830187
14720 0.927758 0.830152
14721 0.927751 0.830105
14722 0.927745 0.830078
14723 0.927738 0.830039
14724 0.927731 0.829988
14725 0.927738 0.829949
14726 0.927758 0.829922
14727 0.927776 0.829882
14728 0.927791 0.829831
14729 0.927803 0.829769
14730 0.927814 0.829697
14731 0.927822 0.829649
14732 0.92783 0.829621
14733 0.927835 0.829611
14734 0.927839 0.829587
14735 0.927842 0.829549
14736 0.927844 0.829531
14737 0.927845 0.82953
14738 0.927846 0.829545
14739 0.927845 0.829575
14740 0.927844 0.829585
14741 0.927842 0.829579
14742 0.927839 0.829558
14743 0.927836 0.829555
14744 0.927833 0.829567
14745 0.927829 0.829594
14746 0.927824 0.829634
14747 0.927819 0.829686
14748 0.927814 0.829717
14749 0.927809 0.829729
14750 0.927803 0.829724
14751 0.927797 0.829704
14752 0.927791 0.82967
14753 0.927785 0.829624
14754 0.927779 0.829599
14755 0.927772 0.829591
14756 0.927765 0.8296
14757 0.927759 0.829624
14758 0.927752 0.829661
14759 0.927745 0.829679
14760 0.927738 0.829679
14761 0.927731 0.829695
14762 0.927724 0.829725
14763 0.927717 0.829767
14764 0.927711 0.829821
14765 0.927704 0.829886
14766 0.927697 0.829959
14767 0.92769 0.830041
14768 0.927683 0.83013
14769 0.927676 0.830226
14770 0.927669 0.830297
14771 0.927661 0.830345
14772 0.927654 0.830373
14773 0.927646 0.830382
14774 0.927639 0.830375
14775 0.927631 0.830352
14776 0.927623 0.830317
14777 0.927616 0.8303
14778 0.927608 0.830301
14779 0.927615 0.830309
14780 0.927634 0.830325
14781 0.927651 0.830323
14782 0.927666 0.830306
14783 0.927678 0.830275
14784 0.927688 0.830262
14785 0.927697 0.830267
14786 0.927704 0.830287
14787 0.927709 0.830289
14788 0.927714 0.830275
14789 0.927731 0.83027
14790 0.92776 0.830274
14791 0.9278 0.830285
14792 0.927836 0.830279
14793 0.927867 0.830258
14794 0.927894 0.830255
14795 0.927917 0.830237
14796 0.927938 0.830204
14797 0.927955 0.83016
14798 0.927971 0.830104
14799 0.927983 0.830038
14800 0.927994 0.829994
14801 0.928004 0.82997
14802 0.928011 0.829933
14803 0.928017 0.829884
14804 0.928022 0.829825
14805 0.928026 0.829755
14806 0.928028 0.829677
14807 0.928044 0.829614
14808 0.928072 0.829566
14809 0.928111 0.829529
14810 0.928145 0.829481
14811 0.928175 0.829422
14812 0.928201 0.829353
14813 0.928224 0.829307
14814 0.928244 0.829281
14815 0.928262 0.829273
14816 0.928277 0.829282
14817 0.92829 0.829306
14818 0.928301 0.829342
14819 0.928311 0.829391
14820 0.928333 0.829443
14821 0.928353 0.829473
14822 0.928369 0.829485
14823 0.928384 0.82948
14824 0.928396 0.82946
14825 0.928406 0.829427
14826 0.928415 0.829381
14827 0.928422 0.829323
14828 0.928442 0.82928
14829 0.928474 0.829248
14830 0.928516 0.829227
14831 0.928568 0.829215
14832 0.928628 0.829212
14833 0.928697 0.829217
14834 0.928772 0.829229
14835 0.928853 0.829248
14836 0.928925 0.829249
14837 0.92899 0.829234
14838 0.929048 0.829205
14839 0.929099 0.829163
14840 0.929145 0.82911
14841 0.929185 0.829046
14842 0.929221 0.829005
14843 0.929253 0.828983
14844 0.929282 0.828979
14845 0.929307 0.828991
14846 0.929329 0.829018
14847 0.929349 0.829058
14848 0.929366 0.829109
14849 0.929381 0.82914
14850 0.929394 0.829152
14851 0.929405 0.829147
14852 0.929415 0.829127
14853 0.929423 0.829093
14854 0.929444 0.82907
14855 0.929477 0.829057
14856 0.929507 0.829061
14857 0.929532 0.82908
14858 0.929555 0.829113
14859 0.929576 0.829158
14860 0.929593 0.829183
14861 0.929609 0.82919
14862 0.929623 0.82918
14863 0.929635 0.829187
14864 0.929645 0.829209
14865 0.929654 0.829245
14866 0.929662 0.829292
14867 0.929669 0.82932
14868 0.929674 0.829328
14869 0.929679 0.829321
14870 0.929683 0.829298
14871 0.929686 0.829262
14872 0.929689 0.829214
14873 0.929691 0.829186
14874 0.929707 0.829169
14875 0.92972 0.829169
14876 0.929732 0.829184
14877 0.929743 0.829183
14878 0.929752 0.829165
14879 0.92976 0.829166
14880 0.929766 0.829182
14881 0.929772 0.829212
14882 0.929776 0.829254
14883 0.92978 0.829277
14884 0.929783 0.829282
14885 0.929786 0.829302
14886 0.929788 0.829335
14887 0.929789 0.82935
14888 0.92979 0.829379
14889 0.929791 0.82942
14890 0.929791 0.829473
14891 0.929791 0.829506
14892 0.92979 0.829519
14893 0.929789 0.829546
14894 0.929788 0.829556
14895 0.929787 0.829548
14896 0.929785 0.829557
14897 0.929783 0.82955
14898 0.929781 0.829558
14899 0.929779 0.829551
14900 0.929777 0.829559
14901 0.929774 0.829583
14902 0.929772 0.829588
14903 0.929769 0.829578
14904 0.92978 0.829576
14905 0.929804 0.829581
14906 0.929826 0.82957
14907 0.929845 0.829545
14908 0.929861 0.829506
14909 0.929876 0.829487
14910 0.929889 0.829455
14911 0.9299 0.829409
14912 0.92991 0.829353
14913 0.929919 0.829318
14914 0.929926 0.829302
14915 0.929947 0.829295
14916 0.929979 0.829297
14917 0.930022 0.829305
14918 0.930074 0.82932
14919 0.930135 0.829341
14920 0.930189 0.829345
14921 0.930238 0.829332
14922 0.930282 0.829305
14923 0.930321 0.829265
14924 0.930357 0.829245
14925 0.930389 0.829242
14926 0.930417 0.829256
14927 0.930443 0.829283
14928 0.930466 0.829324
14929 0.930486 0.829376
14930 0.930505 0.829439
14931 0.930522 0.829511
14932 0.930537 0.829591
14933 0.93055 0.82968
14934 0.930562 0.829743
14935 0.930573 0.829785
14936 0.930583 0.829838
14937 0.930591 0.829902
14938 0.930599 0.829975
14939 0.930606 0.830025
14940 0.930612 0.830054
14941 0.930604 0.830072
14942 0.930583 0.830082
14943 0.930563 0.830074
14944 0.93056 0.830075
14945 0.930571 0.830083
14946 0.930595 0.830098
14947 0.930616 0.830095
14948 0.930635 0.830077
14949 0.930652 0.830045
14950 0.930682 0.830024
14951 0.930722 0.830012
14952 0.930759 0.829985
14953 0.930791 0.829946
14954 0.930821 0.829894
14955 0.930847 0.829833
14956 0.930871 0.829793
14957 0.930893 0.829772
14958 0.930912 0.82977
14959 0.930929 0.829783
14960 0.930945 0.829811
14961 0.930959 0.829852
14962 0.930971 0.829904
14963 0.930996 0.829959
14964 0.931019 0.829992
14965 0.931039 0.830006
14966 0.931057 0.830003
14967 0.931074 0.830016
14968 0.931089 0.830044
14969 0.931102 0.830084
14970 0.931114 0.830136
14971 0.931125 0.830167
14972 0.931135 0.83018
14973 0.93113 0.830183
14974 0.931112 0.830178
14975 0.931082 0.830166
14976 0.931042 0.830147
14977 0.930992 0.830123
14978 0.930933 0.830093
14979 0.93088 0.830082
14980 0.930833 0.830087
14981 0.93079 0.830108
14982 0.930751 0.830111
14983 0.930716 0.830098
14984 0.930685 0.830071
14985 0.930657 0.83003
14986 0.930631 0.83001
14987 0.930608 0.830007
14988 0.930601 0.830012
14989 0.930609 0.830023
14990 0.930629 0.830042
14991 0.930648 0.830042
14992 0.930664 0.830027
14993 0.930693 0.830021
14994 0.930733 0.830023
14995 0.930783 0.830032
14996 0.930827 0.830056
14997 0.930867 0.830093
14998 0.930903 0.830142
14999 0.930936 0.830171
15000 0.930965 0.830181
