14000 0.985 0.734071
14001 0.985 0.734107
14002 0.985 0.734124
14003 0.985 0.734124
14004 0.985 0.734109
14005 0.985 0.734079
14006 0.985 0.734036
14007 0.985 0.733982
14008 0.985 0.733918
14009 0.985 0.733876
14010 0.985 0.733854
14011 0.985 0.73385
14012 0.985 0.733862
14013 0.985 0.733888
14014 0.985 0.733927
14015 0.985 0.733947
14016 0.985 0.733949
14017 0.985 0.733935
14018 0.985 0.733907
14019 0.985 0.733866
14020 0.985 0.733845
14021 0.985 0.733842
14022 0.985 0.733823
14023 0.985 0.733791
14024 0.985 0.733777
14025 0.985 0.733781
14026 0.985 0.733799
14027 0.985 0.733832
14028 0.985 0.733877
14029 0.985 0.733902
14030 0.985 0.733908
14031 0.985 0.733899
14032 0.985 0.733906
14033 0.985 0.733896
14034 0.985 0.733872
14035 0.985 0.733835
14036 0.985 0.733817
14037 0.985 0.733817
14038 0.985 0.733832
14039 0.985 0.733861
14040 0.985 0.733903
14041 0.985 0.733957
14042 0.985 0.733989
14043 0.985 0.734003
14044 0.985 0.734031
14045 0.985 0.73404
14046 0.985 0.734033
14047 0.985 0.734011
14048 0.985 0.734007
14049 0.985 0.733987
14050 0.985 0.733954
14051 0.985 0.73394
14052 0.985 0.733943
14053 0.985 0.73393
14054 0.985 0.733934
14055 0.985 0.733953
14056 0.985 0.733985
14057 0.985 0.73403
14058 0.985 0.734087
14059 0.985 0.734121
14060 0.985 0.734168
14061 0.985 0.734226
14062 0.985 0.734294
14063 0.985 0.73437
14064 0.985 0.734455
14065 0.985 0.734546
14066 0.985 0.734644
14067 0.985 0.734748
14068 0.985 0.734857
14069 0.985 0.734939
14070 0.985 0.734998
14071 0.985 0.735035
14072 0.985 0.735084
14073 0.985 0.735143
14074 0.985 0.735213
14075 0.985 0.735291
14076 0.985 0.735377
14077 0.985 0.735469
14078 0.985 0.735569
14079 0.985 0.735674
14080 0.985 0.735784
14081 0.985 0.735867
14082 0.985 0.735926
14083 0.985 0.735964
14084 0.985 0.735983
14085 0.985 0.735984
14086 0.985 0.735969
14087 0.985 0.73594
14088 0.985 0.735898
14089 0.985 0.735845
14090 0.985 0.735782
14091 0.985 0.73574
14092 0.985 0.735687
14093 0.985 0.735624
14094 0.985 0.735551
14095 0.985 0.73547
14096 0.985 0.735382
14097 0.985 0.735286
14098 0.985 0.735216
14099 0.985 0.735137
14100 0.985 0.735082
14101 0.985 0.735048
14102 0.985 0.735002
14103 0.985 0.734944
14104 0.985 0.734909
14105 0.985 0.734892
14106 0.985 0.734892
14107 0.985 0.734909
14108 0.985 0.734939
14109 0.985 0.734982
14110 0.985 0.735036
14111 0.985 0.7351
14112 0.985 0.735174
14113 0.985 0.735224
14114 0.985 0.735285
14115 0.985 0.735356
14116 0.985 0.735435
14117 0.985 0.735491
14118 0.985 0.735525
14119 0.985 0.735572
14120 0.985 0.735629
14121 0.985 0.735697
14122 0.985 0.735742
14123 0.985 0.735767
14124 0.985 0.735774
14125 0.985 0.735764
14126 0.985 0.73574
14127 0.985 0.735703
14128 0.985 0.735654
14129 0.985 0.735594
14130 0.985 0.735524
14131 0.985 0.735446
14132 0.985 0.73536
14133 0.985 0.735298
14134 0.985 0.735227
14135 0.985 0.735178
14136 0.985 0.73515
14137 0.985 0.735109
14138 0.985 0.735057
14139 0.985 0.734994
14140 0.985 0.734922
14141 0.985 0.734841
14142 0.985 0.734753
14143 0.985 0.734659
14144 0.985 0.734589
14145 0.985 0.734542
14146 0.985 0.734515
14147 0.985 0.734506
14148 0.985 0.734514
14149 0.985 0.734537
14150 0.985 0.734542
14151 0.985 0.734531
14152 0.985 0.734505
14153 0.985 0.734467
14154 0.985 0.734447
14155 0.985 0.734445
14156 0.985 0.734459
14157 0.985 0.734488
14158 0.985 0.734521
14159 0.985 0.734558
14160 0.985 0.7346
14161 0.985 0.734645
14162 0.985 0.734693
14163 0.985 0.734745
14164 0.985 0.734798
14165 0.985 0.734863
14166 0.985 0.734905
14167 0.985 0.734927
14168 0.985 0.734963
14169 0.985 0.73501
14170 0.985 0.735069
14171 0.985 0.735137
14172 0.985 0.735215
14173 0.985 0.735276
14174 0.985 0.735316
14175 0.985 0.735336
14176 0.985 0.735339
14177 0.985 0.735326
14178 0.985 0.735298
14179 0.985 0.735258
14180 0.985 0.735206
14181 0.985 0.735143
14182 0.985 0.735103
14183 0.985 0.735082
14184 0.985 0.735079
14185 0.985 0.735092
14186 0.985 0.735119
14187 0.985 0.735128
14188 0.985 0.73512
14189 0.985 0.735097
14190 0.985 0.735061
14191 0.985 0.735013
14192 0.985 0.734986
14193 0.985 0.734977
14194 0.985 0.734984
14195 0.985 0.735006
14196 0.985 0.735042
14197 0.985 0.735089
14198 0.985 0.735117
14199 0.985 0.735157
14200 0.985 0.735209
14201 0.985 0.73524
14202 0.985 0.735252
14203 0.985 0.735255
14204 0.985 0.73525
14205 0.985 0.735238
14206 0.985 0.735219
14207 0.985 0.735218
14208 0.985 0.735232
14209 0.985 0.735261
14210 0.985 0.735302
14211 0.985 0.735355
14212 0.985 0.735419
14213 0.985 0.73546
14214 0.985 0.735481
14215 0.985 0.735516
14216 0.985 0.735532
14217 0.985 0.735531
14218 0.985 0.735514
14219 0.985 0.735483
14220 0.985 0.735463
14221 0.985 0.735453
14222 0.985 0.735452
14223 0.985 0.735459
14224 0.985 0.735472
14225 0.985 0.735493
14226 0.985 0.735519
14227 0.985 0.73555
14228 0.985 0.735563
14229 0.985 0.735558
14230 0.985 0.735562
14231 0.985 0.735574
14232 0.985 0.735592
14233 0.985 0.735616
14234 0.985 0.735646
14235 0.985 0.735681
14236 0.985 0.73572
14237 0.985 0.735739
14238 0.985 0.735741
14239 0.985 0.735727
14240 0.985 0.735699
14241 0.985 0.735658
14242 0.985 0.735606
14243 0.985 0.735543
14244 0.985 0.73547
14245 0.985 0.73539
14246 0.985 0.735333
14247 0.985 0.735297
14248 0.985 0.735281
14249 0.985 0.73525
14250 0.985 0.735207
14251 0.985 0.735153
14252 0.985 0.73512
14253 0.985 0.735105
14254 0.985 0.735077
14255 0.985 0.735067
14256 0.985 0.735073
14257 0.985 0.735095
14258 0.985 0.73513
14259 0.985 0.735177
14260 0.985 0.735235
14261 0.985 0.735295
14262 0.985 0.735357
14263 0.985 0.735397
14264 0.985 0.735417
14265 0.985 0.73542
14266 0.985 0.735407
14267 0.985 0.73538
14268 0.985 0.735339
14269 0.985 0.735287
14270 0.985 0.735225
14271 0.985 0.735185
14272 0.985 0.735164
14273 0.985 0.735161
14274 0.985 0.735142
14275 0.985 0.73511
14276 0.985 0.735097
14277 0.985 0.7351
14278 0.985 0.735119
14279 0.985 0.735152
14280 0.985 0.735197
14281 0.985 0.735253
14282 0.985 0.735296
14283 0.985 0.735327
14284 0.985 0.735346
14285 0.985 0.735356
14286 0.985 0.735358
14287 0.985 0.735374
14288 0.985 0.735405
14289 0.985 0.735448
14290 0.985 0.735503
14291 0.985 0.735568
14292 0.985 0.735642
14293 0.985 0.735724
14294 0.985 0.735782
14295 0.985 0.735819
14296 0.985 0.735837
14297 0.985 0.735837
14298 0.985 0.735821
14299 0.985 0.735792
14300 0.985 0.735749
14301 0.985 0.735727
14302 0.985 0.735691
14303 0.985 0.735643
14304 0.985 0.735584
14305 0.985 0.735516
14306 0.985 0.73547
14307 0.985 0.735444
14308 0.985 0.735436
14309 0.985 0.735445
14310 0.985 0.735438
14311 0.985 0.735415
14312 0.985 0.73541
14313 0.985 0.735422
14314 0.985 0.735448
14315 0.985 0.735455
14316 0.985 0.735478
14317 0.985 0.735514
14318 0.985 0.735562
14319 0.985 0.735621
14320 0.985 0.735689
14321 0.985 0.735736
14322 0.985 0.735793
14323 0.985 0.73586
14324 0.985 0.735936
14325 0.985 0.73602
14326 0.985 0.73608
14327 0.985 0.736118
14328 0.985 0.736137
14329 0.985 0.736139
14330 0.985 0.736124
14331 0.985 0.736127
14332 0.985 0.736145
14333 0.985 0.736145
14334 0.985 0.73613
14335 0.985 0.736101
14336 0.985 0.736059
14337 0.985 0.736005
14338 0.985 0.735941
14339 0.985 0.735868
14340 0.985 0.735818
14341 0.985 0.735788
14342 0.985 0.735746
14343 0.985 0.735693
14344 0.985 0.73566
14345 0.985 0.735646
14346 0.985 0.73565
14347 0.985 0.735668
14348 0.985 0.735701
14349 0.985 0.735714
14350 0.985 0.735742
14351 0.985 0.735782
14352 0.985 0.735803
14353 0.985 0.735838
14354 0.985 0.735885
14355 0.985 0.735942
14356 0.985 0.735979
14357 0.985 0.735996
14358 0.985 0.736027
14359 0.985 0.73607
14360 0.985 0.736125
14361 0.985 0.73619
14362 0.985 0.736264
14363 0.985 0.736347
14364 0.985 0.736437
14365 0.985 0.736533
14366 0.985 0.736604
14367 0.985 0.736653
14368 0.985 0.736681
14369 0.985 0.73669
14370 0.985 0.736683
14371 0.985 0.736661
14372 0.985 0.736656
14373 0.985 0.736637
14374 0.985 0.736635
14375 0.985 0.736649
14376 0.985 0.736677
14377 0.985 0.736687
14378 0.985 0.73668
14379 0.985 0.736658
14380 0.985 0.736623
14381 0.985 0.736575
14382 0.985 0.736517
14383 0.985 0.736448
14384 0.985 0.736371
14385 0.985 0.736286
14386 0.985 0.736193
14387 0.985 0.736094
14388 0.985 0.73599
14389 0.985 0.735911
14390 0.985 0.735856
14391 0.985 0.735822
14392 0.985 0.735776
14393 0.985 0.735719
14394 0.985 0.735652
14395 0.985 0.735576
14396 0.985 0.735523
14397 0.985 0.735492
14398 0.985 0.735447
14399 0.985 0.735423
14400 0.985 0.735417
14401 0.985 0.735427
14402 0.985 0.735452
14403 0.985 0.73549
14404 0.985 0.735539
14405 0.985 0.735569
14406 0.985 0.735579
14407 0.985 0.735573
14408 0.985 0.735583
14409 0.985 0.735608
14410 0.985 0.735646
14411 0.985 0.735696
14412 0.985 0.735756
14413 0.985 0.735826
14414 0.985 0.735905
14415 0.985 0.735991
14416 0.985 0.736053
14417 0.985 0.736094
14418 0.985 0.736114
14419 0.985 0.736149
14420 0.985 0.736164
14421 0.985 0.736162
14422 0.985 0.736144
14423 0.985 0.736113
14424 0.985 0.736069
14425 0.985 0.736038
14426 0.985 0.736017
14427 0.985 0.736006
14428 0.985 0.73598
14429 0.985 0.735941
14430 0.985 0.73589
14431 0.985 0.735829
14432 0.985 0.735758
14433 0.985 0.735679
14434 0.985 0.735592
14435 0.985 0.735498
14436 0.985 0.735397
14437 0.985 0.735315
14438 0.985 0.735248
14439 0.985 0.735203
14440 0.985 0.735179
14441 0.985 0.735172
14442 0.985 0.735182
14443 0.985 0.735207
14444 0.985 0.735245
14445 0.985 0.735294
14446 0.985 0.735355
14447 0.985 0.735393
14448 0.985 0.735412
14449 0.985 0.735414
14450 0.985 0.7354
14451 0.985 0.735371
14452 0.985 0.735361
14453 0.985 0.735368
14454 0.985 0.735389
14455 0.985 0.735424
14456 0.985 0.73544
14457 0.985 0.735439
14458 0.985 0.735454
14459 0.985 0.735482
14460 0.985 0.735524
14461 0.985 0.735577
14462 0.985 0.73564
14463 0.985 0.735713
14464 0.985 0.735762
14465 0.985 0.735791
14466 0.985 0.735802
14467 0.985 0.735827
14468 0.985 0.735865
14469 0.985 0.735884
14470 0.985 0.735917
14471 0.985 0.735962
14472 0.985 0.736018
14473 0.985 0.736084
14474 0.985 0.736159
14475 0.985 0.736242
14476 0.985 0.736333
14477 0.985 0.73643
14478 0.985 0.736502
14479 0.985 0.736551
14480 0.985 0.73658
14481 0.985 0.73659
14482 0.985 0.736583
14483 0.985 0.736561
14484 0.985 0.736557
14485 0.985 0.736538
14486 0.985 0.736505
14487 0.985 0.73646
14488 0.985 0.736404
14489 0.985 0.736337
14490 0.985 0.736285
14491 0.985 0.736246
14492 0.985 0.736195
14493 0.985 0.736133
14494 0.985 0.736062
14495 0.985 0.735982
14496 0.985 0.735895
14497 0.985 0.7358
14498 0.985 0.735731
14499 0.985 0.735684
14500 0.985 0.735658
14501 0.985 0.73565
14502 0.985 0.735658
14503 0.985 0.735682
14504 0.985 0.735687
14505 0.985 0.735676
14506 0.985 0.735651
14507 0.985 0.735612
14508 0.985 0.735593
14509 0.985 0.735591
14510 0.985 0.735598
14511 0.985 0.735611
14512 0.985 0.73563
14513 0.985 0.735655
14514 0.985 0.735685
14515 0.985 0.735719
14516 0.985 0.735758
14517 0.985 0.7358
14518 0.985 0.735846
14519 0.985 0.735894
14520 0.985 0.735945
14521 0.985 0.735999
14522 0.985 0.736055
14523 0.985 0.736112
14524 0.985 0.736172
14525 0.985 0.73621
14526 0.985 0.736228
14527 0.985 0.736229
14528 0.985 0.736245
14529 0.985 0.736276
14530 0.985 0.736319
14531 0.985 0.736342
14532 0.985 0.736347
14533 0.985 0.736368
14534 0.985 0.736402
14535 0.985 0.736448
14536 0.985 0.736474
14537 0.985 0.736513
14538 0.985 0.736564
14539 0.985 0.736625
14540 0.985 0.736665
14541 0.985 0.736685
14542 0.985 0.736687
14543 0.985 0.736673
14544 0.985 0.736645
14545 0.985 0.736605
14546 0.985 0.736552
14547 0.985 0.736521
14548 0.985 0.736477
14549 0.985 0.736421
14550 0.985 0.736356
14551 0.985 0.736281
14552 0.985 0.736198
14553 0.985 0.736108
14554 0.985 0.736011
14555 0.985 0.735908
14556 0.985 0.7358
14557 0.985 0.735718
14558 0.985 0.735661
14559 0.985 0.735593
14560 0.985 0.735516
14561 0.985 0.735431
14562 0.985 0.735371
14563 0.985 0.735332
14564 0.985 0.735313
14565 0.985 0.735311
14566 0.985 0.735325
14567 0.985 0.735345
14568 0.985 0.735371
14569 0.985 0.735402
14570 0.985 0.735437
14571 0.985 0.735453
14572 0.985 0.735452
14573 0.985 0.735466
14574 0.985 0.735495
14575 0.985 0.735537
14576 0.985 0.735589
14577 0.985 0.735653
14578 0.985 0.735725
14579 0.985 0.735806
14580 0.985 0.735863
14581 0.985 0.735899
14582 0.985 0.735947
14583 0.985 0.736006
14584 0.985 0.736075
14585 0.985 0.736121
14586 0.985 0.736146
14587 0.985 0.736154
14588 0.985 0.736145
14589 0.985 0.736121
14590 0.985 0.736116
14591 0.985 0.736126
14592 0.985 0.73612
14593 0.985 0.736099
14594 0.985 0.736064
14595 0.985 0.736049
14596 0.985 0.73605
14597 0.985 0.736068
14598 0.985 0.736099
14599 0.985 0.736143
14600 0.985 0.736166
14601 0.985 0.736203
14602 0.985 0.736221
14603 0.985 0.736253
14604 0.985 0.736297
14605 0.985 0.736352
14606 0.985 0.736418
14607 0.985 0.736492
14608 0.985 0.736575
14609 0.985 0.736634
14610 0.985 0.736671
14611 0.985 0.736689
14612 0.985 0.736721
14613 0.985 0.736765
14614 0.985 0.736821
14615 0.985 0.736855
14616 0.985 0.73687
14617 0.985 0.736868
14618 0.985 0.736851
14619 0.985 0.73682
14620 0.985 0.736776
14621 0.985 0.736721
14622 0.985 0.736655
14623 0.985 0.736581
14624 0.985 0.736498
14625 0.985 0.736408
14626 0.985 0.736311
14627 0.985 0.736209
14628 0.985 0.736132
14629 0.985 0.736047
14630 0.985 0.735955
14631 0.985 0.735857
14632 0.985 0.735752
14633 0.985 0.735643
14634 0.985 0.73556
14635 0.985 0.735501
14636 0.985 0.735463
14637 0.985 0.735445
14638 0.985 0.735445
14639 0.985 0.73546
14640 0.985 0.73549
14641 0.985 0.735532
14642 0.985 0.735585
14643 0.985 0.735649
14644 0.985 0.735722
14645 0.985 0.735772
14646 0.985 0.735802
14647 0.985 0.735812
14648 0.985 0.735807
14649 0.985 0.735817
14650 0.985 0.735811
14651 0.985 0.735821
14652 0.985 0.735845
14653 0.985 0.735883
14654 0.985 0.735933
14655 0.985 0.735993
14656 0.985 0.736032
14657 0.985 0.736051
14658 0.985 0.736053
14659 0.985 0.736038
14660 0.985 0.736041
14661 0.985 0.736028
14662 0.985 0.736001
14663 0.985 0.735992
14664 0.985 0.735999
14665 0.985 0.736022
14666 0.985 0.736058
14667 0.985 0.736105
14668 0.985 0.736164
14669 0.985 0.736233
14670 0.985 0.736279
14671 0.985 0.736336
14672 0.985 0.736403
14673 0.985 0.736448
14674 0.985 0.736504
14675 0.985 0.73657
14676 0.985 0.736645
14677 0.985 0.736728
14678 0.985 0.736788
14679 0.985 0.736825
14680 0.985 0.736843
14681 0.985 0.736844
14682 0.985 0.736829
14683 0.985 0.7368
14684 0.985 0.736758
14685 0.985 0.736704
14686 0.985 0.73664
14687 0.985 0.736567
14688 0.985 0.736517
14689 0.985 0.736487
14690 0.985 0.736445
14691 0.985 0.736392
14692 0.985 0.736327
14693 0.985 0.736254
14694 0.985 0.736204
14695 0.985 0.736174
14696 0.985 0.736132
14697 0.985 0.736109
14698 0.985 0.736105
14699 0.985 0.736117
14700 0.985 0.736143
14701 0.985 0.736182
14702 0.985 0.736233
14703 0.985 0.736295
14704 0.985 0.736366
14705 0.985 0.736414
14706 0.985 0.736442
14707 0.985 0.736483
14708 0.985 0.736535
14709 0.985 0.736598
14710 0.985 0.73667
14711 0.985 0.73672
14712 0.985 0.736748
14713 0.985 0.736758
14714 0.985 0.736783
14715 0.985 0.736821
14716 0.985 0.73684
14717 0.985 0.736841
14718 0.985 0.736826
14719 0.985 0.736797
14720 0.985 0.736755
14721 0.985 0.736702
14722 0.985 0.736638
14723 0.985 0.736596
14724 0.985 0.736575
14725 0.985 0.736571
14726 0.985 0.736583
14727 0.985 0.73661
14728 0.985 0.736618
14729 0.985 0.73661
14730 0.985 0.736618
14731 0.985 0.73661
14732 0.985 0.736618
14733 0.985 0.736642
14734 0.985 0.736647
14735 0.985 0.736636
14736 0.985 0.73661
14737 0.985 0.736603
14738 0.985 0.73658
14739 0.985 0.736545
14740 0.985 0.736528
14741 0.985 0.736498
14742 0.985 0.736454
14743 0.985 0.7364
14744 0.985 0.736335
14745 0.985 0.736261
14746 0.985 0.736179
14747 0.985 0.736089
14748 0.985 0.735993
14749 0.985 0.735922
14750 0.985 0.735873
14751 0.985 0.735845
14752 0.985 0.735836
14753 0.985 0.735843
14754 0.985 0.735866
14755 0.985 0.735901
14756 0.985 0.735918
14757 0.985 0.735948
14758 0.985 0.735991
14759 0.985 0.736046
14760 0.985 0.736111
14761 0.985 0.736185
14762 0.985 0.736267
14763 0.985 0.736356
14764 0.985 0.736421
14765 0.985 0.736464
14766 0.985 0.736487
14767 0.985 0.736492
14768 0.985 0.736512
14769 0.985 0.736546
14770 0.985 0.736561
14771 0.985 0.736558
14772 0.985 0.73654
14773 0.985 0.73654
14774 0.985 0.736524
14775 0.985 0.736525
14776 0.985 0.736542
14777 0.985 0.736573
14778 0.985 0.736616
14779 0.985 0.736671
14780 0.985 0.736705
14781 0.985 0.736719
14782 0.985 0.736748
14783 0.985 0.736758
14784 0.985 0.736783
14785 0.985 0.736821
14786 0.985 0.73684
14787 0.985 0.736841
14788 0.985 0.736826
14789 0.985 0.736829
14790 0.985 0.736847
14791 0.985 0.736879
14792 0.985 0.736923
14793 0.985 0.736947
14794 0.985 0.736953
14795 0.985 0.736943
14796 0.985 0.736918
14797 0.985 0.73688
14798 0.985 0.73683
14799 0.985 0.736769
14800 0.985 0.736699
14801 0.985 0.736651
14802 0.985 0.736592
14803 0.985 0.736555
14804 0.985 0.736506
14805 0.985 0.736478
14806 0.985 0.736468
14807 0.985 0.736475
14808 0.985 0.736465
14809 0.985 0.736441
14810 0.985 0.736403
14811 0.985 0.736385
14812 0.985 0.736385
14813 0.985 0.7364
14814 0.985 0.736398
14815 0.985 0.73638
14816 0.985 0.736349
14817 0.985 0.736305
14818 0.985 0.736249
14819 0.985 0.736184
14820 0.985 0.736109
14821 0.985 0.736026
14822 0.985 0.735936
14823 0.985 0.735839
14824 0.985 0.73576
14825 0.985 0.735696
14826 0.985 0.735646
14827 0.985 0.735609
14828 0.985 0.735584
14829 0.985 0.735568
14830 0.985 0.735562
14831 0.985 0.735572
14832 0.985 0.735597
14833 0.985 0.735604
14834 0.985 0.735594
14835 0.985 0.735569
14836 0.985 0.735532
14837 0.985 0.735482
14838 0.985 0.735422
14839 0.985 0.735352
14840 0.985 0.735274
14841 0.985 0.735187
14842 0.985 0.735125
14843 0.985 0.735085
14844 0.985 0.735065
14845 0.985 0.735062
14846 0.985 0.735075
14847 0.985 0.735103
14848 0.985 0.735143
14849 0.985 0.735195
14850 0.985 0.735258
14851 0.985 0.73533
14852 0.985 0.73541
14853 0.985 0.735498
14854 0.985 0.735562
14855 0.985 0.735603
14856 0.985 0.735625
14857 0.985 0.735637
14858 0.985 0.735639
14859 0.985 0.735634
14860 0.985 0.735621
14861 0.985 0.735602
14862 0.985 0.735577
14863 0.985 0.735546
14864 0.985 0.735511
14865 0.985 0.735471
14866 0.985 0.735443
14867 0.985 0.735426
14868 0.985 0.735418
14869 0.985 0.735418
14870 0.985 0.735426
14871 0.985 0.73545
14872 0.985 0.735486
14873 0.985 0.735534
14874 0.985 0.735594
14875 0.985 0.735663
14876 0.985 0.735717
14877 0.985 0.735758
14878 0.985 0.735787
14879 0.985 0.735829
14880 0.985 0.735882
14881 0.985 0.735946
14882 0.985 0.736019
14883 0.985 0.7361
14884 0.985 0.736158
14885 0.985 0.736194
14886 0.985 0.736211
14887 0.985 0.73621
14888 0.985 0.736194
14889 0.985 0.736195
14890 0.985 0.736211
14891 0.985 0.736219
14892 0.985 0.736217
14893 0.985 0.736208
14894 0.985 0.736192
14895 0.985 0.736169
14896 0.985 0.736141
14897 0.985 0.736108
14898 0.985 0.736094
14899 0.985 0.736097
14900 0.985 0.736115
14901 0.985 0.736147
14902 0.985 0.736192
14903 0.985 0.736217
14904 0.985 0.736223
14905 0.985 0.736213
14906 0.985 0.736188
14907 0.985 0.73615
14908 0.985 0.736132
14909 0.985 0.736131
14910 0.985 0.736146
14911 0.985 0.736175
14912 0.985 0.736186
14913 0.985 0.736211
14914 0.985 0.736249
14915 0.985 0.736299
14916 0.985 0.736337
14917 0.985 0.736363
14918 0.985 0.736378
14919 0.985 0.736384
14920 0.985 0.736382
14921 0.985 0.736396
14922 0.985 0.736424
14923 0.985 0.736465
14924 0.985 0.736518
14925 0.985 0.73655
14926 0.985 0.736562
14927 0.985 0.736558
14928 0.985 0.736539
14929 0.985 0.736506
14930 0.985 0.73646
14931 0.985 0.736404
14932 0.985 0.736337
14933 0.985 0.736261
14934 0.985 0.736177
14935 0.985 0.736118
14936 0.985 0.73608
14937 0.985 0.736061
14938 0.985 0.73606
14939 0.985 0.736075
14940 0.985 0.736104
14941 0.985 0.736146
14942 0.985 0.736199
14943 0.985 0.736263
14944 0.985 0.736336
14945 0.985 0.736387
14946 0.985 0.736416
14947 0.985 0.736427
14948 0.985 0.736452
14949 0.985 0.736491
14950 0.985 0.736541
14951 0.985 0.736602
14952 0.985 0.736673
14953 0.985 0.736752
14954 0.985 0.736839
14955 0.985 0.736933
14956 0.985 0.737002
14957 0.985 0.737056
14958 0.985 0.737097
14959 0.985 0.737127
14960 0.985 0.737145
14961 0.985 0.737154
14962 0.985 0.737146
14963 0.985 0.737124
14964 0.985 0.737087
14965 0.985 0.737039
14966 0.985 0.73698
14967 0.985 0.736942
14968 0.985 0.736924
14969 0.985 0.736924
14970 0.985 0.736939
14971 0.985 0.736937
14972 0.985 0.736919
14973 0.985 0.736888
14974 0.985 0.736844
14975 0.985 0.736788
14976 0.985 0.736723
14977 0.985 0.73668
14978 0.985 0.736625
14979 0.985 0.73656
14980 0.985 0.736518
14981 0.985 0.736464
14982 0.985 0.736399
14983 0.985 0.736349
14984 0.985 0.736311
14985 0.985 0.736285
14986 0.985 0.73627
14987 0.985 0.736263
14988 0.985 0.736265
14989 0.985 0.736274
14990 0.985 0.736291
14991 0.985 0.736313
14992 0.985 0.73634
14993 0.985 0.736373
14994 0.985 0.736387
14995 0.985 0.736383
14996 0.985 0.736396
14997 0.985 0.736423
14998 0.985 0.736463
14999 0.985 0.736515
15000 0.985 0.736577
