14000 0.985 0.796568
14001 0.985 0.796529
14002 0.985 0.796511
14003 0.985 0.796509
14004 0.985 0.796492
14005 0.985 0.796462
14006 0.985 0.796418
14007 0.985 0.796364
14008 0.985 0.79633
14009 0.985 0.796316
14010 0.985 0.796287
14011 0.985 0.796246
14012 0.985 0.796224
14013 0.985 0.79622
14014 0.985 0.796232
14015 0.985 0.796259
14016 0.985 0.796267
14017 0.985 0.796259
14018 0.985 0.796236
14019 0.985 0.796199
14020 0.985 0.796151
14021 0.985 0.796123
14022 0.985 0.796113
14023 0.985 0.796121
14024 0.985 0.796143
14025 0.985 0.796178
14026 0.985 0.796226
14027 0.985 0.796284
14028 0.985 0.796352
14029 0.985 0.796398
14030 0.985 0.796424
14031 0.985 0.796431
14032 0.985 0.796422
14033 0.985 0.796398
14034 0.985 0.796361
14035 0.985 0.796344
14036 0.985 0.796343
14037 0.985 0.796358
14038 0.985 0.79638
14039 0.985 0.796383
14040 0.985 0.796371
14041 0.985 0.796375
14042 0.985 0.796395
14043 0.985 0.796428
14044 0.985 0.796443
14045 0.985 0.79644
14046 0.985 0.796453
14047 0.985 0.796481
14048 0.985 0.79649
14049 0.985 0.796513
14050 0.985 0.796519
14051 0.985 0.796532
14052 0.985 0.796551
14053 0.985 0.796576
14054 0.985 0.796605
14055 0.985 0.79664
14056 0.985 0.796678
14057 0.985 0.79672
14058 0.985 0.796765
14059 0.985 0.796814
14060 0.985 0.796865
14061 0.985 0.796927
14062 0.985 0.796998
14063 0.985 0.797077
14064 0.985 0.797164
14065 0.985 0.797258
14066 0.985 0.797327
14067 0.985 0.797374
14068 0.985 0.7974
14069 0.985 0.797439
14070 0.985 0.79749
14071 0.985 0.797551
14072 0.985 0.797591
14073 0.985 0.797642
14074 0.985 0.797704
14075 0.985 0.797775
14076 0.985 0.797855
14077 0.985 0.797943
14078 0.985 0.798037
14079 0.985 0.798137
14080 0.985 0.798212
14081 0.985 0.798264
14082 0.985 0.798295
14083 0.985 0.798307
14084 0.985 0.798333
14085 0.985 0.798342
14086 0.985 0.798334
14087 0.985 0.79831
14088 0.985 0.798274
14089 0.985 0.798226
14090 0.985 0.798166
14091 0.985 0.798097
14092 0.985 0.79802
14093 0.985 0.797934
14094 0.985 0.797841
14095 0.985 0.797773
14096 0.985 0.797697
14097 0.985 0.797612
14098 0.985 0.79752
14099 0.985 0.797453
14100 0.985 0.797409
14101 0.985 0.797384
14102 0.985 0.797378
14103 0.985 0.797388
14104 0.985 0.797412
14105 0.985 0.797418
14106 0.985 0.797408
14107 0.985 0.797415
14108 0.985 0.797437
14109 0.985 0.797472
14110 0.985 0.797519
14111 0.985 0.797577
14112 0.985 0.797645
14113 0.985 0.797722
14114 0.985 0.797807
14115 0.985 0.797867
14116 0.985 0.797906
14117 0.985 0.797925
14118 0.985 0.797958
14119 0.985 0.798004
14120 0.985 0.798029
14121 0.985 0.798067
14122 0.985 0.798118
14123 0.985 0.798147
14124 0.985 0.798158
14125 0.985 0.798152
14126 0.985 0.798131
14127 0.985 0.798097
14128 0.985 0.79805
14129 0.985 0.797992
14130 0.985 0.797925
14131 0.985 0.79788
14132 0.985 0.797855
14133 0.985 0.797817
14134 0.985 0.797767
14135 0.985 0.797706
14136 0.985 0.797636
14137 0.985 0.797589
14138 0.985 0.797531
14139 0.985 0.797462
14140 0.985 0.797386
14141 0.985 0.797301
14142 0.985 0.797209
14143 0.985 0.797111
14144 0.985 0.79703
14145 0.985 0.796965
14146 0.985 0.796914
14147 0.985 0.796884
14148 0.985 0.796873
14149 0.985 0.796878
14150 0.985 0.796898
14151 0.985 0.796933
14152 0.985 0.796979
14153 0.985 0.797028
14154 0.985 0.79708
14155 0.985 0.797135
14156 0.985 0.797192
14157 0.985 0.797251
14158 0.985 0.797312
14159 0.985 0.797374
14160 0.985 0.797415
14161 0.985 0.797436
14162 0.985 0.797439
14163 0.985 0.797427
14164 0.985 0.7974
14165 0.985 0.797391
14166 0.985 0.797399
14167 0.985 0.797421
14168 0.985 0.797457
14169 0.985 0.797505
14170 0.985 0.797564
14171 0.985 0.797633
14172 0.985 0.79771
14173 0.985 0.797764
14174 0.985 0.797797
14175 0.985 0.797811
14176 0.985 0.797808
14177 0.985 0.79779
14178 0.985 0.797758
14179 0.985 0.797713
14180 0.985 0.797658
14181 0.985 0.797615
14182 0.985 0.797585
14183 0.985 0.797565
14184 0.985 0.797555
14185 0.985 0.797554
14186 0.985 0.797538
14187 0.985 0.797507
14188 0.985 0.797464
14189 0.985 0.79744
14190 0.985 0.797435
14191 0.985 0.797446
14192 0.985 0.797471
14193 0.985 0.797479
14194 0.985 0.797501
14195 0.985 0.797536
14196 0.985 0.797553
14197 0.985 0.797575
14198 0.985 0.797603
14199 0.985 0.797636
14200 0.985 0.797681
14201 0.985 0.797737
14202 0.985 0.797773
14203 0.985 0.797788
14204 0.985 0.797787
14205 0.985 0.79777
14206 0.985 0.79774
14207 0.985 0.79772
14208 0.985 0.797686
14209 0.985 0.797672
14210 0.985 0.797675
14211 0.985 0.797693
14212 0.985 0.797724
14213 0.985 0.797769
14214 0.985 0.797824
14215 0.985 0.797859
14216 0.985 0.797874
14217 0.985 0.797903
14218 0.985 0.797914
14219 0.985 0.797908
14220 0.985 0.797887
14221 0.985 0.797853
14222 0.985 0.797837
14223 0.985 0.797831
14224 0.985 0.797833
14225 0.985 0.797843
14226 0.985 0.797859
14227 0.985 0.797882
14228 0.985 0.79791
14229 0.985 0.797943
14230 0.985 0.797981
14231 0.985 0.798022
14232 0.985 0.798067
14233 0.985 0.798116
14234 0.985 0.798144
14235 0.985 0.798153
14236 0.985 0.798146
14237 0.985 0.798124
14238 0.985 0.798088
14239 0.985 0.798072
14240 0.985 0.798042
14241 0.985 0.797999
14242 0.985 0.797944
14243 0.985 0.79788
14244 0.985 0.797806
14245 0.985 0.797724
14246 0.985 0.797635
14247 0.985 0.797539
14248 0.985 0.797468
14249 0.985 0.79742
14250 0.985 0.797392
14251 0.985 0.797383
14252 0.985 0.79739
14253 0.985 0.797413
14254 0.985 0.797449
14255 0.985 0.797496
14256 0.985 0.797555
14257 0.985 0.797623
14258 0.985 0.7977
14259 0.985 0.797785
14260 0.985 0.797846
14261 0.985 0.797886
14262 0.985 0.797905
14263 0.985 0.797907
14264 0.985 0.797894
14265 0.985 0.797866
14266 0.985 0.797825
14267 0.985 0.797773
14268 0.985 0.79771
14269 0.985 0.797638
14270 0.985 0.797557
14271 0.985 0.797493
14272 0.985 0.79745
14273 0.985 0.797427
14274 0.985 0.797423
14275 0.985 0.797434
14276 0.985 0.79746
14277 0.985 0.797499
14278 0.985 0.797518
14279 0.985 0.797551
14280 0.985 0.797597
14281 0.985 0.797653
14282 0.985 0.79772
14283 0.985 0.797787
14284 0.985 0.797856
14285 0.985 0.797926
14286 0.985 0.797997
14287 0.985 0.798068
14288 0.985 0.798117
14289 0.985 0.798145
14290 0.985 0.798155
14291 0.985 0.798148
14292 0.985 0.798126
14293 0.985 0.79809
14294 0.985 0.798074
14295 0.985 0.798075
14296 0.985 0.798092
14297 0.985 0.798122
14298 0.985 0.798134
14299 0.985 0.798129
14300 0.985 0.798109
14301 0.985 0.798076
14302 0.985 0.79803
14303 0.985 0.797973
14304 0.985 0.797937
14305 0.985 0.797889
14306 0.985 0.797854
14307 0.985 0.79783
14308 0.985 0.797816
14309 0.985 0.797788
14310 0.985 0.797771
14311 0.985 0.797762
14312 0.985 0.797763
14313 0.985 0.797771
14314 0.985 0.797763
14315 0.985 0.797771
14316 0.985 0.797794
14317 0.985 0.79783
14318 0.985 0.797878
14319 0.985 0.797938
14320 0.985 0.798007
14321 0.985 0.798084
14322 0.985 0.79817
14323 0.985 0.798262
14324 0.985 0.79833
14325 0.985 0.798375
14326 0.985 0.798401
14327 0.985 0.798439
14328 0.985 0.798458
14329 0.985 0.798459
14330 0.985 0.798444
14331 0.985 0.798416
14332 0.985 0.798374
14333 0.985 0.798321
14334 0.985 0.798257
14335 0.985 0.798216
14336 0.985 0.798194
14337 0.985 0.798159
14338 0.985 0.798112
14339 0.985 0.798054
14340 0.985 0.798017
14341 0.985 0.798
14342 0.985 0.798
14343 0.985 0.798015
14344 0.985 0.798045
14345 0.985 0.798056
14346 0.985 0.798051
14347 0.985 0.79803
14348 0.985 0.798027
14349 0.985 0.79804
14350 0.985 0.798036
14351 0.985 0.798048
14352 0.985 0.798043
14353 0.985 0.798054
14354 0.985 0.79808
14355 0.985 0.798119
14356 0.985 0.79817
14357 0.985 0.798231
14358 0.985 0.798302
14359 0.985 0.798382
14360 0.985 0.798438
14361 0.985 0.798504
14362 0.985 0.798579
14363 0.985 0.798662
14364 0.985 0.798721
14365 0.985 0.798759
14366 0.985 0.798777
14367 0.985 0.798777
14368 0.985 0.798762
14369 0.985 0.798764
14370 0.985 0.79875
14371 0.985 0.798722
14372 0.985 0.798713
14373 0.985 0.79872
14374 0.985 0.798742
14375 0.985 0.798777
14376 0.985 0.798793
14377 0.985 0.798792
14378 0.985 0.798776
14379 0.985 0.798745
14380 0.985 0.798702
14381 0.985 0.798647
14382 0.985 0.798582
14383 0.985 0.798508
14384 0.985 0.798426
14385 0.985 0.798336
14386 0.985 0.798239
14387 0.985 0.798168
14388 0.985 0.798119
14389 0.985 0.798091
14390 0.985 0.798082
14391 0.985 0.798089
14392 0.985 0.79808
14393 0.985 0.798056
14394 0.985 0.798019
14395 0.985 0.79797
14396 0.985 0.79791
14397 0.985 0.79784
14398 0.985 0.797793
14399 0.985 0.797767
14400 0.985 0.797758
14401 0.985 0.797767
14402 0.985 0.797758
14403 0.985 0.797735
14404 0.985 0.79773
14405 0.985 0.797741
14406 0.985 0.797767
14407 0.985 0.797805
14408 0.985 0.797856
14409 0.985 0.797917
14410 0.985 0.797988
14411 0.985 0.798067
14412 0.985 0.798154
14413 0.985 0.798248
14414 0.985 0.798348
14415 0.985 0.798423
14416 0.985 0.798474
14417 0.985 0.798505
14418 0.985 0.798517
14419 0.985 0.798512
14420 0.985 0.798523
14421 0.985 0.798518
14422 0.985 0.798497
14423 0.985 0.798463
14424 0.985 0.798416
14425 0.985 0.798359
14426 0.985 0.798292
14427 0.985 0.798215
14428 0.985 0.798131
14429 0.985 0.798039
14430 0.985 0.797973
14431 0.985 0.797928
14432 0.985 0.797904
14433 0.985 0.797898
14434 0.985 0.797877
14435 0.985 0.797842
14436 0.985 0.797818
14437 0.985 0.797804
14438 0.985 0.797799
14439 0.985 0.797803
14440 0.985 0.797813
14441 0.985 0.797807
14442 0.985 0.797786
14443 0.985 0.797751
14444 0.985 0.797704
14445 0.985 0.797646
14446 0.985 0.79761
14447 0.985 0.797593
14448 0.985 0.797593
14449 0.985 0.797609
14450 0.985 0.797639
14451 0.985 0.797681
14452 0.985 0.797736
14453 0.985 0.797769
14454 0.985 0.797783
14455 0.985 0.797811
14456 0.985 0.797852
14457 0.985 0.797905
14458 0.985 0.797968
14459 0.985 0.798009
14460 0.985 0.79803
14461 0.985 0.798033
14462 0.985 0.798021
14463 0.985 0.798026
14464 0.985 0.798045
14465 0.985 0.798047
14466 0.985 0.798033
14467 0.985 0.798037
14468 0.985 0.798055
14469 0.985 0.798088
14470 0.985 0.798132
14471 0.985 0.798189
14472 0.985 0.798255
14473 0.985 0.79833
14474 0.985 0.798413
14475 0.985 0.798504
14476 0.985 0.798601
14477 0.985 0.798673
14478 0.985 0.798722
14479 0.985 0.798751
14480 0.985 0.79876
14481 0.985 0.798754
14482 0.985 0.798732
14483 0.985 0.798697
14484 0.985 0.798681
14485 0.985 0.798682
14486 0.985 0.798667
14487 0.985 0.798638
14488 0.985 0.798597
14489 0.985 0.798544
14490 0.985 0.79848
14491 0.985 0.798407
14492 0.985 0.798326
14493 0.985 0.798237
14494 0.985 0.798173
14495 0.985 0.798131
14496 0.985 0.798109
14497 0.985 0.798073
14498 0.985 0.798048
14499 0.985 0.798034
14500 0.985 0.798036
14501 0.985 0.798054
14502 0.985 0.798054
14503 0.985 0.798039
14504 0.985 0.798009
14505 0.985 0.797967
14506 0.985 0.797945
14507 0.985 0.79794
14508 0.985 0.797952
14509 0.985 0.797947
14510 0.985 0.797958
14511 0.985 0.797983
14512 0.985 0.79799
14513 0.985 0.797981
14514 0.985 0.797989
14515 0.985 0.798011
14516 0.985 0.798047
14517 0.985 0.798095
14518 0.985 0.798154
14519 0.985 0.798222
14520 0.985 0.7983
14521 0.985 0.798377
14522 0.985 0.798454
14523 0.985 0.798507
14524 0.985 0.79854
14525 0.985 0.798554
14526 0.985 0.79855
14527 0.985 0.798531
14528 0.985 0.798499
14529 0.985 0.798454
14530 0.985 0.798429
14531 0.985 0.798422
14532 0.985 0.798432
14533 0.985 0.798456
14534 0.985 0.798494
14535 0.985 0.798544
14536 0.985 0.798604
14537 0.985 0.798674
14538 0.985 0.798722
14539 0.985 0.798749
14540 0.985 0.798757
14541 0.985 0.79878
14542 0.985 0.798786
14543 0.985 0.798806
14544 0.985 0.798809
14545 0.985 0.798796
14546 0.985 0.798768
14547 0.985 0.798728
14548 0.985 0.798676
14549 0.985 0.798613
14550 0.985 0.798541
14551 0.985 0.79846
14552 0.985 0.798372
14553 0.985 0.798277
14554 0.985 0.798176
14555 0.985 0.798069
14556 0.985 0.797981
14557 0.985 0.797908
14558 0.985 0.797851
14559 0.985 0.797807
14560 0.985 0.797774
14561 0.985 0.797753
14562 0.985 0.797741
14563 0.985 0.797738
14564 0.985 0.797742
14565 0.985 0.797754
14566 0.985 0.797773
14567 0.985 0.797797
14568 0.985 0.797826
14569 0.985 0.79786
14570 0.985 0.797875
14571 0.985 0.797896
14572 0.985 0.797922
14573 0.985 0.797954
14574 0.985 0.79799
14575 0.985 0.79803
14576 0.985 0.798074
14577 0.985 0.798121
14578 0.985 0.798171
14579 0.985 0.798224
14580 0.985 0.798279
14581 0.985 0.798336
14582 0.985 0.798395
14583 0.985 0.798433
14584 0.985 0.798451
14585 0.985 0.798451
14586 0.985 0.798436
14587 0.985 0.798438
14588 0.985 0.798456
14589 0.985 0.798456
14590 0.985 0.798441
14591 0.985 0.798411
14592 0.985 0.798369
14593 0.985 0.798315
14594 0.985 0.798251
14595 0.985 0.798209
14596 0.985 0.798187
14597 0.985 0.798183
14598 0.985 0.798194
14599 0.985 0.798221
14600 0.985 0.79826
14601 0.985 0.798312
14602 0.985 0.798373
14603 0.985 0.798445
14604 0.985 0.798525
14605 0.985 0.798581
14606 0.985 0.798616
14607 0.985 0.798631
14608 0.985 0.798661
14609 0.985 0.798704
14610 0.985 0.798758
14611 0.985 0.798822
14612 0.985 0.798896
14613 0.985 0.798978
14614 0.985 0.799036
14615 0.985 0.799072
14616 0.985 0.799089
14617 0.985 0.799089
14618 0.985 0.799073
14619 0.985 0.799043
14620 0.985 0.799
14621 0.985 0.798946
14622 0.985 0.798881
14623 0.985 0.798808
14624 0.985 0.798725
14625 0.985 0.798636
14626 0.985 0.798539
14627 0.985 0.798437
14628 0.985 0.798329
14629 0.985 0.798216
14630 0.985 0.798099
14631 0.985 0.797978
14632 0.985 0.797885
14633 0.985 0.797816
14634 0.985 0.797771
14635 0.985 0.797745
14636 0.985 0.797738
14637 0.985 0.797747
14638 0.985 0.79777
14639 0.985 0.797807
14640 0.985 0.797856
14641 0.985 0.797916
14642 0.985 0.797985
14643 0.985 0.798063
14644 0.985 0.798118
14645 0.985 0.798152
14646 0.985 0.798166
14647 0.985 0.798163
14648 0.985 0.798145
14649 0.985 0.798145
14650 0.985 0.79816
14651 0.985 0.798189
14652 0.985 0.798231
14653 0.985 0.798253
14654 0.985 0.798257
14655 0.985 0.798277
14656 0.985 0.79831
14657 0.985 0.798324
14658 0.985 0.798321
14659 0.985 0.798303
14660 0.985 0.798271
14661 0.985 0.798258
14662 0.985 0.798262
14663 0.985 0.798281
14664 0.985 0.798313
14665 0.985 0.798327
14666 0.985 0.798324
14667 0.985 0.798337
14668 0.985 0.798364
14669 0.985 0.798404
14670 0.985 0.798456
14671 0.985 0.798518
14672 0.985 0.79859
14673 0.985 0.79867
14674 0.985 0.798727
14675 0.985 0.798794
14676 0.985 0.798869
14677 0.985 0.798922
14678 0.985 0.798953
14679 0.985 0.798966
14680 0.985 0.798961
14681 0.985 0.798942
14682 0.985 0.798908
14683 0.985 0.798862
14684 0.985 0.798806
14685 0.985 0.798739
14686 0.985 0.798663
14687 0.985 0.79861
14688 0.985 0.798578
14689 0.985 0.798534
14690 0.985 0.798478
14691 0.985 0.798444
14692 0.985 0.798429
14693 0.985 0.7984
14694 0.985 0.798358
14695 0.985 0.798336
14696 0.985 0.798331
14697 0.985 0.798343
14698 0.985 0.798338
14699 0.985 0.798318
14700 0.985 0.798315
14701 0.985 0.798329
14702 0.985 0.798357
14703 0.985 0.798397
14704 0.985 0.79845
14705 0.985 0.798512
14706 0.985 0.798585
14707 0.985 0.798665
14708 0.985 0.798754
14709 0.985 0.798818
14710 0.985 0.798891
14711 0.985 0.798941
14712 0.985 0.79897
14713 0.985 0.798981
14714 0.985 0.798975
14715 0.985 0.798954
14716 0.985 0.798951
14717 0.985 0.798932
14718 0.985 0.7989
14719 0.985 0.798855
14720 0.985 0.798799
14721 0.985 0.798732
14722 0.985 0.798657
14723 0.985 0.798605
14724 0.985 0.798574
14725 0.985 0.798561
14726 0.985 0.798566
14727 0.985 0.798586
14728 0.985 0.798619
14729 0.985 0.798665
14730 0.985 0.798722
14731 0.985 0.798758
14732 0.985 0.798775
14733 0.985 0.798774
14734 0.985 0.798788
14735 0.985 0.798817
14736 0.985 0.798828
14737 0.985 0.798822
14738 0.985 0.7988
14739 0.985 0.798765
14740 0.985 0.798718
14741 0.985 0.79866
14742 0.985 0.798592
14743 0.985 0.798515
14744 0.985 0.798431
14745 0.985 0.798339
14746 0.985 0.79824
14747 0.985 0.798167
14748 0.985 0.798109
14749 0.985 0.798065
14750 0.985 0.798033
14751 0.985 0.798011
14752 0.985 0.798008
14753 0.985 0.79802
14754 0.985 0.798047
14755 0.985 0.798087
14756 0.985 0.798139
14757 0.985 0.798201
14758 0.985 0.798273
14759 0.985 0.798353
14760 0.985 0.798441
14761 0.985 0.798504
14762 0.985 0.798545
14763 0.985 0.798567
14764 0.985 0.79857
14765 0.985 0.798589
14766 0.985 0.798622
14767 0.985 0.798667
14768 0.985 0.798692
14769 0.985 0.798699
14770 0.985 0.798721
14771 0.985 0.798725
14772 0.985 0.798713
14773 0.985 0.798686
14774 0.985 0.798647
14775 0.985 0.798627
14776 0.985 0.798624
14777 0.985 0.798638
14778 0.985 0.798666
14779 0.985 0.798707
14780 0.985 0.79876
14781 0.985 0.798791
14782 0.985 0.798804
14783 0.985 0.798831
14784 0.985 0.798871
14785 0.985 0.798892
14786 0.985 0.798926
14787 0.985 0.798941
14788 0.985 0.798938
14789 0.985 0.798952
14790 0.985 0.79898
14791 0.985 0.799021
14792 0.985 0.799042
14793 0.985 0.799045
14794 0.985 0.799033
14795 0.985 0.799005
14796 0.985 0.798965
14797 0.985 0.798913
14798 0.985 0.798851
14799 0.985 0.798779
14800 0.985 0.798698
14801 0.985 0.798641
14802 0.985 0.798606
14803 0.985 0.79859
14804 0.985 0.798591
14805 0.985 0.798608
14806 0.985 0.798607
14807 0.985 0.798591
14808 0.985 0.798561
14809 0.985 0.798518
14810 0.985 0.798495
14811 0.985 0.79849
14812 0.985 0.79847
14813 0.985 0.798436
14814 0.985 0.798421
14815 0.985 0.798392
14816 0.985 0.798382
14817 0.985 0.798357
14818 0.985 0.79835
14819 0.985 0.798328
14820 0.985 0.798293
14821 0.985 0.798245
14822 0.985 0.798187
14823 0.985 0.798119
14824 0.985 0.798065
14825 0.985 0.798024
14826 0.985 0.797996
14827 0.985 0.797978
14828 0.985 0.797969
14829 0.985 0.797969
14830 0.985 0.797977
14831 0.985 0.797968
14832 0.985 0.797945
14833 0.985 0.797908
14834 0.985 0.79786
14835 0.985 0.7978
14836 0.985 0.797731
14837 0.985 0.797684
14838 0.985 0.79765
14839 0.985 0.797626
14840 0.985 0.797613
14841 0.985 0.797609
14842 0.985 0.797613
14843 0.985 0.797625
14844 0.985 0.797643
14845 0.985 0.797667
14846 0.985 0.797673
14847 0.985 0.797686
14848 0.985 0.797705
14849 0.985 0.79773
14850 0.985 0.797738
14851 0.985 0.797752
14852 0.985 0.797772
14853 0.985 0.797799
14854 0.985 0.79783
14855 0.985 0.797866
14856 0.985 0.797907
14857 0.985 0.797951
14858 0.985 0.797999
14859 0.985 0.798049
14860 0.985 0.798103
14861 0.985 0.798159
14862 0.985 0.798217
14863 0.985 0.798277
14864 0.985 0.798339
14865 0.985 0.798403
14866 0.985 0.798468
14867 0.985 0.798535
14868 0.985 0.79858
14869 0.985 0.798604
14870 0.985 0.79861
14871 0.985 0.7986
14872 0.985 0.798575
14873 0.985 0.798537
14874 0.985 0.798487
14875 0.985 0.798427
14876 0.985 0.798357
14877 0.985 0.798301
14878 0.985 0.79826
14879 0.985 0.79823
14880 0.985 0.798211
14881 0.985 0.798202
14882 0.985 0.798178
14883 0.985 0.798172
14884 0.985 0.798182
14885 0.985 0.798208
14886 0.985 0.798246
14887 0.985 0.798296
14888 0.985 0.798357
14889 0.985 0.798396
14890 0.985 0.798416
14891 0.985 0.798418
14892 0.985 0.798427
14893 0.985 0.798444
14894 0.985 0.798466
14895 0.985 0.798494
14896 0.985 0.798528
14897 0.985 0.798542
14898 0.985 0.798539
14899 0.985 0.798521
14900 0.985 0.798489
14901 0.985 0.798444
14902 0.985 0.798412
14903 0.985 0.798398
14904 0.985 0.798402
14905 0.985 0.798421
14906 0.985 0.798422
14907 0.985 0.798408
14908 0.985 0.798379
14909 0.985 0.798338
14910 0.985 0.798316
14911 0.985 0.798312
14912 0.985 0.798324
14913 0.985 0.798351
14914 0.985 0.798391
14915 0.985 0.798442
14916 0.985 0.798473
14917 0.985 0.798485
14918 0.985 0.798511
14919 0.985 0.798551
14920 0.985 0.798602
14921 0.985 0.798632
14922 0.985 0.798644
14923 0.985 0.79867
14924 0.985 0.798709
14925 0.985 0.798729
14926 0.985 0.798731
14927 0.985 0.798717
14928 0.985 0.798688
14929 0.985 0.798647
14930 0.985 0.798595
14931 0.985 0.798532
14932 0.985 0.798459
14933 0.985 0.798378
14934 0.985 0.798321
14935 0.985 0.798285
14936 0.985 0.798237
14937 0.985 0.798202
14938 0.985 0.798178
14939 0.985 0.798164
14940 0.985 0.798167
14941 0.985 0.798185
14942 0.985 0.798218
14943 0.985 0.798263
14944 0.985 0.798319
14945 0.985 0.798385
14946 0.985 0.79846
14947 0.985 0.798544
14948 0.985 0.798635
14949 0.985 0.798732
14950 0.985 0.798804
14951 0.985 0.798853
14952 0.985 0.798913
14953 0.985 0.798983
14954 0.985 0.799061
14955 0.985 0.799116
14956 0.985 0.79915
14957 0.985 0.799164
14958 0.985 0.799162
14959 0.985 0.799143
14960 0.985 0.799111
14961 0.985 0.799067
14962 0.985 0.799011
14963 0.985 0.798976
14964 0.985 0.798961
14965 0.985 0.798963
14966 0.985 0.79898
14967 0.985 0.79898
14968 0.985 0.798965
14969 0.985 0.798935
14970 0.985 0.798924
14971 0.985 0.798929
14972 0.985 0.79895
14973 0.985 0.798953
14974 0.985 0.79894
14975 0.985 0.798913
14976 0.985 0.798872
14977 0.985 0.79882
14978 0.985 0.798758
14979 0.985 0.798686
14980 0.985 0.798605
14981 0.985 0.79854
14982 0.985 0.79849
14983 0.985 0.798452
14984 0.985 0.798426
14985 0.985 0.79841
14986 0.985 0.798404
14987 0.985 0.798406
14988 0.985 0.798415
14989 0.985 0.798431
14990 0.985 0.798453
14991 0.985 0.798481
14992 0.985 0.798514
14993 0.985 0.798551
14994 0.985 0.798569
14995 0.985 0.798569
14996 0.985 0.798577
14997 0.985 0.798592
14998 0.985 0.798613
14999 0.985 0.798648
15000 0.985 0.798695
