14000 0.69 0.102014
14001 0.69 0.101955
14002 0.69 0.101887
14003 0.69 0.101809
14004 0.69 0.101724
14005 0.69 0.101632
14006 0.69 0.101534
14007 0.69 0.101453
14008 0.69 0.101388
14009 0.69 0.101337
14010 0.69 0.101299
14011 0.69 0.101273
14012 0.69 0.101257
14013 0.69 0.101251
14014 0.69 0.101253
14015 0.69 0.101262
14016 0.69 0.101278
14017 0.69 0.101301
14018 0.69 0.101305
14019 0.69 0.101294
14020 0.69 0.101268
14021 0.69 0.101229
14022 0.69 0.101178
14023 0.69 0.101117
14024 0.69 0.101046
14025 0.69 0.100991
14026 0.69 0.100948
14027 0.69 0.100918
14028 0.69 0.100898
14029 0.69 0.100888
14030 0.69 0.100886
14031 0.69 0.100893
14032 0.69 0.100883
14033 0.69 0.100882
14034 0.69 0.100866
14035 0.69 0.100835
14036 0.69 0.100792
14037 0.69 0.100761
14038 0.69 0.100741
14039 0.69 0.10073
14040 0.69 0.100728
14041 0.69 0.100735
14042 0.69 0.100748
14043 0.69 0.100767
14044 0.69 0.100793
14045 0.69 0.100823
14046 0.69 0.100858
14047 0.69 0.100898
14048 0.69 0.100941
14049 0.69 0.100988
14050 0.69 0.101014
14051 0.69 0.101022
14052 0.69 0.101014
14053 0.69 0.100991
14054 0.69 0.100978
14055 0.69 0.100951
14056 0.69 0.100911
14057 0.69 0.100859
14058 0.69 0.100797
14059 0.69 0.100726
14060 0.69 0.100669
14061 0.69 0.100626
14062 0.69 0.100595
14063 0.69 0.100574
14064 0.69 0.100564
14065 0.69 0.100562
14066 0.69 0.100568
14067 0.69 0.100581
14068 0.69 0.100601
14069 0.69 0.100603
14070 0.69 0.100589
14071 0.69 0.100561
14072 0.69 0.10052
14073 0.69 0.100467
14074 0.69 0.100404
14075 0.69 0.100355
14076 0.69 0.100319
14077 0.69 0.100294
14078 0.69 0.100279
14079 0.69 0.100273
14080 0.69 0.100275
14081 0.69 0.100285
14082 0.69 0.100301
14083 0.69 0.100324
14084 0.69 0.100351
14085 0.69 0.100361
14086 0.69 0.100377
14087 0.69 0.100376
14088 0.69 0.100359
14089 0.69 0.100328
14090 0.69 0.100285
14091 0.69 0.100231
14092 0.69 0.100166
14093 0.69 0.100092
14094 0.69 0.10001
14095 0.69 0.0999203
14096 0.69 0.0998473
14097 0.69 0.0997893
14098 0.69 0.0997448
14099 0.69 0.0997124
14100 0.69 0.0996908
14101 0.69 0.0996791
14102 0.69 0.0996761
14103 0.69 0.0996811
14104 0.69 0.0996933
14105 0.69 0.0997118
14106 0.69 0.0997362
14107 0.69 0.0997657
14108 0.69 0.0997999
14109 0.69 0.0998384
14110 0.69 0.0998806
14111 0.69 0.0999262
14112 0.69 0.0999749
14113 0.69 0.100026
14114 0.69 0.10008
14115 0.69 0.100136
14116 0.69 0.100171
14117 0.69 0.100187
14118 0.69 0.100186
14119 0.69 0.100169
14120 0.69 0.100138
14121 0.69 0.100095
14122 0.69 0.10004
14123 0.69 0.0999756
14124 0.69 0.0999017
14125 0.69 0.0998428
14126 0.69 0.0997973
14127 0.69 0.0997408
14128 0.69 0.0996743
14129 0.69 0.0995989
14130 0.69 0.0995155
14131 0.69 0.0994248
14132 0.69 0.0993507
14133 0.69 0.0992915
14134 0.69 0.0992457
14135 0.69 0.099212
14136 0.69 0.0991891
14137 0.69 0.099176
14138 0.69 0.0991717
14139 0.69 0.0991753
14140 0.69 0.099186
14141 0.69 0.0992031
14142 0.69 0.099226
14143 0.69 0.099254
14144 0.69 0.0992866
14145 0.69 0.0993235
14146 0.69 0.0993641
14147 0.69 0.0994081
14148 0.69 0.0994321
14149 0.69 0.0994381
14150 0.69 0.099428
14151 0.69 0.0994033
14152 0.69 0.0993655
14153 0.69 0.0993159
14154 0.69 0.0992556
14155 0.69 0.0991859
14156 0.69 0.0991305
14157 0.69 0.0990881
14158 0.69 0.0990575
14159 0.69 0.0990373
14160 0.69 0.0990266
14161 0.69 0.0990245
14162 0.69 0.09903
14163 0.69 0.0990425
14164 0.69 0.0990612
14165 0.69 0.0990855
14166 0.69 0.0991148
14167 0.69 0.0991487
14168 0.69 0.0991868
14169 0.69 0.0992285
14170 0.69 0.0992735
14171 0.69 0.0993216
14172 0.69 0.0993724
14173 0.69 0.0994256
14174 0.69 0.0994579
14175 0.69 0.0994945
14176 0.69 0.0995351
14177 0.69 0.0995792
14178 0.69 0.0996265
14179 0.69 0.0996768
14180 0.69 0.0997296
14181 0.69 0.0997849
14182 0.69 0.0998422
14183 0.69 0.0999015
14184 0.69 0.0999626
14185 0.69 0.100025
14186 0.69 0.100089
14187 0.69 0.100155
14188 0.69 0.100221
14189 0.69 0.100266
14190 0.69 0.10029
14191 0.69 0.100296
14192 0.69 0.100286
14193 0.69 0.100262
14194 0.69 0.100224
14195 0.69 0.100198
14196 0.69 0.100182
14197 0.69 0.100175
14198 0.69 0.100177
14199 0.69 0.100186
14200 0.69 0.100179
14201 0.69 0.100157
14202 0.69 0.100122
14203 0.69 0.100074
14204 0.69 0.100016
14205 0.69 0.0999474
14206 0.69 0.0998704
14207 0.69 0.0997855
14208 0.69 0.0996935
14209 0.69 0.0995951
14210 0.69 0.0994909
14211 0.69 0.0993815
14212 0.69 0.0992907
14213 0.69 0.0992165
14214 0.69 0.0991573
14215 0.69 0.0991115
14216 0.69 0.0990778
14217 0.69 0.099055
14218 0.69 0.099042
14219 0.69 0.0990378
14220 0.69 0.0990415
14221 0.69 0.0990523
14222 0.69 0.0990696
14223 0.69 0.0990925
14224 0.69 0.0991207
14225 0.69 0.0991535
14226 0.69 0.0991905
14227 0.69 0.0992312
14228 0.69 0.0992523
14229 0.69 0.0992557
14230 0.69 0.0992662
14231 0.69 0.0992831
14232 0.69 0.0993058
14233 0.69 0.0993338
14234 0.69 0.0993664
14235 0.69 0.0994032
14236 0.69 0.0994439
14237 0.69 0.0994879
14238 0.69 0.099512
14239 0.69 0.0995182
14240 0.69 0.0995082
14241 0.69 0.0995066
14242 0.69 0.0995128
14243 0.69 0.0995258
14244 0.69 0.0995219
14245 0.69 0.0995029
14246 0.69 0.0994702
14247 0.69 0.0994252
14248 0.69 0.0993691
14249 0.69 0.099303
14250 0.69 0.0992279
14251 0.69 0.0991678
14252 0.69 0.0991212
14253 0.69 0.0990868
14254 0.69 0.0990633
14255 0.69 0.0990496
14256 0.69 0.0990448
14257 0.69 0.0990479
14258 0.69 0.0990582
14259 0.69 0.0990749
14260 0.69 0.0990974
14261 0.69 0.0991252
14262 0.69 0.0991576
14263 0.69 0.0991943
14264 0.69 0.0992348
14265 0.69 0.0992787
14266 0.69 0.0993257
14267 0.69 0.0993755
14268 0.69 0.0994048
14269 0.69 0.0994386
14270 0.69 0.0994535
14271 0.69 0.0994512
14272 0.69 0.0994336
14273 0.69 0.0994022
14274 0.69 0.0993583
14275 0.69 0.0993263
14276 0.69 0.0993051
14277 0.69 0.0992936
14278 0.69 0.0992907
14279 0.69 0.0992958
14280 0.69 0.0993078
14281 0.69 0.0993263
14282 0.69 0.0993504
14283 0.69 0.0993797
14284 0.69 0.0994136
14285 0.69 0.0994517
14286 0.69 0.0994935
14287 0.69 0.0995156
14288 0.69 0.0995199
14289 0.69 0.0995081
14290 0.69 0.099482
14291 0.69 0.0994428
14292 0.69 0.0993921
14293 0.69 0.0993308
14294 0.69 0.09926
14295 0.69 0.099204
14296 0.69 0.0991612
14297 0.69 0.0991302
14298 0.69 0.09911
14299 0.69 0.0990762
14300 0.69 0.0990301
14301 0.69 0.0989963
14302 0.69 0.0989735
14303 0.69 0.0989607
14304 0.69 0.0989567
14305 0.69 0.0989608
14306 0.69 0.0989721
14307 0.69 0.0989899
14308 0.69 0.0990135
14309 0.69 0.0990424
14310 0.69 0.0990529
14311 0.69 0.0990466
14312 0.69 0.0990254
14313 0.69 0.0989907
14314 0.69 0.0989439
14315 0.69 0.0989094
14316 0.69 0.098886
14317 0.69 0.0988726
14318 0.69 0.0988682
14319 0.69 0.0988719
14320 0.69 0.0988829
14321 0.69 0.0989005
14322 0.69 0.098924
14323 0.69 0.0989528
14324 0.69 0.0989864
14325 0.69 0.0990243
14326 0.69 0.0990661
14327 0.69 0.0991114
14328 0.69 0.0991598
14329 0.69 0.0992111
14330 0.69 0.099265
14331 0.69 0.0993211
14332 0.69 0.0993793
14333 0.69 0.0994394
14334 0.69 0.0994779
14335 0.69 0.0995202
14336 0.69 0.099566
14337 0.69 0.0996149
14338 0.69 0.0996433
14339 0.69 0.0996532
14340 0.69 0.0996465
14341 0.69 0.0996249
14342 0.69 0.0995898
14343 0.69 0.099566
14344 0.69 0.0995522
14345 0.69 0.0995477
14346 0.69 0.0995513
14347 0.69 0.0995623
14348 0.69 0.0995566
14349 0.69 0.0995357
14350 0.69 0.0995013
14351 0.69 0.0994547
14352 0.69 0.0993971
14353 0.69 0.0993296
14354 0.69 0.0992766
14355 0.69 0.0992367
14356 0.69 0.0991851
14357 0.69 0.0991465
14358 0.69 0.0991195
14359 0.69 0.0991029
14360 0.69 0.0990958
14361 0.69 0.0990972
14362 0.69 0.0991063
14363 0.69 0.0991222
14364 0.69 0.0991443
14365 0.69 0.0991485
14366 0.69 0.0991367
14367 0.69 0.0991104
14368 0.69 0.0990944
14369 0.69 0.0990879
14370 0.69 0.0990897
14371 0.69 0.0990991
14372 0.69 0.0991153
14373 0.69 0.0991143
14374 0.69 0.0990977
14375 0.69 0.0990672
14376 0.69 0.0990241
14377 0.69 0.0989698
14378 0.69 0.0989052
14379 0.69 0.0988548
14380 0.69 0.0988173
14381 0.69 0.0987913
14382 0.69 0.0987757
14383 0.69 0.0987694
14384 0.69 0.0987715
14385 0.69 0.0987812
14386 0.69 0.0987977
14387 0.69 0.0988204
14388 0.69 0.0988485
14389 0.69 0.0988816
14390 0.69 0.0989192
14391 0.69 0.0989608
14392 0.69 0.0990061
14393 0.69 0.0990311
14394 0.69 0.099038
14395 0.69 0.0990286
14396 0.69 0.0990279
14397 0.69 0.099035
14398 0.69 0.0990492
14399 0.69 0.0990463
14400 0.69 0.099028
14401 0.69 0.0989959
14402 0.69 0.0989513
14403 0.69 0.0988956
14404 0.69 0.0988531
14405 0.69 0.0988225
14406 0.69 0.0988027
14407 0.69 0.0987925
14408 0.69 0.098791
14409 0.69 0.0987972
14410 0.69 0.0988105
14411 0.69 0.0988301
14412 0.69 0.098832
14413 0.69 0.0988182
14414 0.69 0.09879
14415 0.69 0.0987491
14416 0.69 0.0986966
14417 0.69 0.0986337
14418 0.69 0.0985614
14419 0.69 0.098504
14420 0.69 0.09846
14421 0.69 0.0984281
14422 0.69 0.098407
14423 0.69 0.0983956
14424 0.69 0.0983931
14425 0.69 0.0983984
14426 0.69 0.0984109
14427 0.69 0.0984298
14428 0.69 0.0984544
14429 0.69 0.0984842
14430 0.69 0.0985188
14431 0.69 0.0985575
14432 0.69 0.0986
14433 0.69 0.0986459
14434 0.69 0.0986949
14435 0.69 0.0987467
14436 0.69 0.0988009
14437 0.69 0.0988341
14438 0.69 0.0988482
14439 0.69 0.0988453
14440 0.69 0.0988269
14441 0.69 0.0987947
14442 0.69 0.09875
14443 0.69 0.0986941
14444 0.69 0.0986281
14445 0.69 0.0985764
14446 0.69 0.0985375
14447 0.69 0.0985101
14448 0.69 0.0984931
14449 0.69 0.0984854
14450 0.69 0.0984861
14451 0.69 0.0984943
14452 0.69 0.0985094
14453 0.69 0.0985305
14454 0.69 0.0985339
14455 0.69 0.0985213
14456 0.69 0.0984943
14457 0.69 0.0984543
14458 0.69 0.0984027
14459 0.69 0.0983406
14460 0.69 0.0982691
14461 0.69 0.0982123
14462 0.69 0.0981688
14463 0.69 0.0981372
14464 0.69 0.0981164
14465 0.69 0.0981052
14466 0.69 0.0981028
14467 0.69 0.0981082
14468 0.69 0.0981207
14469 0.69 0.0981395
14470 0.69 0.0981408
14471 0.69 0.0981497
14472 0.69 0.0981653
14473 0.69 0.098187
14474 0.69 0.0982143
14475 0.69 0.0982231
14476 0.69 0.0982154
14477 0.69 0.0981928
14478 0.69 0.0981802
14479 0.69 0.0981766
14480 0.69 0.0981812
14481 0.69 0.098193
14482 0.69 0.0982115
14483 0.69 0.0982358
14484 0.69 0.0982655
14485 0.69 0.0983
14486 0.69 0.0983389
14487 0.69 0.0983816
14488 0.69 0.0984279
14489 0.69 0.0984773
14490 0.69 0.0985296
14491 0.69 0.0985845
14492 0.69 0.0986417
14493 0.69 0.098701
14494 0.69 0.0987622
14495 0.69 0.0988251
14496 0.69 0.0988896
14497 0.69 0.0989554
14498 0.69 0.0990225
14499 0.69 0.0990908
14500 0.69 0.09916
14501 0.69 0.0992302
14502 0.69 0.0993013
14503 0.69 0.0993731
14504 0.69 0.0994221
14505 0.69 0.0994505
14506 0.69 0.0994603
14507 0.69 0.0994771
14508 0.69 0.0995001
14509 0.69 0.0995287
14510 0.69 0.0995624
14511 0.69 0.0996007
14512 0.69 0.099643
14513 0.69 0.0996891
14514 0.69 0.0997149
14515 0.69 0.0997224
14516 0.69 0.0997136
14517 0.69 0.09969
14518 0.69 0.0996767
14519 0.69 0.0996726
14520 0.69 0.099677
14521 0.69 0.0996888
14522 0.69 0.0996838
14523 0.69 0.0996637
14524 0.69 0.0996299
14525 0.69 0.0995838
14526 0.69 0.0995267
14527 0.69 0.0994833
14528 0.69 0.0994522
14529 0.69 0.0994322
14530 0.69 0.0993986
14531 0.69 0.0993527
14532 0.69 0.0992957
14533 0.69 0.0992523
14534 0.69 0.0992213
14535 0.69 0.0992014
14536 0.69 0.0991915
14537 0.69 0.0991906
14538 0.69 0.0991977
14539 0.69 0.0992121
14540 0.69 0.0992331
14541 0.69 0.09926
14542 0.69 0.0992921
14543 0.69 0.0993291
14544 0.69 0.0993704
14545 0.69 0.0994156
14546 0.69 0.0994643
14547 0.69 0.0995161
14548 0.69 0.0995708
14549 0.69 0.0996281
14550 0.69 0.0996876
14551 0.69 0.0997493
14552 0.69 0.0998128
14553 0.69 0.099878
14554 0.69 0.0999447
14555 0.69 0.100013
14556 0.69 0.100082
14557 0.69 0.100129
14558 0.69 0.100155
14559 0.69 0.100163
14560 0.69 0.100155
14561 0.69 0.100132
14562 0.69 0.100095
14563 0.69 0.100046
14564 0.69 0.10001
14565 0.69 0.0999863
14566 0.69 0.0999728
14567 0.69 0.0999688
14568 0.69 0.0999733
14569 0.69 0.0999856
14570 0.69 0.100005
14571 0.69 0.10003
14572 0.69 0.100061
14573 0.69 0.100097
14574 0.69 0.100138
14575 0.69 0.100183
14576 0.69 0.100231
14577 0.69 0.100283
14578 0.69 0.100338
14579 0.69 0.100372
14580 0.69 0.100386
14581 0.69 0.100384
14582 0.69 0.100366
14583 0.69 0.100334
14584 0.69 0.10029
14585 0.69 0.100234
14586 0.69 0.100169
14587 0.69 0.100094
14588 0.69 0.100011
14589 0.69 0.0999443
14590 0.69 0.0998928
14591 0.69 0.0998548
14592 0.69 0.0998288
14593 0.69 0.0998137
14594 0.69 0.0998085
14595 0.69 0.0998121
14596 0.69 0.0998236
14597 0.69 0.0998424
14598 0.69 0.0998676
14599 0.69 0.0998746
14600 0.69 0.0998652
14601 0.69 0.0998651
14602 0.69 0.0998734
14603 0.69 0.0998893
14604 0.69 0.099912
14605 0.69 0.0999408
14606 0.69 0.099951
14607 0.69 0.0999446
14608 0.69 0.0999231
14609 0.69 0.0999122
14610 0.69 0.0999108
14611 0.69 0.0998938
14612 0.69 0.0998629
14613 0.69 0.0998194
14614 0.69 0.0997886
14615 0.69 0.0997453
14616 0.69 0.0996907
14617 0.69 0.0996499
14618 0.69 0.0995975
14619 0.69 0.0995589
14620 0.69 0.0995325
14621 0.69 0.0995172
14622 0.69 0.0995119
14623 0.69 0.0995156
14624 0.69 0.0995274
14625 0.69 0.0995465
14626 0.69 0.0995722
14627 0.69 0.0996039
14628 0.69 0.0996409
14629 0.69 0.0996829
14630 0.69 0.0997292
14631 0.69 0.0997552
14632 0.69 0.0997629
14633 0.69 0.0997542
14634 0.69 0.0997307
14635 0.69 0.0997182
14636 0.69 0.0997157
14637 0.69 0.0997221
14638 0.69 0.0997122
14639 0.69 0.0996877
14640 0.69 0.0996499
14641 0.69 0.0996247
14642 0.69 0.0996108
14643 0.69 0.099607
14644 0.69 0.0996124
14645 0.69 0.0996261
14646 0.69 0.0996473
14647 0.69 0.0996751
14648 0.69 0.099709
14649 0.69 0.0997238
14650 0.69 0.0997214
14651 0.69 0.0997037
14652 0.69 0.099672
14653 0.69 0.0996279
14654 0.69 0.0995725
14655 0.69 0.099507
14656 0.69 0.0994569
14657 0.69 0.0994207
14658 0.69 0.099397
14659 0.69 0.0993846
14660 0.69 0.0993822
14661 0.69 0.0993891
14662 0.69 0.0994041
14663 0.69 0.0994266
14664 0.69 0.0994311
14665 0.69 0.0994195
14666 0.69 0.0993934
14667 0.69 0.0993542
14668 0.69 0.0993032
14669 0.69 0.0992663
14670 0.69 0.0992174
14671 0.69 0.0991577
14672 0.69 0.0990882
14673 0.69 0.09901
14674 0.69 0.0989486
14675 0.69 0.0989023
14676 0.69 0.0988696
14677 0.69 0.0988491
14678 0.69 0.0988397
14679 0.69 0.0988402
14680 0.69 0.0988496
14681 0.69 0.0988671
14682 0.69 0.0988918
14683 0.69 0.0988984
14684 0.69 0.0988887
14685 0.69 0.0988642
14686 0.69 0.0988265
14687 0.69 0.0988017
14688 0.69 0.0987884
14689 0.69 0.0987856
14690 0.69 0.0987921
14691 0.69 0.0988071
14692 0.69 0.0988297
14693 0.69 0.0988343
14694 0.69 0.0988228
14695 0.69 0.0987967
14696 0.69 0.0987825
14697 0.69 0.0987788
14698 0.69 0.0987847
14699 0.69 0.0987743
14700 0.69 0.0987492
14701 0.69 0.0987109
14702 0.69 0.0986608
14703 0.69 0.0986
14704 0.69 0.0985296
14705 0.69 0.0984754
14706 0.69 0.098436
14707 0.69 0.0984098
14708 0.69 0.0983955
14709 0.69 0.098367
14710 0.69 0.0983255
14711 0.69 0.0982726
14712 0.69 0.0982092
14713 0.69 0.0981615
14714 0.69 0.0981279
14715 0.69 0.0981069
14716 0.69 0.0980974
14717 0.69 0.0980982
14718 0.69 0.0981082
14719 0.69 0.0981016
14720 0.69 0.0980799
14721 0.69 0.0980448
14722 0.69 0.0979975
14723 0.69 0.0979394
14724 0.69 0.0978964
14725 0.69 0.0978671
14726 0.69 0.0978501
14727 0.69 0.0978442
14728 0.69 0.0978483
14729 0.69 0.0978364
14730 0.69 0.0978351
14731 0.69 0.0978433
14732 0.69 0.0978601
14733 0.69 0.0978848
14734 0.69 0.0979164
14735 0.69 0.0979543
14736 0.69 0.0979978
14737 0.69 0.0980465
14738 0.69 0.0980747
14739 0.69 0.0980843
14740 0.69 0.0980772
14741 0.69 0.0980552
14742 0.69 0.0980196
14743 0.69 0.0979719
14744 0.69 0.0979133
14745 0.69 0.0978448
14746 0.69 0.0977675
14747 0.69 0.0977074
14748 0.69 0.0976627
14749 0.69 0.097632
14750 0.69 0.0976137
14751 0.69 0.0975816
14752 0.69 0.097537
14753 0.69 0.0974812
14754 0.69 0.0974154
14755 0.69 0.0973404
14756 0.69 0.0972573
14757 0.69 0.0971919
14758 0.69 0.0971425
14759 0.69 0.0971076
14760 0.69 0.0970856
14761 0.69 0.0970753
14762 0.69 0.0970755
14763 0.69 0.0970852
14764 0.69 0.0970783
14765 0.69 0.0970563
14766 0.69 0.0970208
14767 0.69 0.0969731
14768 0.69 0.0969145
14769 0.69 0.096846
14770 0.69 0.0967687
14771 0.69 0.0966834
14772 0.69 0.0966161
14773 0.69 0.0965652
14774 0.69 0.0965289
14775 0.69 0.0965058
14776 0.69 0.0964946
14777 0.69 0.0964688
14778 0.69 0.0964552
14779 0.69 0.0964526
14780 0.69 0.0964599
14781 0.69 0.0964761
14782 0.69 0.0964749
14783 0.69 0.0964583
14784 0.69 0.0964275
14785 0.69 0.0963842
14786 0.69 0.0963296
14787 0.69 0.0962648
14788 0.69 0.0962161
14789 0.69 0.096182
14790 0.69 0.0961356
14791 0.69 0.0960783
14792 0.69 0.0960364
14793 0.69 0.0960084
14794 0.69 0.095993
14795 0.69 0.0959888
14796 0.69 0.0959949
14797 0.69 0.0960101
14798 0.69 0.0960081
14799 0.69 0.0960161
14800 0.69 0.0960332
14801 0.69 0.0960328
14802 0.69 0.0960423
14803 0.69 0.0960608
14804 0.69 0.0960872
14805 0.69 0.0961209
14806 0.69 0.0961611
14807 0.69 0.0962072
14808 0.69 0.0962329
14809 0.69 0.0962405
14810 0.69 0.0962316
14811 0.69 0.0962335
14812 0.69 0.0962196
14813 0.69 0.0961913
14814 0.69 0.0961503
14815 0.69 0.0961233
14816 0.69 0.096109
14817 0.69 0.096106
14818 0.69 0.0961133
14819 0.69 0.0961299
14820 0.69 0.0961548
14821 0.69 0.0961616
14822 0.69 0.0961519
14823 0.69 0.0961533
14824 0.69 0.0961645
14825 0.69 0.0961845
14826 0.69 0.0962126
14827 0.69 0.0962479
14828 0.69 0.0962897
14829 0.69 0.0963373
14830 0.69 0.0963902
14831 0.69 0.0964478
14832 0.69 0.0965098
14833 0.69 0.0965498
14834 0.69 0.0965702
14835 0.69 0.0965728
14836 0.69 0.0965853
14837 0.69 0.0966066
14838 0.69 0.0966359
14839 0.69 0.0966723
14840 0.69 0.0967153
14841 0.69 0.0967383
14842 0.69 0.0967691
14843 0.69 0.096807
14844 0.69 0.0968253
14845 0.69 0.096852
14846 0.69 0.0968863
14847 0.69 0.0969272
14848 0.69 0.0969743
14849 0.69 0.0970269
14850 0.69 0.0970844
14851 0.69 0.0971204
14852 0.69 0.0971372
14853 0.69 0.0971624
14854 0.69 0.0971954
14855 0.69 0.0972352
14856 0.69 0.0972813
14857 0.69 0.0973331
14858 0.69 0.0973898
14859 0.69 0.0974512
14860 0.69 0.0975166
14861 0.69 0.0975857
14862 0.69 0.0976581
14863 0.69 0.0977336
14864 0.69 0.0977858
14865 0.69 0.0978172
14866 0.69 0.0978297
14867 0.69 0.0978253
14868 0.69 0.0978057
14869 0.69 0.0977724
14870 0.69 0.0977268
14871 0.69 0.097696
14872 0.69 0.0976787
14873 0.69 0.0976735
14874 0.69 0.0976792
14875 0.69 0.0976948
14876 0.69 0.0976931
14877 0.69 0.0976759
14878 0.69 0.0976448
14879 0.69 0.0976011
14880 0.69 0.0975461
14881 0.69 0.0974809
14882 0.69 0.0974066
14883 0.69 0.0973502
14884 0.69 0.0973098
14885 0.69 0.097284
14886 0.69 0.0972711
14887 0.69 0.0972699
14888 0.69 0.0972532
14889 0.69 0.0972225
14890 0.69 0.0971792
14891 0.69 0.0971507
14892 0.69 0.0971353
14893 0.69 0.0971319
14894 0.69 0.0971392
14895 0.69 0.0971561
14896 0.69 0.0971557
14897 0.69 0.0971397
14898 0.69 0.0971096
14899 0.69 0.0970669
14900 0.69 0.0970128
14901 0.69 0.0969485
14902 0.69 0.096901
14903 0.69 0.0968685
14904 0.69 0.0968497
14905 0.69 0.0968171
14906 0.69 0.0967722
14907 0.69 0.0967161
14908 0.69 0.0966501
14909 0.69 0.096601
14910 0.69 0.0965671
14911 0.69 0.0965469
14912 0.69 0.096539
14913 0.69 0.0965163
14914 0.69 0.0964802
14915 0.69 0.0964322
14916 0.69 0.0963733
14917 0.69 0.0963306
14918 0.69 0.0963024
14919 0.69 0.0962872
14920 0.69 0.0962838
14921 0.69 0.0962909
14922 0.69 0.0962817
14923 0.69 0.0962578
14924 0.69 0.0962207
14925 0.69 0.0961716
14926 0.69 0.0961118
14927 0.69 0.0960424
14928 0.69 0.0959901
14929 0.69 0.0959533
14930 0.69 0.0959304
14931 0.69 0.0958941
14932 0.69 0.0958459
14933 0.69 0.0957868
14934 0.69 0.0957439
14935 0.69 0.0957153
14936 0.69 0.095674
14937 0.69 0.0956212
14938 0.69 0.0955581
14939 0.69 0.0954857
14940 0.69 0.0954306
14941 0.69 0.0953912
14942 0.69 0.0953659
14943 0.69 0.0953275
14944 0.69 0.0952774
14945 0.69 0.0952166
14946 0.69 0.0951463
14947 0.69 0.0950675
14948 0.69 0.0950066
14949 0.69 0.0949619
14950 0.69 0.0949318
14951 0.69 0.0949148
14952 0.69 0.0948839
14953 0.69 0.0948405
14954 0.69 0.0947858
14955 0.69 0.094721
14956 0.69 0.0946471
14957 0.69 0.094565
14958 0.69 0.0945011
14959 0.69 0.0944536
14960 0.69 0.0944209
14961 0.69 0.0943759
14962 0.69 0.0943199
14963 0.69 0.0942538
14964 0.69 0.0942044
14965 0.69 0.0941698
14966 0.69 0.0941232
14967 0.69 0.0940656
14968 0.69 0.0940237
14969 0.69 0.093996
14970 0.69 0.0939554
14971 0.69 0.0939033
14972 0.69 0.0938409
14973 0.69 0.0937946
14974 0.69 0.0937373
14975 0.69 0.0936957
14976 0.69 0.0936427
14977 0.69 0.0935794
14978 0.69 0.0935323
14979 0.69 0.0934998
14980 0.69 0.093455
14981 0.69 0.0933992
14982 0.69 0.0933333
14983 0.69 0.0932585
14984 0.69 0.0932011
14985 0.69 0.0931592
14986 0.69 0.0931313
14987 0.69 0.0930907
14988 0.69 0.0930387
14989 0.69 0.0929762
14990 0.69 0.0929045
14991 0.69 0.0928244
14992 0.69 0.0927622
14993 0.69 0.0927158
14994 0.69 0.0926839
14995 0.69 0.0926397
14996 0.69 0.0925843
14997 0.69 0.092519
14998 0.69 0.0924446
14999 0.69 0.0923623
15000 0.69 0.0922978
