14000 0.83736 0.559486
14001 0.837376 0.5595
14002 0.837398 0.559498
14003 0.837403 0.559504
14004 0.837423 0.559507
14005 0.837428 0.559518
14006 0.837419 0.559535
14007 0.837397 0.559558
14008 0.837383 0.559565
14009 0.837376 0.559556
14010 0.837377 0.559534
14011 0.837383 0.559499
14012 0.837395 0.559454
14013 0.837412 0.559399
14014 0.837427 0.559365
14015 0.83744 0.55935
14016 0.837451 0.559352
14017 0.837461 0.55937
14018 0.837476 0.559371
14019 0.837496 0.559358
14020 0.837519 0.559332
14021 0.837547 0.559294
14022 0.837558 0.559267
14023 0.837554 0.559251
14024 0.837537 0.559243
14025 0.837537 0.559235
14026 0.837553 0.559226
14027 0.837583 0.559216
14028 0.837615 0.559193
14029 0.837651 0.559158
14030 0.837689 0.559112
14031 0.83771 0.559079
14032 0.837715 0.559056
14033 0.837726 0.559021
14034 0.837742 0.558975
14035 0.837755 0.558949
14036 0.837768 0.558942
14037 0.837785 0.558921
14038 0.837806 0.558887
14039 0.837832 0.558843
14040 0.837862 0.558789
14041 0.837894 0.558726
14042 0.83793 0.558655
14043 0.837948 0.558598
14044 0.837951 0.558555
14045 0.83794 0.558523
14046 0.837916 0.558502
14047 0.837881 0.558491
14048 0.837835 0.558488
14049 0.837781 0.558492
14050 0.837717 0.558504
14051 0.83766 0.55853
14052 0.837609 0.55857
14053 0.837562 0.558621
14054 0.837519 0.558682
14055 0.837481 0.558753
14056 0.837445 0.558833
14057 0.83742 0.55889
14058 0.837403 0.558927
14059 0.837394 0.558946
14060 0.837393 0.558949
14061 0.837397 0.558937
14062 0.837417 0.558925
14063 0.83745 0.558912
14064 0.837479 0.558916
14065 0.837505 0.558935
14066 0.837529 0.558968
14067 0.837549 0.559014
14068 0.837568 0.55907
14069 0.837575 0.559109
14070 0.837597 0.559142
14071 0.837632 0.55917
14072 0.837679 0.559193
14073 0.837737 0.559213
14074 0.837805 0.559229
14075 0.837882 0.559242
14076 0.837967 0.559253
14077 0.838058 0.559261
14078 0.838156 0.559266
14079 0.838251 0.559257
14080 0.838342 0.559234
14081 0.838431 0.559199
14082 0.838517 0.559154
14083 0.838581 0.559121
14084 0.838625 0.559099
14085 0.838651 0.559086
14086 0.838661 0.559083
14087 0.838656 0.559088
14088 0.838637 0.5591
14089 0.838607 0.559118
14090 0.838567 0.559143
14091 0.838517 0.559173
14092 0.838458 0.559207
14093 0.838411 0.559224
14094 0.838356 0.559247
14095 0.838312 0.559253
14096 0.838259 0.559266
14097 0.838227 0.559277
14098 0.838214 0.559285
14099 0.838218 0.559292
14100 0.838237 0.559296
14101 0.83827 0.559298
14102 0.838315 0.559299
14103 0.838371 0.559299
14104 0.838438 0.559298
14105 0.838513 0.559295
14106 0.838567 0.559301
14107 0.838602 0.559313
14108 0.83865 0.559324
14109 0.838679 0.55934
14110 0.83872 0.559355
14111 0.838773 0.559366
14112 0.838808 0.559384
14113 0.838825 0.559409
14114 0.838827 0.559438
14115 0.838815 0.559473
14116 0.838811 0.559489
14117 0.838814 0.55949
14118 0.838822 0.559477
14119 0.838846 0.559464
14120 0.838883 0.559451
14121 0.838932 0.559438
14122 0.838962 0.559435
14123 0.838976 0.559439
14124 0.838975 0.559451
14125 0.83896 0.55947
14126 0.838954 0.559472
14127 0.838954 0.55946
14128 0.838961 0.559435
14129 0.838974 0.559399
14130 0.838992 0.559351
14131 0.839015 0.559295
14132 0.839042 0.559229
14133 0.839067 0.559186
14134 0.839089 0.559163
14135 0.839108 0.559158
14136 0.839126 0.559169
14137 0.839149 0.559165
14138 0.839176 0.559147
14139 0.8392 0.559146
14140 0.839222 0.559161
14141 0.839241 0.55919
14142 0.839266 0.559203
14143 0.839294 0.559199
14144 0.839327 0.559182
14145 0.839362 0.559153
14146 0.839401 0.559112
14147 0.839443 0.559061
14148 0.839467 0.559023
14149 0.839475 0.558997
14150 0.839469 0.558981
14151 0.83945 0.558975
14152 0.839419 0.558977
14153 0.839377 0.558986
14154 0.839356 0.558994
14155 0.839352 0.559
14156 0.839335 0.559013
14157 0.839306 0.559033
14158 0.839266 0.559058
14159 0.839246 0.55908
14160 0.839244 0.5591
14161 0.839228 0.559125
14162 0.8392 0.559155
14163 0.839162 0.55919
14164 0.839114 0.559229
14165 0.839057 0.559272
14166 0.838992 0.559319
14167 0.838949 0.55936
14168 0.838926 0.559397
14169 0.838921 0.559429
14170 0.838932 0.559458
14171 0.838958 0.559482
14172 0.838988 0.559491
14173 0.839021 0.559484
14174 0.839058 0.559464
14175 0.839092 0.559462
14176 0.839122 0.559475
14177 0.839156 0.559473
14178 0.839173 0.559479
14179 0.839174 0.559492
14180 0.839162 0.559512
14181 0.839138 0.559538
14182 0.839103 0.559569
14183 0.839057 0.559605
14184 0.839003 0.559645
14185 0.83894 0.559689
14186 0.83887 0.559736
14187 0.838794 0.559787
14188 0.838711 0.55984
14189 0.838624 0.559896
14190 0.838531 0.559955
14191 0.838434 0.560015
14192 0.838334 0.560077
14193 0.83823 0.560141
14194 0.838152 0.560198
14195 0.838097 0.560249
14196 0.838064 0.560294
14197 0.838049 0.560335
14198 0.838052 0.560371
14199 0.83807 0.560403
14200 0.838102 0.560431
14201 0.838117 0.560465
14202 0.838118 0.560503
14203 0.838104 0.560545
14204 0.838099 0.560569
14205 0.838101 0.560576
14206 0.838118 0.560582
14207 0.83815 0.560588
14208 0.838193 0.560592
14209 0.838249 0.560596
14210 0.838305 0.560586
14211 0.838362 0.560562
14212 0.838421 0.560527
14213 0.83848 0.560481
14214 0.83854 0.560426
14215 0.838581 0.560383
14216 0.838604 0.560353
14217 0.838631 0.560312
14218 0.838662 0.560261
14219 0.838697 0.560201
14220 0.838736 0.560132
14221 0.838777 0.560057
14222 0.838813 0.560005
14223 0.838846 0.559973
14224 0.838883 0.559931
14225 0.838922 0.559878
14226 0.838965 0.559817
14227 0.839003 0.559778
14228 0.839037 0.559758
14229 0.839067 0.559756
14230 0.839094 0.55977
14231 0.839118 0.559798
14232 0.839147 0.559809
14233 0.83918 0.559805
14234 0.839195 0.559809
14235 0.839196 0.55982
14236 0.839203 0.559816
14237 0.839217 0.559799
14238 0.839215 0.559791
14239 0.839201 0.559791
14240 0.839173 0.559799
14241 0.839149 0.559822
14242 0.839134 0.559828
14243 0.839107 0.559842
14244 0.839069 0.559862
14245 0.839041 0.559866
14246 0.839024 0.559855
14247 0.839015 0.559832
14248 0.839013 0.559797
14249 0.839019 0.559751
14250 0.839031 0.559696
14251 0.839042 0.559662
14252 0.839052 0.559647
14253 0.839076 0.559633
14254 0.839114 0.55962
14255 0.839163 0.559608
14256 0.839194 0.559605
14257 0.839208 0.55961
14258 0.839207 0.559622
14259 0.839193 0.55964
14260 0.839166 0.559665
14261 0.839129 0.559695
14262 0.839082 0.559729
14263 0.839025 0.559768
14264 0.838961 0.559811
14265 0.83891 0.559835
14266 0.838872 0.559843
14267 0.838823 0.559858
14268 0.838766 0.55988
14269 0.838701 0.559907
14270 0.838629 0.559939
14271 0.838551 0.559975
14272 0.838466 0.560016
14273 0.838377 0.56006
14274 0.838312 0.5601
14275 0.838269 0.560135
14276 0.838247 0.560166
14277 0.838242 0.560194
14278 0.838224 0.560227
14279 0.838223 0.560256
14280 0.838239 0.560282
14281 0.838268 0.560305
14282 0.83831 0.560326
14283 0.838364 0.560344
14284 0.838428 0.560361
14285 0.838501 0.560375
14286 0.838583 0.560388
14287 0.838643 0.560407
14288 0.838683 0.560432
14289 0.838735 0.560455
14290 0.838797 0.560475
14291 0.838869 0.560493
14292 0.838949 0.560509
14293 0.839008 0.560531
14294 0.839047 0.560559
14295 0.839098 0.560584
14296 0.83916 0.560607
14297 0.839231 0.560627
14298 0.83931 0.560644
14299 0.839398 0.56066
14300 0.839463 0.560682
14301 0.839528 0.560688
14302 0.839595 0.56068
14303 0.839662 0.560659
14304 0.83973 0.560626
14305 0.839798 0.560582
14306 0.839867 0.560529
14307 0.839937 0.560468
14308 0.840006 0.560399
14309 0.840077 0.560323
14310 0.840147 0.560241
14311 0.840218 0.560153
14312 0.840268 0.560082
14313 0.840299 0.560025
14314 0.840314 0.559982
14315 0.840314 0.559951
14316 0.840321 0.559909
14317 0.840334 0.559857
14318 0.840346 0.559826
14319 0.840357 0.559814
14320 0.840366 0.559819
14321 0.840361 0.559831
14322 0.840343 0.55985
14323 0.840334 0.559853
14324 0.840333 0.559841
14325 0.84034 0.559817
14326 0.840353 0.559782
14327 0.840352 0.559758
14328 0.84035 0.559752
14329 0.840349 0.559762
14330 0.840355 0.559757
14331 0.84036 0.559769
14332 0.840364 0.559795
14333 0.840376 0.559804
14334 0.840386 0.559828
14335 0.840395 0.559866
14336 0.840403 0.559915
14337 0.84041 0.559975
14338 0.840416 0.560045
14339 0.840422 0.560123
14340 0.840426 0.560209
14341 0.840431 0.560303
14342 0.840442 0.560373
14343 0.840459 0.560422
14344 0.840482 0.560453
14345 0.840503 0.560496
14346 0.840521 0.56055
14347 0.840529 0.560586
14348 0.840543 0.560605
14349 0.840563 0.560608
14350 0.840589 0.560598
14351 0.840619 0.560574
14352 0.840633 0.560561
14353 0.840632 0.560556
14354 0.840618 0.56056
14355 0.840591 0.560572
14356 0.840553 0.56059
14357 0.840506 0.560614
14358 0.840449 0.560644
14359 0.840406 0.560656
14360 0.840375 0.560654
14361 0.840354 0.560638
14362 0.840342 0.56061
14363 0.840339 0.560571
14364 0.840344 0.560522
14365 0.840356 0.560464
14366 0.840374 0.560399
14367 0.840398 0.560326
14368 0.840419 0.560276
14369 0.840438 0.560246
14370 0.840455 0.560235
14371 0.840471 0.560241
14372 0.840492 0.560233
14373 0.840519 0.560212
14374 0.84055 0.560179
14375 0.840586 0.560136
14376 0.840626 0.560083
14377 0.840662 0.560051
14378 0.840694 0.560038
14379 0.840723 0.560042
14380 0.840749 0.560061
14381 0.840772 0.560094
14382 0.840801 0.56011
14383 0.840834 0.560111
14384 0.840872 0.560097
14385 0.840913 0.560072
14386 0.84095 0.560065
14387 0.840984 0.560074
14388 0.841021 0.560068
14389 0.841041 0.560071
14390 0.841046 0.560081
14391 0.841037 0.560098
14392 0.841036 0.5601
14393 0.841021 0.560109
14394 0.840995 0.560125
14395 0.840957 0.560147
14396 0.84091 0.560175
14397 0.840854 0.560208
14398 0.84079 0.560246
14399 0.840719 0.560287
14400 0.840641 0.560332
14401 0.840557 0.56038
14402 0.840469 0.560432
14403 0.840375 0.560486
14404 0.840299 0.56052
14405 0.840237 0.560538
14406 0.840189 0.56054
14407 0.840153 0.560528
14408 0.840108 0.560525
14409 0.840053 0.56053
14410 0.83999 0.560543
14411 0.839949 0.560553
14412 0.839928 0.560563
14413 0.839925 0.56057
14414 0.839937 0.560577
14415 0.839935 0.560591
14416 0.839919 0.560611
14417 0.839892 0.560636
14418 0.839853 0.560667
14419 0.839826 0.560681
14420 0.839788 0.560701
14421 0.83974 0.560727
14422 0.839704 0.560737
14423 0.839679 0.560731
14424 0.839664 0.560713
14425 0.839657 0.560682
14426 0.839659 0.560641
14427 0.839668 0.56059
14428 0.839683 0.56053
14429 0.839703 0.560462
14430 0.839729 0.560387
14431 0.839768 0.560319
14432 0.839819 0.560258
14433 0.839851 0.56021
14434 0.839866 0.560174
14435 0.839866 0.560149
14436 0.839852 0.560135
14437 0.839826 0.560129
14438 0.839818 0.560124
14439 0.839827 0.560118
14440 0.839821 0.560121
14441 0.839802 0.56013
14442 0.839792 0.560125
14443 0.83979 0.560107
14444 0.839795 0.560076
14445 0.839808 0.560035
14446 0.839825 0.559984
14447 0.839849 0.559924
14448 0.839856 0.559878
14449 0.839849 0.559844
14450 0.839842 0.559829
14451 0.839836 0.559831
14452 0.83983 0.559849
14453 0.839825 0.55988
14454 0.83982 0.559924
14455 0.839822 0.55995
14456 0.839831 0.559959
14457 0.839839 0.559983
14458 0.839846 0.56002
14459 0.839852 0.560069
14460 0.839857 0.560128
14461 0.839869 0.560168
14462 0.839879 0.56022
14463 0.83988 0.560253
14464 0.839871 0.560271
14465 0.839854 0.560274
14466 0.83983 0.560264
14467 0.8398 0.560242
14468 0.839779 0.560208
14469 0.839761 0.560193
14470 0.839743 0.560196
14471 0.839727 0.560214
14472 0.839728 0.560229
14473 0.839745 0.560241
14474 0.839775 0.560252
14475 0.839818 0.56026
14476 0.839873 0.560267
14477 0.839937 0.560272
14478 0.840011 0.560276
14479 0.840093 0.560278
14480 0.840183 0.56028
14481 0.840279 0.56028
14482 0.840381 0.560279
14483 0.840473 0.560294
14484 0.840555 0.560324
14485 0.840629 0.560366
14486 0.840711 0.560403
14487 0.8408 0.560435
14488 0.840872 0.560451
14489 0.840927 0.560453
14490 0.840968 0.560442
14491 0.840996 0.560419
14492 0.841037 0.560397
14493 0.841073 0.560394
14494 0.841106 0.560406
14495 0.841135 0.560433
14496 0.841161 0.560472
14497 0.841184 0.560524
14498 0.841196 0.560557
14499 0.841198 0.560574
14500 0.841191 0.560577
14501 0.8412 0.560578
14502 0.841224 0.560578
14503 0.841261 0.560578
14504 0.84131 0.560577
14505 0.841355 0.560591
14506 0.841394 0.56062
14507 0.84143 0.560661
14508 0.841462 0.560715
14509 0.84149 0.560778
14510 0.841507 0.560822
14511 0.841538 0.560861
14512 0.841582 0.560895
14513 0.841636 0.560925
14514 0.841701 0.560951
14515 0.841776 0.560973
14516 0.841858 0.560993
14517 0.841923 0.560997
14518 0.841969 0.561009
14519 0.841996 0.561027
14520 0.842007 0.561052
14521 0.842003 0.561082
14522 0.841986 0.561117
14523 0.841987 0.561147
14524 0.841974 0.561183
14525 0.841948 0.561222
14526 0.841912 0.561266
14527 0.841866 0.561313
14528 0.84181 0.561363
14529 0.841747 0.561416
14530 0.841676 0.561472
14531 0.841599 0.56153
14532 0.841516 0.56159
14533 0.841428 0.561652
14534 0.841355 0.561694
14535 0.841297 0.561717
14536 0.841231 0.561746
14537 0.841157 0.56178
14538 0.841107 0.561809
14539 0.841078 0.561835
14540 0.841058 0.561844
14541 0.841026 0.56186
14542 0.840984 0.561882
14543 0.840953 0.561888
14544 0.840932 0.561879
14545 0.84092 0.561856
14546 0.840924 0.561835
14547 0.840943 0.561816
14548 0.840977 0.561797
14549 0.841022 0.561779
14550 0.84105 0.561771
14551 0.84109 0.561763
14552 0.841113 0.561763
14553 0.841124 0.561751
14554 0.841126 0.561727
14555 0.841118 0.561692
14556 0.841098 0.561669
14557 0.841066 0.561656
14558 0.841044 0.56163
14559 0.841031 0.561592
14560 0.841026 0.561544
14561 0.841028 0.561487
14562 0.841036 0.561421
14563 0.84105 0.561348
14564 0.84107 0.561267
14565 0.841094 0.561181
14566 0.841123 0.561088
14567 0.841135 0.561013
14568 0.841132 0.560954
14569 0.841116 0.560907
14570 0.841109 0.560852
14571 0.841108 0.560788
14572 0.841094 0.560738
14573 0.841082 0.560708
14574 0.841071 0.560698
14575 0.84106 0.560704
14576 0.841051 0.560725
14577 0.841043 0.56076
14578 0.841042 0.560777
14579 0.841048 0.560778
14580 0.84106 0.560765
14581 0.841078 0.560739
14582 0.84108 0.560723
14583 0.841069 0.560717
14584 0.841044 0.560719
14585 0.841009 0.560729
14586 0.840964 0.560745
14587 0.840909 0.560768
14588 0.840847 0.560796
14589 0.840806 0.56082
14590 0.840785 0.56084
14591 0.840781 0.560857
14592 0.840794 0.560871
14593 0.840821 0.560882
14594 0.840832 0.560899
14595 0.840828 0.560923
14596 0.84081 0.560952
14597 0.840781 0.560985
14598 0.840741 0.561024
14599 0.84072 0.561056
14600 0.840718 0.561085
14601 0.840722 0.561096
14602 0.840732 0.561092
14603 0.840748 0.561074
14604 0.840768 0.561043
14605 0.840778 0.561003
14606 0.840777 0.560954
14607 0.840793 0.560909
14608 0.840822 0.560867
14609 0.840864 0.560827
14610 0.840917 0.56079
14611 0.840952 0.560765
14612 0.840969 0.56075
14613 0.840971 0.560743
14614 0.840959 0.560746
14615 0.840934 0.560756
14616 0.840919 0.56075
14617 0.840912 0.560731
14618 0.840912 0.560699
14619 0.840918 0.560657
14620 0.84093 0.560604
14621 0.840948 0.560542
14622 0.84097 0.560473
14623 0.840997 0.560396
14624 0.841027 0.560312
14625 0.841041 0.560244
14626 0.841053 0.560199
14627 0.841064 0.560174
14628 0.841074 0.560168
14629 0.841082 0.560177
14630 0.841089 0.560202
14631 0.841096 0.560239
14632 0.841102 0.560289
14633 0.841107 0.560349
14634 0.841111 0.560419
14635 0.841102 0.560489
14636 0.8411 0.560539
14637 0.841104 0.560569
14638 0.841115 0.560582
14639 0.841132 0.560579
14640 0.841153 0.560563
14641 0.841159 0.560556
14642 0.84115 0.560557
14643 0.841142 0.560574
14644 0.841122 0.560597
14645 0.84109 0.560626
14646 0.841047 0.56066
14647 0.841 0.560677
14648 0.840949 0.56068
14649 0.840893 0.56067
14650 0.840835 0.560648
14651 0.840782 0.560644
14652 0.840734 0.560656
14653 0.840691 0.560682
14654 0.840652 0.560722
14655 0.840632 0.560756
14656 0.84063 0.560785
14657 0.840644 0.560809
14658 0.840672 0.560829
14659 0.840713 0.560846
14660 0.84074 0.560848
14661 0.840756 0.560838
14662 0.840761 0.560815
14663 0.840756 0.560783
14664 0.840751 0.560769
14665 0.840747 0.560772
14666 0.840743 0.560791
14667 0.840739 0.560823
14668 0.840735 0.560868
14669 0.840732 0.560924
14670 0.840728 0.56099
14671 0.840725 0.561065
14672 0.840728 0.561118
14673 0.840746 0.561164
14674 0.840778 0.561204
14675 0.840823 0.561238
14676 0.840879 0.561268
14677 0.840944 0.561292
14678 0.841019 0.561313
14679 0.841077 0.561318
14680 0.841121 0.561311
14681 0.84115 0.561291
14682 0.841168 0.561261
14683 0.841175 0.561221
14684 0.841172 0.561172
14685 0.841169 0.561144
14686 0.841167 0.561134
14687 0.841164 0.561141
14688 0.841162 0.561163
14689 0.84116 0.561198
14690 0.841158 0.561245
14691 0.841157 0.561304
14692 0.841155 0.561372
14693 0.841154 0.561449
14694 0.841159 0.561504
14695 0.84117 0.56154
14696 0.841186 0.561557
14697 0.841208 0.561559
14698 0.841234 0.561546
14699 0.841263 0.56152
14700 0.841297 0.561482
14701 0.841313 0.561456
14702 0.841314 0.561441
14703 0.841302 0.561435
14704 0.841277 0.561437
14705 0.841245 0.561426
14706 0.841217 0.561432
14707 0.841191 0.561453
14708 0.841168 0.561488
14709 0.841146 0.561534
14710 0.841143 0.561575
14711 0.841155 0.56161
14712 0.841157 0.561629
14713 0.84115 0.561633
14714 0.841135 0.561623
14715 0.841111 0.561602
14716 0.841081 0.561571
14717 0.841054 0.561558
14718 0.84103 0.561562
14719 0.841008 0.561581
14720 0.840988 0.561614
14721 0.840986 0.561643
14722 0.840999 0.561667
14723 0.841011 0.561704
14724 0.841013 0.561725
14725 0.841005 0.561731
14726 0.841005 0.561722
14727 0.841011 0.561699
14728 0.841032 0.561678
14729 0.841042 0.561646
14730 0.841042 0.561604
14731 0.841033 0.561553
14732 0.841016 0.561495
14733 0.840991 0.56143
14734 0.84096 0.561359
14735 0.840948 0.561293
14736 0.840952 0.561232
14737 0.840972 0.561176
14738 0.840976 0.561133
14739 0.840965 0.561102
14740 0.840943 0.561082
14741 0.840922 0.56108
14742 0.840903 0.561093
14743 0.840878 0.561093
14744 0.840845 0.561079
14745 0.840823 0.561053
14746 0.840809 0.561015
14747 0.840796 0.560997
14748 0.840785 0.560996
14749 0.840775 0.561011
14750 0.840765 0.56104
14751 0.840756 0.561082
14752 0.840748 0.561135
14753 0.840741 0.561199
14754 0.840734 0.561272
14755 0.840719 0.561325
14756 0.840696 0.56136
14757 0.840667 0.561379
14758 0.840631 0.561383
14759 0.840614 0.561386
14760 0.840615 0.561386
14761 0.840631 0.561385
14762 0.840661 0.561383
14763 0.840704 0.561379
14764 0.840758 0.561374
14765 0.840822 0.561367
14766 0.840895 0.56136
14767 0.840961 0.56137
14768 0.841021 0.561394
14769 0.841074 0.561431
14770 0.841108 0.561472
14771 0.841125 0.561517
14772 0.841127 0.561565
14773 0.841115 0.561617
14774 0.841095 0.56165
14775 0.841077 0.561696
14776 0.841061 0.561752
14777 0.841046 0.561819
14778 0.841033 0.561895
14779 0.841021 0.561979
14780 0.84101 0.56207
14781 0.841006 0.562137
14782 0.84101 0.562184
14783 0.841019 0.562212
14784 0.841034 0.562222
14785 0.841054 0.562217
14786 0.841078 0.562199
14787 0.841107 0.562167
14788 0.841139 0.562125
14789 0.841174 0.562072
14790 0.841212 0.562011
14791 0.841233 0.561963
14792 0.841238 0.561929
14793 0.841229 0.561905
14794 0.841207 0.561892
14795 0.841174 0.561887
14796 0.841144 0.561899
14797 0.841118 0.561926
14798 0.841093 0.561965
14799 0.841072 0.562017
14800 0.841052 0.562079
14801 0.841042 0.56212
14802 0.841038 0.562143
14803 0.841042 0.562149
14804 0.841051 0.562141
14805 0.84106 0.562149
14806 0.841068 0.562172
14807 0.841062 0.5622
14808 0.841047 0.562213
14809 0.841024 0.562212
14810 0.841004 0.562226
14811 0.840977 0.562227
14812 0.840943 0.562214
14813 0.840904 0.56219
14814 0.840859 0.562156
14815 0.84081 0.562112
14816 0.840756 0.56206
14817 0.840708 0.562029
14818 0.840665 0.562016
14819 0.840617 0.561992
14820 0.840565 0.561958
14821 0.840509 0.561914
14822 0.840474 0.561873
14823 0.840458 0.561835
14824 0.840459 0.561799
14825 0.840447 0.561775
14826 0.840423 0.561761
14827 0.840387 0.561756
14828 0.840371 0.56175
14829 0.840371 0.561744
14830 0.840363 0.561725
14831 0.840371 0.561707
14832 0.840394 0.561689
14833 0.84043 0.561672
14834 0.840479 0.561655
14835 0.840538 0.561638
14836 0.840607 0.561621
14837 0.84066 0.561594
14838 0.840698 0.561556
14839 0.840724 0.561509
14840 0.840754 0.561452
14841 0.840787 0.561387
14842 0.840824 0.561315
14843 0.840858 0.561265
14844 0.840888 0.561236
14845 0.840916 0.561225
14846 0.840941 0.561232
14847 0.84097 0.561223
14848 0.841003 0.561201
14849 0.841034 0.561197
14850 0.841061 0.561209
14851 0.841086 0.561236
14852 0.841115 0.561246
14853 0.841148 0.56124
14854 0.841178 0.561251
14855 0.841206 0.561277
14856 0.84123 0.561315
14857 0.841253 0.561366
14858 0.841274 0.561427
14859 0.841284 0.561469
14860 0.841284 0.561494
14861 0.841275 0.561504
14862 0.841267 0.561528
14863 0.84126 0.561566
14864 0.841255 0.561615
14865 0.84125 0.561675
14866 0.841246 0.561745
14867 0.841243 0.561824
14868 0.84124 0.561911
14869 0.841238 0.562004
14870 0.841237 0.562104
14871 0.841236 0.56221
14872 0.841235 0.562321
14873 0.841235 0.562436
14874 0.841226 0.562527
14875 0.841209 0.562596
14876 0.841184 0.562645
14877 0.841153 0.562677
14878 0.841116 0.562692
14879 0.841073 0.562693
14880 0.841036 0.56271
14881 0.841002 0.562741
14882 0.840962 0.562756
14883 0.840918 0.562756
14884 0.840869 0.562744
14885 0.840816 0.562719
14886 0.840759 0.562685
14887 0.840698 0.562641
14888 0.840635 0.562589
14889 0.840569 0.562529
14890 0.840501 0.562462
14891 0.840455 0.5624
14892 0.84043 0.562344
14893 0.840422 0.562293
14894 0.840431 0.562245
14895 0.840455 0.562201
14896 0.840492 0.56216
14897 0.840541 0.562123
14898 0.840601 0.562087
14899 0.84067 0.562055
14900 0.840733 0.562041
14901 0.840776 0.562037
14902 0.840802 0.562041
14903 0.840811 0.562053
14904 0.840806 0.562072
14905 0.840788 0.562097
14906 0.840758 0.562128
14907 0.840738 0.562141
14908 0.840727 0.562139
14909 0.840724 0.562123
14910 0.840728 0.562095
14911 0.840739 0.562055
14912 0.840755 0.562005
14913 0.840776 0.561946
14914 0.840796 0.561908
14915 0.840814 0.56189
14916 0.84083 0.561889
14917 0.840845 0.561905
14918 0.840859 0.561934
14919 0.840862 0.561947
14920 0.840857 0.561947
14921 0.840858 0.561932
14922 0.84086 0.561934
14923 0.840868 0.561923
14924 0.840883 0.561898
14925 0.840903 0.561861
14926 0.840921 0.561844
14927 0.840938 0.561844
14928 0.840953 0.56186
14929 0.840967 0.561891
14930 0.84098 0.561933
14931 0.840992 0.561988
14932 0.841003 0.562052
14933 0.84102 0.562096
14934 0.841042 0.562122
14935 0.841062 0.56216
14936 0.841081 0.562211
14937 0.841097 0.562272
14938 0.841113 0.562342
14939 0.841134 0.562392
14940 0.841144 0.562424
14941 0.841144 0.56244
14942 0.841135 0.562441
14943 0.841117 0.562429
14944 0.841093 0.562406
14945 0.841071 0.5624
14946 0.841043 0.562383
14947 0.841017 0.562382
14948 0.84101 0.562381
14949 0.841019 0.562379
14950 0.841043 0.562376
14951 0.84108 0.562372
14952 0.841114 0.562385
14953 0.841144 0.562412
14954 0.841171 0.562452
14955 0.841183 0.562495
14956 0.841179 0.562543
14957 0.841163 0.562594
14958 0.841134 0.562647
14959 0.841095 0.562703
14960 0.841051 0.562741
14961 0.841018 0.562761
14962 0.840996 0.562765
14963 0.840982 0.562754
14964 0.840962 0.562732
14965 0.840934 0.562698
14966 0.8409 0.562656
14967 0.84087 0.562633
14968 0.840843 0.562628
14969 0.840826 0.562609
14970 0.840817 0.562579
14971 0.84081 0.562567
14972 0.840803 0.562572
14973 0.840797 0.562592
14974 0.840792 0.562626
14975 0.840788 0.562672
14976 0.840784 0.56273
14977 0.840781 0.562797
14978 0.840779 0.562873
14979 0.840777 0.562958
14980 0.840775 0.563049
14981 0.840774 0.563147
14982 0.840764 0.563223
14983 0.84077 0.56329
14984 0.840792 0.563349
14985 0.840827 0.563402
14986 0.840874 0.563448
14987 0.840907 0.563477
14988 0.840929 0.563491
14989 0.840939 0.56349
14990 0.840939 0.563476
14991 0.84093 0.56345
14992 0.840913 0.563415
14993 0.840898 0.563398
14994 0.840875 0.563371
14995 0.840846 0.563333
14996 0.840811 0.563286
14997 0.840779 0.563259
14998 0.840751 0.563251
14999 0.840727 0.56326
15000 0.84072 0.563266
