14000 0.810261 0.679252
14001 0.810254 0.679296
14002 0.810246 0.67932
14003 0.810238 0.679325
14004 0.81023 0.679315
14005 0.810221 0.67929
14006 0.810212 0.679251
14007 0.810203 0.679201
14008 0.810194 0.679141
14009 0.810185 0.679102
14010 0.810176 0.679082
14011 0.810167 0.67908
14012 0.810159 0.679063
14013 0.81015 0.679063
14014 0.810141 0.679048
14015 0.810132 0.679049
14016 0.810123 0.679067
14017 0.810114 0.679066
14018 0.810106 0.679082
14019 0.810097 0.679111
14020 0.810089 0.679153
14021 0.81008 0.679176
14022 0.810071 0.67918
14023 0.810062 0.679169
14024 0.810053 0.679143
14025 0.810044 0.679135
14026 0.810034 0.679112
14027 0.810025 0.679077
14028 0.810016 0.679029
14029 0.810007 0.67897
14030 0.809997 0.678902
14031 0.809988 0.678825
14032 0.809979 0.678739
14033 0.809969 0.678647
14034 0.80996 0.678549
14035 0.809951 0.678476
14036 0.809941 0.678426
14037 0.809933 0.678396
14038 0.809924 0.678385
14039 0.809915 0.678391
14040 0.809906 0.678381
14041 0.809898 0.678356
14042 0.809889 0.678317
14043 0.809881 0.678268
14044 0.809872 0.678238
14045 0.809864 0.678196
14046 0.809855 0.678174
14047 0.809847 0.678139
14048 0.809839 0.678091
14049 0.80983 0.678064
14050 0.809822 0.678055
14051 0.809814 0.678063
14052 0.809806 0.678085
14053 0.809797 0.678121
14054 0.809789 0.678169
14055 0.809781 0.678227
14056 0.809773 0.678296
14057 0.809765 0.678373
14058 0.809757 0.678458
14059 0.809749 0.678519
14060 0.809741 0.678559
14061 0.809733 0.678578
14062 0.809725 0.678612
14063 0.809717 0.678658
14064 0.809708 0.678683
14065 0.8097 0.67869
14066 0.809692 0.678681
14067 0.809684 0.678689
14068 0.809676 0.678711
14069 0.809667 0.678747
14070 0.809659 0.678764
14071 0.809651 0.678763
14072 0.809642 0.678747
14073 0.809634 0.678748
14074 0.809626 0.678764
14075 0.809617 0.678763
14076 0.809608 0.678747
14077 0.8096 0.678717
14078 0.809591 0.678674
14079 0.809582 0.67862
14080 0.809572 0.678555
14081 0.809577 0.678506
14082 0.809595 0.67847
14083 0.80961 0.678422
14084 0.809622 0.678363
14085 0.809632 0.678295
14086 0.80964 0.678217
14087 0.809646 0.678132
14088 0.809651 0.678071
14089 0.809654 0.678032
14090 0.809656 0.678012
14091 0.809657 0.67801
14092 0.809657 0.678024
14093 0.809656 0.678052
14094 0.809654 0.678092
14095 0.809652 0.678145
14096 0.809649 0.678208
14097 0.809646 0.67828
14098 0.809642 0.67836
14099 0.809637 0.678449
14100 0.809632 0.678544
14101 0.809627 0.678614
14102 0.809621 0.678661
14103 0.809614 0.678688
14104 0.809607 0.678697
14105 0.8096 0.678689
14106 0.809592 0.678667
14107 0.809584 0.678631
14108 0.809576 0.678614
14109 0.809568 0.678584
14110 0.809573 0.678565
14111 0.809592 0.678556
14112 0.809621 0.678557
14113 0.80966 0.678566
14114 0.809709 0.678583
14115 0.809766 0.678607
14116 0.80983 0.678636
14117 0.809887 0.678679
14118 0.809938 0.678733
14119 0.809983 0.678765
14120 0.810021 0.678779
14121 0.810055 0.678776
14122 0.810085 0.678758
14123 0.81011 0.678726
14124 0.810132 0.678682
14125 0.810151 0.678626
14126 0.810166 0.67856
14127 0.810179 0.678486
14128 0.81019 0.678434
14129 0.8102 0.678403
14130 0.810207 0.67836
14131 0.810212 0.678305
14132 0.810216 0.678241
14133 0.810219 0.678198
14134 0.810221 0.678175
14135 0.810222 0.678139
14136 0.810222 0.678091
14137 0.81022 0.678032
14138 0.810218 0.677963
14139 0.810215 0.677886
14140 0.810212 0.677832
14141 0.810208 0.677799
14142 0.810204 0.677754
14143 0.810199 0.677729
14144 0.810195 0.677722
14145 0.81019 0.677731
14146 0.810185 0.677755
14147 0.810193 0.677785
14148 0.810215 0.677821
14149 0.810232 0.677837
14150 0.810262 0.67786
14151 0.810287 0.677865
14152 0.810309 0.677854
14153 0.810328 0.677859
14154 0.810345 0.67788
14155 0.810359 0.677914
14156 0.810372 0.677961
14157 0.810382 0.677987
14158 0.81039 0.677995
14159 0.810397 0.677986
14160 0.810402 0.677994
14161 0.810406 0.678017
14162 0.81041 0.678053
14163 0.810412 0.678101
14164 0.810414 0.678129
14165 0.810414 0.678139
14166 0.810413 0.678131
14167 0.810411 0.678109
14168 0.810409 0.678105
14169 0.810407 0.678117
14170 0.810405 0.678143
14171 0.810402 0.678151
14172 0.810398 0.678143
14173 0.810393 0.67812
14174 0.810388 0.678083
14175 0.810383 0.678035
14176 0.810377 0.677976
14177 0.810371 0.677907
14178 0.810365 0.677861
14179 0.810359 0.677835
14180 0.810353 0.677827
14181 0.810348 0.677835
14182 0.810342 0.677859
14183 0.810337 0.677896
14184 0.810332 0.677944
14185 0.810328 0.678004
14186 0.810323 0.678073
14187 0.810318 0.678151
14188 0.810314 0.678237
14189 0.81031 0.678329
14190 0.810306 0.678429
14191 0.810302 0.678534
14192 0.810297 0.678612
14193 0.810293 0.678699
14194 0.810289 0.678793
14195 0.810285 0.678893
14196 0.81028 0.678967
14197 0.810275 0.679018
14198 0.81027 0.67908
14199 0.810265 0.67912
14200 0.810258 0.67914
14201 0.810252 0.679143
14202 0.810245 0.67913
14203 0.810238 0.679134
14204 0.810232 0.679153
14205 0.810227 0.679185
14206 0.810221 0.679231
14207 0.810216 0.679287
14208 0.810211 0.679353
14209 0.810206 0.679397
14210 0.810199 0.679421
14211 0.810193 0.679427
14212 0.810186 0.679417
14213 0.810178 0.679393
14214 0.81017 0.679355
14215 0.810161 0.679305
14216 0.810153 0.679245
14217 0.810144 0.679175
14218 0.810134 0.679097
14219 0.810125 0.679011
14220 0.810115 0.678917
14221 0.810105 0.678818
14222 0.810094 0.678713
14223 0.810084 0.678603
14224 0.810074 0.678519
14225 0.810065 0.67846
14226 0.810056 0.678422
14227 0.810047 0.678372
14228 0.810038 0.678312
14229 0.810029 0.678273
14230 0.81002 0.678254
14231 0.810012 0.678252
14232 0.810004 0.678266
14233 0.809996 0.678263
14234 0.809987 0.678245
14235 0.809978 0.678213
14236 0.809969 0.678169
14237 0.80996 0.678145
14238 0.809952 0.678138
14239 0.809944 0.678148
14240 0.809936 0.678173
14241 0.809928 0.67818
14242 0.80992 0.67817
14243 0.809911 0.678146
14244 0.809902 0.678108
14245 0.809894 0.67809
14246 0.809886 0.678089
14247 0.809879 0.678104
14248 0.809872 0.678134
14249 0.809864 0.678144
14250 0.809857 0.678138
14251 0.809849 0.678117
14252 0.80984 0.678083
14253 0.809833 0.678068
14254 0.809825 0.678069
14255 0.809818 0.678055
14256 0.80981 0.678027
14257 0.809801 0.677986
14258 0.809793 0.677965
14259 0.809786 0.677962
14260 0.809779 0.677974
14261 0.809773 0.678001
14262 0.809766 0.678009
14263 0.809758 0.678002
14264 0.80975 0.677979
14265 0.809742 0.677943
14266 0.809734 0.677895
14267 0.809726 0.677867
14268 0.809718 0.677858
14269 0.809711 0.677865
14270 0.809705 0.677888
14271 0.809698 0.677924
14272 0.809693 0.677971
14273 0.809687 0.67803
14274 0.809682 0.678099
14275 0.809676 0.678176
14276 0.809672 0.678261
14277 0.809667 0.678354
14278 0.809663 0.678453
14279 0.809657 0.678526
14280 0.809652 0.678576
14281 0.809645 0.678606
14282 0.809639 0.678648
14283 0.809633 0.678702
14284 0.809628 0.678766
14285 0.809622 0.678808
14286 0.809615 0.678831
14287 0.809607 0.678835
14288 0.8096 0.678824
14289 0.809591 0.678798
14290 0.809582 0.678759
14291 0.809574 0.67874
14292 0.809566 0.678707
14293 0.809556 0.678662
14294 0.809547 0.678605
14295 0.809537 0.678539
14296 0.809528 0.678495
14297 0.80952 0.678472
14298 0.809512 0.678466
14299 0.809504 0.678445
14300 0.809496 0.67841
14301 0.809487 0.678364
14302 0.809477 0.678307
14303 0.809468 0.678239
14304 0.809458 0.678163
14305 0.809447 0.678079
14306 0.809437 0.677988
14307 0.809426 0.67789
14308 0.809416 0.677818
14309 0.809407 0.677769
14310 0.809397 0.677709
14311 0.809388 0.677639
14312 0.809378 0.677561
14313 0.809367 0.677475
14314 0.809358 0.677413
14315 0.809348 0.677373
14316 0.80934 0.677352
14317 0.809332 0.67735
14318 0.809323 0.677332
14319 0.809315 0.677331
14320 0.809308 0.677346
14321 0.8093 0.677344
14322 0.809291 0.677327
14323 0.809283 0.677295
14324 0.809274 0.677283
14325 0.809267 0.677287
14326 0.809258 0.677276
14327 0.80925 0.67725
14328 0.809241 0.677211
14329 0.809233 0.677191
14330 0.809225 0.677189
14331 0.809218 0.677203
14332 0.80921 0.677231
14333 0.809203 0.677272
14334 0.809196 0.677325
14335 0.80919 0.677387
14336 0.809183 0.67746
14337 0.809176 0.677509
14338 0.809169 0.677538
14339 0.809162 0.677579
14340 0.809154 0.677601
14341 0.809147 0.677637
14342 0.80914 0.677684
14343 0.809134 0.677742
14344 0.809127 0.67781
14345 0.80912 0.677856
14346 0.809113 0.677881
14347 0.809105 0.677889
14348 0.809097 0.677911
14349 0.80909 0.677947
14350 0.809083 0.677963
14351 0.809075 0.677962
14352 0.809066 0.677946
14353 0.809058 0.677916
14354 0.809049 0.677873
14355 0.80904 0.677819
14356 0.80903 0.677755
14357 0.809021 0.677712
14358 0.809012 0.677659
14359 0.809003 0.677626
14360 0.808995 0.677612
14361 0.808987 0.677616
14362 0.808979 0.677634
14363 0.808971 0.677635
14364 0.808963 0.677621
14365 0.808954 0.677592
14366 0.808945 0.677551
14367 0.808935 0.677498
14368 0.808925 0.677435
14369 0.808916 0.677393
14370 0.808907 0.677372
14371 0.808899 0.677368
14372 0.80889 0.677349
14373 0.808881 0.677316
14374 0.808873 0.677303
14375 0.808865 0.677306
14376 0.808857 0.677324
14377 0.808849 0.677325
14378 0.80884 0.677311
14379 0.808831 0.677282
14380 0.808822 0.677241
14381 0.808813 0.677188
14382 0.808803 0.677125
14383 0.808793 0.677052
14384 0.808784 0.677003
14385 0.808775 0.676974
14386 0.808766 0.676964
14387 0.808758 0.67697
14388 0.808749 0.67696
14389 0.808755 0.676959
14390 0.808773 0.676967
14391 0.808803 0.676982
14392 0.808843 0.677003
14393 0.808878 0.677007
14394 0.808923 0.677018
14395 0.808977 0.677037
14396 0.809025 0.677069
14397 0.809068 0.677114
14398 0.809106 0.67717
14399 0.809139 0.677236
14400 0.809169 0.677311
14401 0.809196 0.677394
14402 0.80922 0.677484
14403 0.809241 0.677581
14404 0.809259 0.677684
14405 0.809275 0.677793
14406 0.809289 0.677875
14407 0.8093 0.677933
14408 0.809309 0.677969
14409 0.809316 0.677987
14410 0.809321 0.677987
14411 0.809325 0.678003
14412 0.809329 0.678033
14413 0.809332 0.678075
14414 0.809334 0.678129
14415 0.809336 0.678193
14416 0.809337 0.678267
14417 0.809337 0.678317
14418 0.809336 0.678347
14419 0.809334 0.678358
14420 0.80933 0.678352
14421 0.809326 0.678332
14422 0.809321 0.678297
14423 0.809316 0.678251
14424 0.80931 0.678194
14425 0.809303 0.678126
14426 0.809296 0.678081
14427 0.80929 0.678057
14428 0.809284 0.67805
14429 0.809278 0.67806
14430 0.809273 0.678084
14431 0.809266 0.67809
14432 0.80926 0.678081
14433 0.809252 0.678056
14434 0.809244 0.678019
14435 0.809236 0.678001
14436 0.809229 0.678
14437 0.809222 0.678015
14438 0.809215 0.678044
14439 0.809209 0.678085
14440 0.809203 0.678139
14441 0.809196 0.678171
14442 0.809188 0.678184
14443 0.80918 0.678181
14444 0.809172 0.678162
14445 0.809164 0.67813
14446 0.809155 0.678085
14447 0.809146 0.678029
14448 0.809151 0.677987
14449 0.809169 0.677957
14450 0.809199 0.677939
14451 0.809239 0.67793
14452 0.809288 0.677931
14453 0.809346 0.677939
14454 0.809411 0.677955
14455 0.809484 0.677978
14456 0.809562 0.678006
14457 0.809646 0.67804
14458 0.809735 0.678078
14459 0.809829 0.678121
14460 0.809926 0.678168
14461 0.810013 0.678194
14462 0.81009 0.678202
14463 0.810159 0.678194
14464 0.81022 0.678171
14465 0.810273 0.678134
14466 0.810321 0.678086
14467 0.810363 0.678058
14468 0.810401 0.678048
14469 0.810435 0.678055
14470 0.810466 0.678077
14471 0.810493 0.678113
14472 0.810517 0.678161
14473 0.810539 0.678219
14474 0.810558 0.678287
14475 0.810575 0.678365
14476 0.81059 0.67845
14477 0.810603 0.678511
14478 0.810614 0.67855
14479 0.810623 0.678601
14480 0.81063 0.678631
14481 0.810637 0.678674
14482 0.810642 0.678728
14483 0.810646 0.678761
14484 0.810649 0.678776
14485 0.810651 0.678773
14486 0.810651 0.678755
14487 0.810651 0.678723
14488 0.81065 0.678678
14489 0.810662 0.678646
14490 0.810687 0.678626
14491 0.810722 0.678615
14492 0.810753 0.678591
14493 0.81078 0.678552
14494 0.810804 0.678502
14495 0.810824 0.678473
14496 0.810843 0.678462
14497 0.810859 0.678468
14498 0.810873 0.67849
14499 0.810885 0.678524
14500 0.810895 0.67854
14501 0.810903 0.678538
14502 0.81091 0.678521
14503 0.810915 0.67849
14504 0.810919 0.678478
14505 0.810922 0.678482
14506 0.810924 0.678502
14507 0.810926 0.678535
14508 0.810926 0.67855
14509 0.810926 0.678547
14510 0.810925 0.678561
14511 0.810923 0.678588
14512 0.810921 0.678629
14513 0.810933 0.678674
14514 0.810956 0.678722
14515 0.810991 0.678774
14516 0.811035 0.67883
14517 0.811089 0.678888
14518 0.81115 0.678948
14519 0.811218 0.679011
14520 0.811264 0.679068
14521 0.81129 0.679121
14522 0.811297 0.67917
14523 0.811288 0.679215
14524 0.81128 0.679239
14525 0.811285 0.67927
14526 0.811303 0.679306
14527 0.811333 0.679346
14528 0.811373 0.679391
14529 0.811422 0.67944
14530 0.811479 0.679493
14531 0.811544 0.679548
14532 0.811616 0.679607
14533 0.81168 0.679675
14534 0.811737 0.679752
14535 0.811787 0.679837
14536 0.811832 0.679929
14537 0.811871 0.680028
14538 0.811906 0.680132
14539 0.811937 0.680211
14540 0.811965 0.680265
14541 0.811989 0.680299
14542 0.81201 0.680314
14543 0.812028 0.680343
14544 0.812044 0.680384
14545 0.812058 0.680437
14546 0.81207 0.680469
14547 0.81208 0.680483
14548 0.812089 0.680479
14549 0.812096 0.680491
14550 0.812102 0.680487
14551 0.812107 0.680467
14552 0.812111 0.680433
14553 0.812114 0.680388
14554 0.812116 0.680331
14555 0.812118 0.680264
14556 0.812118 0.680188
14557 0.812119 0.680104
14558 0.812118 0.680012
14559 0.812118 0.679915
14560 0.812116 0.679811
14561 0.812115 0.679702
14562 0.812113 0.679588
14563 0.81211 0.67947
14564 0.812108 0.679348
14565 0.812105 0.679253
14566 0.812102 0.679184
14567 0.812098 0.679138
14568 0.812108 0.679104
14569 0.81213 0.679082
14570 0.812164 0.679071
14571 0.812194 0.679045
14572 0.81222 0.679006
14573 0.812243 0.678955
14574 0.812264 0.678893
14575 0.812282 0.678854
14576 0.812297 0.678834
14577 0.812311 0.678831
14578 0.812323 0.678845
14579 0.812333 0.678873
14580 0.812341 0.678914
14581 0.812348 0.678966
14582 0.812354 0.679029
14583 0.812359 0.679101
14584 0.812363 0.679182
14585 0.812365 0.67927
14586 0.812367 0.679366
14587 0.812382 0.679459
14588 0.812395 0.67956
14589 0.812407 0.679634
14590 0.812416 0.679685
14591 0.812425 0.679716
14592 0.812432 0.679759
14593 0.812438 0.679814
14594 0.812443 0.679878
14595 0.812447 0.679921
14596 0.81245 0.679944
14597 0.812452 0.679948
14598 0.812454 0.679937
14599 0.812456 0.679911
14600 0.81247 0.679896
14601 0.812497 0.679891
14602 0.812534 0.679894
14603 0.812567 0.679882
14604 0.812596 0.679855
14605 0.812623 0.679815
14606 0.812646 0.679795
14607 0.81268 0.679785
14608 0.812724 0.679785
14609 0.812763 0.679769
14610 0.812798 0.679738
14611 0.812843 0.679719
14612 0.812883 0.679687
14613 0.812919 0.679642
14614 0.812951 0.679585
14615 0.81298 0.679519
14616 0.813005 0.679444
14617 0.813028 0.679391
14618 0.813048 0.67936
14619 0.813065 0.679348
14620 0.81308 0.679321
14621 0.813094 0.679281
14622 0.813119 0.679253
14623 0.813155 0.679236
14624 0.813201 0.67923
14625 0.813256 0.679232
14626 0.813319 0.679242
14627 0.813375 0.679236
14628 0.813439 0.679238
14629 0.813496 0.679224
14630 0.813548 0.679196
14631 0.813594 0.679187
14632 0.813635 0.679194
14633 0.813672 0.679216
14634 0.813705 0.679221
14635 0.813735 0.679209
14636 0.813761 0.679214
14637 0.813784 0.679234
14638 0.813805 0.679268
14639 0.813824 0.679282
14640 0.81384 0.679311
14641 0.813855 0.679353
14642 0.813868 0.679406
14643 0.813879 0.67947
14644 0.813889 0.679543
14645 0.813898 0.679593
14646 0.813906 0.679622
14647 0.813914 0.679633
14648 0.81392 0.679658
14649 0.813926 0.679665
14650 0.813931 0.679687
14651 0.813935 0.679722
14652 0.813938 0.67977
14653 0.813941 0.679797
14654 0.813944 0.679806
14655 0.813947 0.67983
14656 0.813949 0.679835
14657 0.813951 0.679856
14658 0.813952 0.679859
14659 0.813954 0.679846
14660 0.813955 0.67985
14661 0.813955 0.679869
14662 0.813955 0.679902
14663 0.813956 0.679916
14664 0.813955 0.679944
14665 0.813955 0.679986
14666 0.813954 0.680038
14667 0.813953 0.68007
14668 0.813952 0.680114
14669 0.813951 0.68017
14670 0.81395 0.680236
14671 0.813948 0.68031
14672 0.813946 0.680362
14673 0.813945 0.680393
14674 0.813943 0.680405
14675 0.813942 0.6804
14676 0.813941 0.68038
14677 0.81394 0.680378
14678 0.813939 0.680391
14679 0.813937 0.680419
14680 0.813935 0.680429
14681 0.813934 0.680421
14682 0.813933 0.680399
14683 0.813931 0.680395
14684 0.81393 0.680407
14685 0.813928 0.680433
14686 0.813926 0.680441
14687 0.813925 0.680433
14688 0.813923 0.680409
14689 0.813922 0.680373
14690 0.813921 0.680324
14691 0.81392 0.680264
14692 0.813919 0.680226
14693 0.813918 0.680208
14694 0.813916 0.680207
14695 0.813914 0.680222
14696 0.813912 0.680251
14697 0.81391 0.680293
14698 0.813908 0.680315
14699 0.813907 0.680319
14700 0.813905 0.680338
14701 0.813903 0.68034
14702 0.813901 0.680326
14703 0.8139 0.680297
14704 0.813898 0.680288
14705 0.813896 0.680294
14706 0.813894 0.680316
14707 0.813892 0.680352
14708 0.813889 0.680399
14709 0.813887 0.680458
14710 0.813884 0.680526
14711 0.813881 0.680603
14712 0.813878 0.680657
14713 0.813876 0.680689
14714 0.813874 0.680703
14715 0.813872 0.6807
14716 0.81387 0.680681
14717 0.813868 0.68068
14718 0.813865 0.680695
14719 0.813863 0.680724
14720 0.813861 0.680734
14721 0.813859 0.680728
14722 0.813857 0.680706
14723 0.813855 0.680671
14724 0.813853 0.680624
14725 0.813851 0.680566
14726 0.813849 0.680498
14727 0.813848 0.680421
14728 0.813846 0.680368
14729 0.813844 0.680335
14730 0.813841 0.680322
14731 0.813839 0.680294
14732 0.813837 0.680253
14733 0.813835 0.680201
14734 0.813832 0.680169
14735 0.81383 0.680157
14736 0.813828 0.68013
14737 0.813825 0.68009
14738 0.813823 0.680038
14739 0.813821 0.679975
14740 0.813818 0.679904
14741 0.813816 0.679855
14742 0.813813 0.679827
14743 0.813811 0.679817
14744 0.813809 0.679792
14745 0.813806 0.679754
14746 0.813804 0.679736
14747 0.813801 0.679735
14748 0.813798 0.67975
14749 0.813796 0.679779
14750 0.813793 0.679821
14751 0.81379 0.679875
14752 0.813788 0.679938
14753 0.813785 0.680011
14754 0.813782 0.680061
14755 0.813779 0.680091
14756 0.813777 0.680101
14757 0.813774 0.680127
14758 0.813772 0.680165
14759 0.813769 0.680216
14760 0.813767 0.680245
14761 0.813764 0.680256
14762 0.813762 0.68025
14763 0.813759 0.680261
14764 0.813756 0.680286
14765 0.813754 0.680324
14766 0.813751 0.680374
14767 0.813748 0.680435
14768 0.813745 0.680474
14769 0.813743 0.680525
14770 0.81374 0.680586
14771 0.813737 0.680657
14772 0.813734 0.680705
14773 0.813731 0.680733
14774 0.813728 0.680742
14775 0.813726 0.680734
14776 0.813723 0.680743
14777 0.81372 0.680767
14778 0.813717 0.680773
14779 0.813715 0.680762
14780 0.813712 0.680769
14781 0.813709 0.680758
14782 0.813707 0.680734
14783 0.813704 0.680695
14784 0.813702 0.680677
14785 0.813699 0.680676
14786 0.813696 0.680691
14787 0.813693 0.680688
14788 0.81369 0.680671
14789 0.813688 0.680639
14790 0.813686 0.680594
14791 0.813683 0.68057
14792 0.81368 0.680564
14793 0.813678 0.680543
14794 0.813675 0.680508
14795 0.813673 0.680493
14796 0.81367 0.680494
14797 0.813667 0.68048
14798 0.813665 0.680452
14799 0.813676 0.680434
14800 0.813685 0.680434
14801 0.813694 0.68045
14802 0.813701 0.68048
14803 0.813706 0.680523
14804 0.813711 0.680577
14805 0.813715 0.680641
14806 0.813718 0.680715
14807 0.813721 0.680797
14808 0.813723 0.680886
14809 0.813724 0.680983
14810 0.813725 0.681053
14811 0.813726 0.681102
14812 0.813726 0.681129
14813 0.813727 0.68117
14814 0.813727 0.681191
14815 0.813727 0.681225
14816 0.813726 0.68124
14817 0.813726 0.68127
14818 0.813725 0.681281
14819 0.813724 0.681306
14820 0.813723 0.681313
14821 0.813722 0.681304
14822 0.813721 0.68128
14823 0.813719 0.681243
14824 0.813718 0.681194
14825 0.813717 0.681134
14826 0.813716 0.681095
14827 0.813714 0.681045
14828 0.813713 0.680984
14829 0.813711 0.680914
14830 0.81371 0.680835
14831 0.813708 0.680748
14832 0.813706 0.680654
14833 0.813705 0.680554
14834 0.813703 0.680448
14835 0.813701 0.680336
14836 0.8137 0.680221
14837 0.813698 0.680101
14838 0.813696 0.679977
14839 0.813694 0.679851
14840 0.813692 0.679752
14841 0.81369 0.679648
14842 0.813689 0.67957
14843 0.813687 0.679515
14844 0.813685 0.679481
14845 0.813683 0.679467
14846 0.813681 0.67947
14847 0.813679 0.679488
14848 0.813677 0.679519
14849 0.813675 0.679533
14850 0.813673 0.679529
14851 0.813672 0.679509
14852 0.81367 0.679508
14853 0.813668 0.679522
14854 0.813666 0.67955
14855 0.813664 0.679592
14856 0.813662 0.679613
14857 0.81366 0.679648
14858 0.813658 0.679695
14859 0.813656 0.679754
14860 0.813654 0.679822
14861 0.813652 0.679899
14862 0.81365 0.679983
14863 0.813648 0.680076
14864 0.813646 0.680174
14865 0.813644 0.680247
14866 0.813642 0.680297
14867 0.81364 0.680358
14868 0.813639 0.680397
14869 0.813637 0.680448
14870 0.813635 0.680509
14871 0.813633 0.68058
14872 0.813632 0.680628
14873 0.81363 0.680687
14874 0.813628 0.680756
14875 0.813627 0.680833
14876 0.813625 0.680919
14877 0.813623 0.68098
14878 0.813622 0.681019
14879 0.81362 0.681039
14880 0.813619 0.681073
14881 0.813617 0.681087
14882 0.813615 0.681084
14883 0.813614 0.681066
14884 0.813612 0.681034
14885 0.813611 0.68099
14886 0.813609 0.680966
14887 0.813607 0.680959
14888 0.813606 0.680969
14889 0.813604 0.680994
14890 0.813603 0.681032
14891 0.813601 0.681051
14892 0.8136 0.681052
14893 0.813598 0.681037
14894 0.813596 0.681008
14895 0.813595 0.680966
14896 0.813593 0.680912
14897 0.813591 0.680849
14898 0.813589 0.680776
14899 0.813587 0.680694
14900 0.813585 0.680636
14901 0.813584 0.6806
14902 0.813582 0.680552
14903 0.81358 0.680493
14904 0.813578 0.680424
14905 0.813577 0.680346
14906 0.813575 0.680261
14907 0.813573 0.680168
14908 0.813571 0.680069
14909 0.813569 0.679995
14910 0.813568 0.679945
14911 0.813566 0.679915
14912 0.813565 0.679904
14913 0.813564 0.67991
14914 0.813562 0.679931
14915 0.813561 0.679965
14916 0.81356 0.679981
14917 0.813559 0.679979
14918 0.813558 0.679961
14919 0.813556 0.67993
14920 0.813555 0.679886
14921 0.813554 0.679831
14922 0.813552 0.679765
14923 0.813551 0.679722
14924 0.81355 0.679699
14925 0.813549 0.679694
14926 0.813548 0.679705
14927 0.813547 0.679731
14928 0.813546 0.679769
14929 0.813546 0.67982
14930 0.813545 0.67985
14931 0.813544 0.679861
14932 0.813544 0.679855
14933 0.813543 0.679866
14934 0.813542 0.679891
14935 0.813542 0.67993
14936 0.813542 0.67998
14937 0.813541 0.680041
14938 0.813541 0.680111
14939 0.813541 0.680191
14940 0.813541 0.680278
14941 0.813541 0.680371
14942 0.813541 0.68044
14943 0.813541 0.680487
14944 0.813541 0.680513
14945 0.813541 0.68052
14946 0.81354 0.680543
14947 0.81354 0.680579
14948 0.81354 0.680627
14949 0.81354 0.680655
14950 0.81354 0.680664
14951 0.813539 0.680657
14952 0.813539 0.680634
14953 0.813538 0.680599
14954 0.813538 0.680551
14955 0.813537 0.680523
14956 0.813536 0.680515
14957 0.813536 0.680522
14958 0.813536 0.680545
14959 0.813535 0.680549
14960 0.813534 0.680538
14961 0.813533 0.680511
14962 0.813532 0.680472
14963 0.813532 0.680453
14964 0.813531 0.680451
14965 0.81353 0.680465
14966 0.813529 0.680462
14967 0.813528 0.680443
14968 0.813527 0.680411
14969 0.813526 0.680397
14970 0.813525 0.68037
14971 0.813524 0.68036
14972 0.813523 0.680336
14973 0.813522 0.68033
14974 0.813521 0.680341
14975 0.81352 0.680366
14976 0.81352 0.680404
14977 0.813519 0.680454
14978 0.813519 0.680515
14979 0.813519 0.680585
14980 0.813519 0.680664
14981 0.813519 0.680751
14982 0.813519 0.680845
14983 0.813519 0.680914
14984 0.813519 0.680992
14985 0.813519 0.681046
14986 0.813519 0.681079
14987 0.813518 0.681124
14988 0.813518 0.681181
14989 0.813519 0.681248
14990 0.813518 0.681292
14991 0.813518 0.681316
14992 0.813518 0.681322
14993 0.813517 0.681312
14994 0.813516 0.681318
14995 0.813516 0.681309
14996 0.813515 0.681284
14997 0.813514 0.681246
14998 0.813514 0.681228
14999 0.813513 0.681196
15000 0.813513 0.681151
