14000 0.873492 0.671631
14001 0.873488 0.671616
14002 0.873484 0.671618
14003 0.873481 0.671636
14004 0.873476 0.671636
14005 0.873472 0.671652
14006 0.873467 0.671681
14007 0.873463 0.671693
14008 0.873458 0.671718
14009 0.873453 0.671726
14010 0.873447 0.671717
14011 0.873441 0.671694
14012 0.873436 0.671657
14013 0.873429 0.671609
14014 0.873423 0.67158
14015 0.873417 0.67154
14016 0.873411 0.671518
14017 0.873405 0.671515
14018 0.873399 0.671527
14019 0.873393 0.671554
14020 0.873388 0.671594
14021 0.873382 0.671645
14022 0.873376 0.671675
14023 0.87337 0.671687
14024 0.873364 0.671714
14025 0.873358 0.671722
14026 0.873352 0.671713
14027 0.873346 0.671722
14028 0.873339 0.671713
14029 0.873333 0.671721
14030 0.873327 0.671744
14031 0.873321 0.671749
14032 0.873315 0.671738
14033 0.873308 0.671713
14034 0.873302 0.671706
14035 0.873296 0.671714
14036 0.87329 0.671738
14037 0.873284 0.671775
14038 0.873278 0.671823
14039 0.873272 0.671882
14040 0.873266 0.671951
14041 0.873261 0.672029
14042 0.873255 0.672114
14043 0.873249 0.672175
14044 0.873244 0.672215
14045 0.873238 0.672235
14046 0.873232 0.672237
14047 0.873226 0.672224
14048 0.873221 0.672196
14049 0.873215 0.672156
14050 0.873209 0.672104
14051 0.873204 0.672041
14052 0.873198 0.672001
14053 0.873192 0.67198
14054 0.873187 0.671976
14055 0.873181 0.671989
14056 0.873175 0.671985
14057 0.87317 0.671966
14058 0.873164 0.671933
14059 0.873159 0.671887
14060 0.873153 0.671831
14061 0.873147 0.671765
14062 0.873142 0.67169
14063 0.873136 0.671638
14064 0.873131 0.671606
14065 0.873125 0.671594
14066 0.87312 0.671567
14067 0.873114 0.671527
14068 0.873108 0.671507
14069 0.873103 0.671504
14070 0.873098 0.671517
14071 0.873092 0.671544
14072 0.873087 0.671585
14073 0.873081 0.671637
14074 0.873076 0.671699
14075 0.87307 0.671739
14076 0.873065 0.67176
14077 0.873059 0.671794
14078 0.873053 0.671841
14079 0.873047 0.671898
14080 0.873042 0.671965
14081 0.873036 0.67201
14082 0.873029 0.672035
14083 0.873023 0.672042
14084 0.873017 0.672064
14085 0.873011 0.672099
14086 0.873004 0.672146
14087 0.872998 0.672204
14088 0.872991 0.672272
14089 0.872985 0.672348
14090 0.872978 0.672401
14091 0.872972 0.672434
14092 0.872965 0.672448
14093 0.872958 0.672475
14094 0.872951 0.672516
14095 0.872944 0.672537
14096 0.872937 0.67254
14097 0.87293 0.672528
14098 0.872923 0.672501
14099 0.872915 0.672461
14100 0.872908 0.67241
14101 0.8729 0.67238
14102 0.872893 0.672368
14103 0.872885 0.672373
14104 0.872878 0.672392
14105 0.872871 0.672426
14106 0.872864 0.672471
14107 0.872857 0.672528
14108 0.872849 0.672594
14109 0.872842 0.672638
14110 0.872835 0.672663
14111 0.872827 0.672669
14112 0.872819 0.672659
14113 0.872811 0.672635
14114 0.872803 0.672597
14115 0.872795 0.672579
14116 0.872787 0.672578
14117 0.872779 0.672593
14118 0.872771 0.672622
14119 0.872763 0.672664
14120 0.872755 0.672685
14121 0.872747 0.67269
14122 0.872739 0.672678
14123 0.87273 0.672683
14124 0.872722 0.672703
14125 0.872714 0.672736
14126 0.872706 0.672782
14127 0.872698 0.672807
14128 0.87269 0.672815
14129 0.872681 0.672806
14130 0.872673 0.672783
14131 0.872664 0.672746
14132 0.872656 0.672729
14133 0.872647 0.672729
14134 0.872639 0.672744
14135 0.872631 0.672742
14136 0.872622 0.672725
14137 0.872614 0.672726
14138 0.872606 0.672742
14139 0.872598 0.672771
14140 0.87259 0.672814
14141 0.872582 0.672836
14142 0.872574 0.672841
14143 0.872565 0.67283
14144 0.872557 0.672804
14145 0.872548 0.672765
14146 0.872539 0.672715
14147 0.872547 0.672668
14148 0.872569 0.672625
14149 0.872589 0.672602
14150 0.872606 0.672596
14151 0.87262 0.672607
14152 0.872632 0.672601
14153 0.872642 0.67258
14154 0.87265 0.672546
14155 0.872656 0.672499
14156 0.87266 0.672442
14157 0.87268 0.672388
14158 0.872697 0.672356
14159 0.872711 0.672343
14160 0.872724 0.672346
14161 0.872734 0.672365
14162 0.872743 0.672398
14163 0.87275 0.672442
14164 0.872755 0.672467
14165 0.872759 0.672474
14166 0.872762 0.672464
14167 0.872764 0.672471
14168 0.872781 0.672476
14169 0.872795 0.672496
14170 0.872807 0.67253
14171 0.872817 0.672544
14172 0.872826 0.672573
14173 0.872832 0.672615
14174 0.872837 0.672636
14175 0.872841 0.67264
14176 0.872843 0.672628
14177 0.872845 0.672602
14178 0.872861 0.672577
14179 0.872875 0.67257
14180 0.872887 0.672579
14181 0.872897 0.672572
14182 0.872904 0.672581
14183 0.872911 0.672605
14184 0.872915 0.672642
14185 0.872919 0.672659
14186 0.872921 0.67266
14187 0.872922 0.672676
14188 0.872922 0.672674
14189 0.872921 0.672689
14190 0.872919 0.672686
14191 0.872917 0.672668
14192 0.872914 0.672637
14193 0.87291 0.672624
14194 0.872906 0.672628
14195 0.872902 0.672616
14196 0.872897 0.67262
14197 0.872892 0.67264
14198 0.872887 0.672643
14199 0.872881 0.67266
14200 0.872875 0.672692
14201 0.872869 0.672736
14202 0.872863 0.67276
14203 0.872856 0.672766
14204 0.872849 0.672786
14205 0.872842 0.672821
14206 0.872835 0.672836
14207 0.872827 0.672835
14208 0.872819 0.672818
14209 0.872811 0.672787
14210 0.872803 0.672743
14211 0.872795 0.67272
14212 0.872786 0.672714
14213 0.872778 0.672725
14214 0.87277 0.67275
14215 0.872761 0.672788
14216 0.872753 0.672838
14217 0.872744 0.672867
14218 0.872735 0.672878
14219 0.872726 0.672872
14220 0.872717 0.672883
14221 0.872708 0.672908
14222 0.872699 0.672946
14223 0.87269 0.672995
14224 0.872681 0.673056
14225 0.872672 0.673094
14226 0.872662 0.673114
14227 0.872653 0.673115
14228 0.872643 0.673102
14229 0.872633 0.673073
14230 0.872623 0.673033
14231 0.872612 0.672981
14232 0.872602 0.672918
14233 0.872592 0.672846
14234 0.872581 0.672797
14235 0.872571 0.672769
14236 0.872561 0.672759
14237 0.872551 0.672765
14238 0.872541 0.672786
14239 0.872532 0.672821
14240 0.872522 0.672868
14241 0.872512 0.672925
14242 0.872502 0.672962
14243 0.872492 0.672979
14244 0.872483 0.672979
14245 0.872473 0.672963
14246 0.872463 0.672934
14247 0.872453 0.672892
14248 0.872443 0.672869
14249 0.872433 0.672865
14250 0.872423 0.672876
14251 0.872414 0.672902
14252 0.872404 0.672941
14253 0.872394 0.67296
14254 0.872384 0.672962
14255 0.872374 0.672948
14256 0.872364 0.67292
14257 0.872354 0.672879
14258 0.872344 0.672827
14259 0.872334 0.672795
14260 0.872325 0.672783
14261 0.872315 0.672787
14262 0.872305 0.672806
14263 0.872296 0.672839
14264 0.872286 0.672884
14265 0.872277 0.672909
14266 0.872267 0.672916
14267 0.872257 0.672907
14268 0.872248 0.672914
14269 0.872238 0.672905
14270 0.872228 0.672881
14271 0.872217 0.672845
14272 0.872207 0.672827
14273 0.872197 0.672827
14274 0.872204 0.672825
14275 0.872209 0.672808
14276 0.872212 0.672777
14277 0.872213 0.672734
14278 0.872231 0.672694
14279 0.872245 0.672673
14280 0.872257 0.67267
14281 0.872267 0.672683
14282 0.872275 0.672709
14283 0.872281 0.672749
14284 0.872285 0.672769
14285 0.872288 0.672772
14286 0.872289 0.67279
14287 0.87229 0.672822
14288 0.872289 0.672866
14289 0.872288 0.672921
14290 0.872285 0.672955
14291 0.872282 0.67297
14292 0.872278 0.672968
14293 0.872273 0.672982
14294 0.872267 0.67301
14295 0.872261 0.673051
14296 0.872255 0.673103
14297 0.872248 0.673166
14298 0.872241 0.673237
14299 0.872233 0.673318
14300 0.872226 0.673374
14301 0.872217 0.67341
14302 0.872209 0.673426
14303 0.8722 0.673425
14304 0.872191 0.67344
14305 0.872182 0.673469
14306 0.872172 0.67351
14307 0.872163 0.673563
14308 0.872153 0.673627
14309 0.872143 0.673668
14310 0.872133 0.67369
14311 0.872122 0.673694
14312 0.872112 0.673682
14313 0.872102 0.673655
14314 0.872091 0.673616
14315 0.872081 0.673565
14316 0.87207 0.673535
14317 0.872059 0.673524
14318 0.872049 0.673529
14319 0.872038 0.673549
14320 0.872028 0.673551
14321 0.872017 0.673538
14322 0.872006 0.673511
14323 0.871996 0.67347
14324 0.871985 0.673418
14325 0.871975 0.673387
14326 0.871964 0.673375
14327 0.871954 0.673348
14328 0.871943 0.67334
14329 0.871932 0.673348
14330 0.871922 0.67337
14331 0.871911 0.673375
14332 0.871901 0.673395
14333 0.87189 0.673428
14334 0.871879 0.673474
14335 0.871869 0.67353
14336 0.871858 0.673566
14337 0.871847 0.673582
14338 0.871837 0.673612
14339 0.871826 0.673655
14340 0.871815 0.673709
14341 0.871804 0.673773
14342 0.871793 0.673846
14343 0.871782 0.673928
14344 0.871771 0.673986
14345 0.87176 0.674022
14346 0.871749 0.67404
14347 0.871739 0.674071
14348 0.871728 0.674114
14349 0.871717 0.674138
14350 0.871706 0.674143
14351 0.871695 0.674133
14352 0.871684 0.674139
14353 0.871673 0.67416
14354 0.871661 0.674195
14355 0.87165 0.674242
14356 0.871639 0.674268
14357 0.871628 0.674276
14358 0.871617 0.674299
14359 0.871605 0.674304
14360 0.871594 0.674293
14361 0.871583 0.674299
14362 0.871571 0.674289
14363 0.87156 0.674264
14364 0.871549 0.674257
14365 0.871537 0.674235
14366 0.871526 0.674231
14367 0.871514 0.674243
14368 0.87152 0.674253
14369 0.87154 0.674261
14370 0.871574 0.674268
14371 0.871603 0.674258
14372 0.871628 0.674265
14373 0.87165 0.674287
14374 0.871668 0.674322
14375 0.871683 0.674369
14376 0.871696 0.674427
14377 0.871707 0.674494
14378 0.871715 0.67454
14379 0.871721 0.674565
14380 0.871726 0.674572
14381 0.871729 0.674563
14382 0.871731 0.674539
14383 0.871731 0.674502
14384 0.87173 0.674454
14385 0.871729 0.674394
14386 0.871726 0.674325
14387 0.871722 0.674247
14388 0.871718 0.674193
14389 0.871713 0.67416
14390 0.871708 0.674145
14391 0.871702 0.674148
14392 0.871696 0.674166
14393 0.871689 0.674166
14394 0.871682 0.674151
14395 0.871674 0.674122
14396 0.871666 0.67408
14397 0.871658 0.674058
14398 0.871649 0.674054
14399 0.87164 0.674065
14400 0.871631 0.67406
14401 0.871622 0.67404
14402 0.871629 0.674021
14403 0.871651 0.674003
14404 0.871686 0.673986
14405 0.871717 0.673955
14406 0.871744 0.673912
14407 0.871766 0.673888
14408 0.871786 0.673883
14409 0.871802 0.673893
14410 0.871816 0.673918
14411 0.871827 0.673925
14412 0.871836 0.673916
14413 0.871843 0.673923
14414 0.871848 0.673914
14415 0.871852 0.673921
14416 0.871854 0.673944
14417 0.871854 0.673979
14418 0.871854 0.674027
14419 0.871853 0.674054
14420 0.87185 0.674063
14421 0.871847 0.674055
14422 0.871843 0.674033
14423 0.871838 0.674028
14424 0.871832 0.67404
14425 0.871826 0.674066
14426 0.87182 0.674105
14427 0.871813 0.674155
14428 0.871822 0.674199
14429 0.871829 0.674224
14430 0.871835 0.67423
14431 0.871838 0.674221
14432 0.87184 0.674196
14433 0.871841 0.674159
14434 0.87184 0.67411
14435 0.871839 0.67405
14436 0.871836 0.673981
14437 0.871832 0.673903
14438 0.871828 0.673849
14439 0.871823 0.673815
14440 0.871818 0.6738
14441 0.871812 0.673803
14442 0.871806 0.67382
14443 0.871799 0.673852
14444 0.871792 0.673896
14445 0.871785 0.673951
14446 0.871777 0.673984
14447 0.871769 0.673999
14448 0.871761 0.673997
14449 0.871753 0.67398
14450 0.871744 0.673949
14451 0.871752 0.67392
14452 0.871775 0.673893
14453 0.871811 0.673867
14454 0.871859 0.673843
14455 0.871917 0.673821
14456 0.871986 0.673799
14457 0.872063 0.673779
14458 0.872148 0.67376
14459 0.872223 0.673758
14460 0.87229 0.673772
14461 0.87235 0.6738
14462 0.872419 0.673824
14463 0.872497 0.673845
14464 0.872583 0.673863
14465 0.872676 0.673878
14466 0.872775 0.67389
14467 0.872863 0.673916
14468 0.872942 0.673956
14469 0.873012 0.673976
14470 0.873074 0.673978
14471 0.87313 0.673965
14472 0.873179 0.673937
14473 0.873222 0.673928
14474 0.87326 0.673935
14475 0.873294 0.673957
14476 0.873324 0.673993
14477 0.87335 0.67404
14478 0.873373 0.674067
14479 0.873392 0.674076
14480 0.87341 0.674099
14481 0.873424 0.674136
14482 0.873437 0.674185
14483 0.873447 0.674213
14484 0.873456 0.674223
14485 0.873463 0.674216
14486 0.873468 0.674194
14487 0.873473 0.67419
14488 0.873476 0.674202
14489 0.873478 0.674229
14490 0.873479 0.674237
14491 0.873479 0.67426
14492 0.873479 0.674265
14493 0.873478 0.674254
14494 0.873476 0.67426
14495 0.873473 0.67428
14496 0.87347 0.674284
14497 0.873467 0.674302
14498 0.873463 0.674303
14499 0.873459 0.674319
14500 0.873455 0.67435
14501 0.87345 0.674393
14502 0.873445 0.674447
14503 0.87344 0.67448
14504 0.873434 0.674494
14505 0.873429 0.674492
14506 0.873423 0.674473
14507 0.873417 0.674441
14508 0.873411 0.674397
14509 0.873405 0.674373
14510 0.873398 0.674366
14511 0.873392 0.674376
14512 0.873385 0.674401
14513 0.873379 0.674439
14514 0.873372 0.674489
14515 0.873365 0.674549
14516 0.873358 0.67462
14517 0.873351 0.674698
14518 0.873344 0.674785
14519 0.873336 0.674878
14520 0.873345 0.674962
14521 0.873369 0.675035
14522 0.873406 0.675101
14523 0.873439 0.675144
14524 0.873467 0.675167
14525 0.873492 0.675172
14526 0.87353 0.675176
14527 0.87358 0.675178
14528 0.873641 0.675179
14529 0.873711 0.675179
14530 0.873773 0.675195
14531 0.873828 0.675224
14532 0.873877 0.675266
14533 0.873921 0.67532
14534 0.873959 0.675384
14535 0.873993 0.675457
14536 0.87404 0.675522
14537 0.874081 0.675565
14538 0.874117 0.675587
14539 0.874149 0.675592
14540 0.874178 0.675581
14541 0.874203 0.675555
14542 0.874225 0.675516
14543 0.87426 0.67548
14544 0.874291 0.675463
14545 0.874319 0.675463
14546 0.874344 0.675479
14547 0.874365 0.675478
14548 0.874384 0.675461
14549 0.874401 0.675431
14550 0.874415 0.675387
14551 0.874428 0.675333
14552 0.874438 0.675299
14553 0.874448 0.675285
14554 0.874455 0.675256
14555 0.874462 0.675215
14556 0.874468 0.675162
14557 0.874472 0.67513
14558 0.874476 0.675085
14559 0.874478 0.675061
14560 0.87448 0.675024
14561 0.874482 0.674974
14562 0.874482 0.674914
14563 0.874483 0.674844
14564 0.874483 0.674797
14565 0.874482 0.674771
14566 0.874481 0.674762
14567 0.874479 0.674739
14568 0.874478 0.674702
14569 0.874476 0.674654
14570 0.874474 0.674594
14571 0.874471 0.674525
14572 0.874485 0.674462
14573 0.874513 0.674404
14574 0.874553 0.674351
14575 0.874589 0.674319
14576 0.874621 0.674305
14577 0.87465 0.674308
14578 0.874675 0.674327
14579 0.874697 0.674328
14580 0.874716 0.674345
14581 0.874733 0.674376
14582 0.874748 0.674419
14583 0.874761 0.674442
14584 0.874773 0.674479
14585 0.874783 0.674496
14586 0.874791 0.674527
14587 0.874798 0.674571
14588 0.874804 0.674626
14589 0.874809 0.674691
14590 0.874813 0.674733
14591 0.874816 0.674756
14592 0.874819 0.674762
14593 0.874836 0.674765
14594 0.874852 0.674752
14595 0.874866 0.674725
14596 0.874878 0.674717
14597 0.874889 0.674725
14598 0.874898 0.674716
14599 0.874906 0.674693
14600 0.874913 0.674687
14601 0.874918 0.674667
14602 0.874923 0.674633
14603 0.874943 0.674601
14604 0.874977 0.674571
14605 0.875023 0.674543
14606 0.875064 0.674502
14607 0.8751 0.674449
14608 0.875133 0.674418
14609 0.875162 0.674405
14610 0.875203 0.674392
14611 0.875241 0.674365
14612 0.875274 0.674324
14613 0.875304 0.674273
14614 0.875346 0.674225
14615 0.875384 0.674197
14616 0.875418 0.674188
14617 0.875448 0.674164
14618 0.875475 0.674127
14619 0.875499 0.674078
14620 0.87552 0.674019
14621 0.875539 0.673981
14622 0.875556 0.673962
14623 0.875571 0.673961
14624 0.875584 0.673976
14625 0.875595 0.674004
14626 0.875605 0.674014
14627 0.875614 0.674008
14628 0.875622 0.673987
14629 0.875644 0.673966
14630 0.87568 0.673946
14631 0.875728 0.673927
14632 0.875771 0.673925
14633 0.875809 0.673939
14634 0.875844 0.673968
14635 0.875874 0.674009
14636 0.875901 0.674062
14637 0.875926 0.674125
14638 0.875963 0.674181
14639 0.876012 0.674229
14640 0.876056 0.674257
14641 0.876096 0.674267
14642 0.876118 0.674268
14643 0.876125 0.674262
14644 0.876117 0.674248
14645 0.876096 0.674228
14646 0.876064 0.674202
14647 0.876021 0.674171
14648 0.875999 0.674142
14649 0.875994 0.674114
14650 0.876005 0.674088
14651 0.87603 0.674062
14652 0.876069 0.674038
14653 0.876119 0.674015
14654 0.87618 0.673993
14655 0.876221 0.673965
14656 0.876245 0.673933
14657 0.876252 0.673895
14658 0.876246 0.673854
14659 0.87624 0.673832
14660 0.876234 0.673828
14661 0.876228 0.67384
14662 0.876223 0.673867
14663 0.876219 0.673875
14664 0.876215 0.673867
14665 0.876211 0.673875
14666 0.876207 0.673898
14667 0.876203 0.673935
14668 0.8762 0.673983
14669 0.876197 0.674011
14670 0.876194 0.67402
14671 0.876191 0.674013
14672 0.876189 0.673991
14673 0.876187 0.673956
14674 0.876185 0.673939
14675 0.876183 0.67394
14676 0.876181 0.673957
14677 0.876179 0.673987
14678 0.876176 0.674031
14679 0.876174 0.674085
14680 0.876172 0.67415
14681 0.876169 0.674224
14682 0.876167 0.674274
14683 0.876165 0.674305
14684 0.876163 0.674347
14685 0.876161 0.674401
14686 0.876159 0.674466
14687 0.876157 0.674539
14688 0.876155 0.67459
14689 0.876153 0.67462
14690 0.876151 0.674631
14691 0.87615 0.674625
14692 0.876149 0.674605
14693 0.876148 0.674602
14694 0.876146 0.674615
14695 0.876145 0.674611
14696 0.876144 0.674591
14697 0.876143 0.67459
14698 0.876142 0.674604
14699 0.87614 0.674632
14700 0.876139 0.674673
14701 0.876137 0.674695
14702 0.876136 0.674699
14703 0.876135 0.674686
14704 0.876134 0.674659
14705 0.876133 0.67462
14706 0.876132 0.674568
14707 0.876131 0.674506
14708 0.876131 0.674435
14709 0.87613 0.674386
14710 0.876129 0.674358
14711 0.876127 0.674349
14712 0.876126 0.674356
14713 0.876125 0.674378
14714 0.876123 0.674413
14715 0.876121 0.674461
14716 0.876119 0.67452
14717 0.876117 0.674588
14718 0.876116 0.674634
14719 0.876114 0.67466
14720 0.876113 0.674667
14721 0.876111 0.674689
14722 0.876109 0.674725
14723 0.876108 0.674773
14724 0.876106 0.6748
14725 0.876105 0.674809
14726 0.876103 0.674802
14727 0.876102 0.674779
14728 0.8761 0.674743
14729 0.876099 0.674695
14730 0.876097 0.674637
14731 0.876096 0.6746
14732 0.876094 0.674582
14733 0.876093 0.674581
14734 0.876091 0.674565
14735 0.87609 0.674535
14736 0.876088 0.674493
14737 0.876087 0.674439
14738 0.876085 0.674406
14739 0.876084 0.674391
14740 0.876082 0.674363
14741 0.87608 0.674322
14742 0.876079 0.67427
14743 0.876077 0.674238
14744 0.876076 0.674225
14745 0.876074 0.674229
14746 0.876072 0.674217
14747 0.87607 0.67419
14748 0.876069 0.674182
14749 0.876067 0.674191
14750 0.876065 0.674182
14751 0.876079 0.674174
14752 0.876091 0.674181
14753 0.876102 0.674173
14754 0.876112 0.67418
14755 0.87612 0.674172
14756 0.876128 0.67418
14757 0.876134 0.674202
14758 0.87614 0.674238
14759 0.876145 0.674255
14760 0.87615 0.674255
14761 0.876153 0.674239
14762 0.876157 0.674208
14763 0.87616 0.674197
14764 0.876162 0.674202
14765 0.876164 0.674223
14766 0.876165 0.674257
14767 0.876166 0.674303
14768 0.876167 0.674329
14769 0.876168 0.674337
14770 0.876169 0.674328
14771 0.876169 0.674336
14772 0.876169 0.674359
14773 0.876169 0.674395
14774 0.876168 0.674443
14775 0.876168 0.674503
14776 0.876167 0.674571
14777 0.876165 0.674649
14778 0.876164 0.674735
14779 0.876162 0.674827
14780 0.876161 0.674895
14781 0.87616 0.67494
14782 0.876158 0.674965
14783 0.876157 0.674972
14784 0.876156 0.674963
14785 0.876155 0.674939
14786 0.876154 0.674901
14787 0.876153 0.674883
14788 0.876152 0.674883
14789 0.87615 0.674898
14790 0.876148 0.674927
14791 0.876147 0.674938
14792 0.876146 0.674932
14793 0.876144 0.674911
14794 0.876143 0.674908
14795 0.876142 0.674921
14796 0.87614 0.674916
14797 0.876139 0.674897
14798 0.876138 0.674864
14799 0.876136 0.67485
14800 0.876135 0.674852
14801 0.876133 0.674871
14802 0.876132 0.674903
14803 0.87613 0.674916
14804 0.876129 0.674912
14805 0.876127 0.674893
14806 0.876126 0.67486
14807 0.876125 0.674846
14808 0.876124 0.67485
14809 0.876122 0.674868
14810 0.876121 0.674869
14811 0.876119 0.674886
14812 0.876118 0.674885
14813 0.876117 0.6749
14814 0.876115 0.674898
14815 0.876114 0.67488
14816 0.876113 0.67488
14817 0.876112 0.674895
14818 0.876111 0.674925
14819 0.876109 0.674936
14820 0.876108 0.67493
14821 0.876107 0.674909
14822 0.876106 0.674875
14823 0.876105 0.67486
14824 0.876105 0.674861
14825 0.876104 0.674879
14826 0.876103 0.674879
14827 0.876102 0.674863
14828 0.876101 0.674833
14829 0.8761 0.674791
14830 0.876099 0.674737
14831 0.876098 0.674673
14832 0.876097 0.674599
14833 0.876096 0.674549
14834 0.876095 0.674519
14835 0.876094 0.674508
14836 0.876094 0.674514
14837 0.876093 0.674535
14838 0.876092 0.674569
14839 0.876092 0.674616
14840 0.876091 0.674643
14841 0.87609 0.674651
14842 0.876089 0.674674
14843 0.876089 0.67471
14844 0.876088 0.674727
14845 0.876087 0.674727
14846 0.876086 0.674711
14847 0.876085 0.674681
14848 0.876084 0.674669
14849 0.876083 0.674675
14850 0.876082 0.674664
14851 0.876081 0.674638
14852 0.87608 0.6746
14853 0.876079 0.674581
14854 0.876078 0.67458
14855 0.876077 0.674563
14856 0.876076 0.674563
14857 0.876075 0.674579
14858 0.876074 0.674609
14859 0.876073 0.674652
14860 0.876072 0.674706
14861 0.876071 0.67477
14862 0.87607 0.674844
14863 0.876069 0.674926
14864 0.876068 0.674984
14865 0.876067 0.675021
14866 0.876066 0.675069
14867 0.876064 0.675129
14868 0.876063 0.675166
14869 0.876062 0.675185
14870 0.876061 0.675217
14871 0.87606 0.675261
14872 0.876059 0.675317
14873 0.876057 0.675383
14874 0.876056 0.675458
14875 0.876041 0.675518
14876 0.876027 0.675557
14877 0.876001 0.675584
14878 0.875964 0.675601
14879 0.87593 0.675632
14880 0.875899 0.675676
14881 0.875872 0.675731
14882 0.875847 0.675796
14883 0.875824 0.675839
14884 0.875803 0.675862
14885 0.875785 0.675867
14886 0.875768 0.675856
14887 0.875752 0.67583
14888 0.875738 0.675791
14889 0.875726 0.675741
14890 0.875714 0.675711
14891 0.875704 0.6757
14892 0.875694 0.675705
14893 0.875686 0.675726
14894 0.875678 0.675729
14895 0.87567 0.675716
14896 0.875663 0.675688
14897 0.875657 0.675648
14898 0.875667 0.67561
14899 0.875676 0.675561
14900 0.875683 0.675501
14901 0.87569 0.675462
14902 0.875696 0.675443
14903 0.875701 0.675442
14904 0.875706 0.675456
14905 0.87571 0.675485
14906 0.875713 0.675495
14907 0.875716 0.675489
14908 0.875718 0.675467
14909 0.87572 0.675432
14910 0.875722 0.675385
14911 0.875723 0.675358
14912 0.875724 0.675349
14913 0.875725 0.675326
14914 0.875726 0.675289
14915 0.875726 0.67524
14916 0.875726 0.675181
14917 0.875726 0.675112
14918 0.875726 0.675065
14919 0.875726 0.675039
14920 0.875725 0.675031
14921 0.875725 0.675008
14922 0.875724 0.674972
14923 0.875723 0.674955
14924 0.875723 0.674955
14925 0.875722 0.674972
14926 0.875721 0.675002
14927 0.87572 0.675045
14928 0.875719 0.675068
14929 0.875718 0.675104
14930 0.875717 0.675152
14931 0.875715 0.675211
14932 0.875714 0.67528
14933 0.875713 0.675358
14934 0.875711 0.675444
14935 0.875709 0.675536
14936 0.875708 0.675604
14937 0.875706 0.67565
14938 0.875705 0.675706
14939 0.875703 0.675773
14940 0.875717 0.675831
14941 0.875745 0.675883
14942 0.875771 0.675914
14943 0.87578 0.675934
14944 0.875774 0.675945
14945 0.875755 0.675947
14946 0.875725 0.675942
14947 0.875683 0.67593
14948 0.875661 0.675918
14949 0.875658 0.675906
14950 0.87567 0.675894
14951 0.875696 0.675881
14952 0.87572 0.675886
14953 0.875741 0.675906
14954 0.87576 0.67594
14955 0.875777 0.675986
14956 0.875792 0.676043
14957 0.875805 0.67611
14958 0.875817 0.676154
14959 0.875827 0.676179
14960 0.875837 0.676185
14961 0.875845 0.676175
14962 0.875852 0.67615
14963 0.875859 0.676112
14964 0.875864 0.676063
14965 0.875869 0.676033
14966 0.875874 0.676023
14967 0.875877 0.675998
14968 0.875881 0.675959
14969 0.875884 0.675909
14970 0.875886 0.67588
14971 0.875888 0.675869
14972 0.87589 0.675843
14973 0.875892 0.675836
14974 0.875893 0.675845
14975 0.875895 0.675869
14976 0.875896 0.675906
14977 0.875897 0.675956
14978 0.875897 0.676016
14979 0.875898 0.676086
14980 0.875898 0.676164
14981 0.875899 0.676219
14982 0.875899 0.676253
14983 0.875898 0.676267
14984 0.875898 0.676296
14985 0.875898 0.676338
14986 0.875897 0.676391
14987 0.875897 0.676423
14988 0.875896 0.676437
14989 0.875896 0.676464
14990 0.875895 0.676474
14991 0.875894 0.676466
14992 0.875893 0.676444
14993 0.875892 0.676439
14994 0.875892 0.67642
14995 0.875891 0.676418
14996 0.87589 0.676432
14997 0.875889 0.67646
14998 0.875889 0.676501
14999 0.875888 0.676522
15000 0.875887 0.676525
