14000 0.985 0.671465
14001 0.985 0.671508
14002 0.985 0.671561
14003 0.985 0.671594
14004 0.985 0.671608
14005 0.985 0.671604
14006 0.985 0.671586
14007 0.985 0.671585
14008 0.985 0.6716
14009 0.985 0.671597
14010 0.985 0.671579
14011 0.985 0.671579
14012 0.985 0.671594
14013 0.985 0.671592
14014 0.985 0.671575
14015 0.985 0.671544
14016 0.985 0.671531
14017 0.985 0.671536
14018 0.985 0.671555
14019 0.985 0.671557
14020 0.985 0.671544
14021 0.985 0.671515
14022 0.985 0.671506
14023 0.985 0.671513
14024 0.985 0.671503
14025 0.985 0.671479
14026 0.985 0.671442
14027 0.985 0.671393
14028 0.985 0.671364
14029 0.985 0.671354
14030 0.985 0.67136
14031 0.985 0.671382
14032 0.985 0.671385
14033 0.985 0.671373
14034 0.985 0.671346
14035 0.985 0.671338
14036 0.985 0.671346
14037 0.985 0.671369
14038 0.985 0.671405
14039 0.985 0.671453
14040 0.985 0.671481
14041 0.985 0.671522
14042 0.985 0.671574
14043 0.985 0.671605
14044 0.985 0.671618
14045 0.985 0.671613
14046 0.985 0.671594
14047 0.985 0.671561
14048 0.985 0.671515
14049 0.985 0.671459
14050 0.985 0.671392
14051 0.985 0.671348
14052 0.985 0.671324
14053 0.985 0.671318
14054 0.985 0.671328
14055 0.985 0.671321
14056 0.985 0.671331
14057 0.985 0.671355
14058 0.985 0.671392
14059 0.985 0.671442
14060 0.985 0.671502
14061 0.985 0.671571
14062 0.985 0.671649
14063 0.985 0.671735
14064 0.985 0.671828
14065 0.985 0.671927
14066 0.985 0.672032
14067 0.985 0.672141
14068 0.985 0.672256
14069 0.985 0.672374
14070 0.985 0.672466
14071 0.985 0.672532
14072 0.985 0.672607
14073 0.985 0.672691
14074 0.985 0.672782
14075 0.985 0.672879
14076 0.985 0.672951
14077 0.985 0.673031
14078 0.985 0.673119
14079 0.985 0.673214
14080 0.985 0.673291
14081 0.985 0.673354
14082 0.985 0.673402
14083 0.985 0.673438
14084 0.985 0.673486
14085 0.985 0.673514
14086 0.985 0.673523
14087 0.985 0.673516
14088 0.985 0.673494
14089 0.985 0.673458
14090 0.985 0.673411
14091 0.985 0.673352
14092 0.985 0.673284
14093 0.985 0.673207
14094 0.985 0.673122
14095 0.985 0.673061
14096 0.985 0.673022
14097 0.985 0.672971
14098 0.985 0.672909
14099 0.985 0.672838
14100 0.985 0.672759
14101 0.985 0.672672
14102 0.985 0.672609
14103 0.985 0.672568
14104 0.985 0.672547
14105 0.985 0.672543
14106 0.985 0.672556
14107 0.985 0.672583
14108 0.985 0.672623
14109 0.985 0.672643
14110 0.985 0.672645
14111 0.985 0.672663
14112 0.985 0.672695
14113 0.985 0.67274
14114 0.985 0.672795
14115 0.985 0.67286
14116 0.985 0.672935
14117 0.985 0.673018
14118 0.985 0.673108
14119 0.985 0.673205
14120 0.985 0.673276
14121 0.985 0.673325
14122 0.985 0.673353
14123 0.985 0.673363
14124 0.985 0.673356
14125 0.985 0.673334
14126 0.985 0.673299
14127 0.985 0.673252
14128 0.985 0.673193
14129 0.985 0.673125
14130 0.985 0.673048
14131 0.985 0.672964
14132 0.985 0.672872
14133 0.985 0.672773
14134 0.985 0.6727
14135 0.985 0.67265
14136 0.985 0.67259
14137 0.985 0.67252
14138 0.985 0.672441
14139 0.985 0.672386
14140 0.985 0.672352
14141 0.985 0.672305
14142 0.985 0.672248
14143 0.985 0.672212
14144 0.985 0.672195
14145 0.985 0.672196
14146 0.985 0.672212
14147 0.985 0.672211
14148 0.985 0.672194
14149 0.985 0.672164
14150 0.985 0.672121
14151 0.985 0.672066
14152 0.985 0.672002
14153 0.985 0.671928
14154 0.985 0.671877
14155 0.985 0.671847
14156 0.985 0.671835
14157 0.985 0.671841
14158 0.985 0.671861
14159 0.985 0.671895
14160 0.985 0.671941
14161 0.985 0.671998
14162 0.985 0.672066
14163 0.985 0.672141
14164 0.985 0.672225
14165 0.985 0.672317
14166 0.985 0.672391
14167 0.985 0.67245
14168 0.985 0.672519
14169 0.985 0.672565
14170 0.985 0.672622
14171 0.985 0.672658
14172 0.985 0.672706
14173 0.985 0.672741
14174 0.985 0.672766
14175 0.985 0.67278
14176 0.985 0.672785
14177 0.985 0.672781
14178 0.985 0.672771
14179 0.985 0.672753
14180 0.985 0.672722
14181 0.985 0.672678
14182 0.985 0.672655
14183 0.985 0.672649
14184 0.985 0.672659
14185 0.985 0.672653
14186 0.985 0.672663
14187 0.985 0.672688
14188 0.985 0.672695
14189 0.985 0.672685
14190 0.985 0.672661
14191 0.985 0.672623
14192 0.985 0.672574
14193 0.985 0.672545
14194 0.985 0.672534
14195 0.985 0.672541
14196 0.985 0.672562
14197 0.985 0.672597
14198 0.985 0.672644
14199 0.985 0.672678
14200 0.985 0.672702
14201 0.985 0.672715
14202 0.985 0.672719
14203 0.985 0.672715
14204 0.985 0.672727
14205 0.985 0.672753
14206 0.985 0.672792
14207 0.985 0.672843
14208 0.985 0.672873
14209 0.985 0.672916
14210 0.985 0.672971
14211 0.985 0.673035
14212 0.985 0.673085
14213 0.985 0.673123
14214 0.985 0.673141
14215 0.985 0.673142
14216 0.985 0.673127
14217 0.985 0.673097
14218 0.985 0.673056
14219 0.985 0.673002
14220 0.985 0.672939
14221 0.985 0.672897
14222 0.985 0.672868
14223 0.985 0.672849
14224 0.985 0.672824
14225 0.985 0.672793
14226 0.985 0.672758
14227 0.985 0.672742
14228 0.985 0.672743
14229 0.985 0.67276
14230 0.985 0.672767
14231 0.985 0.672766
14232 0.985 0.672756
14233 0.985 0.67274
14234 0.985 0.672718
14235 0.985 0.67269
14236 0.985 0.67268
14237 0.985 0.672687
14238 0.985 0.672709
14239 0.985 0.672744
14240 0.985 0.672792
14241 0.985 0.67285
14242 0.985 0.672918
14243 0.985 0.672995
14244 0.985 0.673048
14245 0.985 0.673081
14246 0.985 0.673094
14247 0.985 0.673091
14248 0.985 0.673072
14249 0.985 0.67304
14250 0.985 0.672995
14251 0.985 0.672939
14252 0.985 0.672872
14253 0.985 0.672797
14254 0.985 0.672745
14255 0.985 0.672714
14256 0.985 0.672701
14257 0.985 0.672706
14258 0.985 0.672694
14259 0.985 0.672668
14260 0.985 0.67266
14261 0.985 0.672669
14262 0.985 0.672692
14263 0.985 0.672728
14264 0.985 0.672753
14265 0.985 0.672768
14266 0.985 0.672774
14267 0.985 0.672794
14268 0.985 0.672828
14269 0.985 0.672875
14270 0.985 0.672901
14271 0.985 0.672908
14272 0.985 0.6729
14273 0.985 0.672876
14274 0.985 0.672839
14275 0.985 0.672822
14276 0.985 0.672822
14277 0.985 0.672838
14278 0.985 0.672836
14279 0.985 0.672819
14280 0.985 0.672819
14281 0.985 0.672835
14282 0.985 0.672865
14283 0.985 0.672908
14284 0.985 0.672962
14285 0.985 0.673026
14286 0.985 0.673099
14287 0.985 0.67315
14288 0.985 0.67318
14289 0.985 0.673191
14290 0.985 0.673216
14291 0.985 0.673255
14292 0.985 0.673306
14293 0.985 0.673335
14294 0.985 0.673378
14295 0.985 0.6734
14296 0.985 0.673436
14297 0.985 0.673453
14298 0.985 0.673453
14299 0.985 0.673436
14300 0.985 0.673406
14301 0.985 0.673363
14302 0.985 0.673309
14303 0.985 0.673276
14304 0.985 0.673231
14305 0.985 0.673174
14306 0.985 0.673131
14307 0.985 0.6731
14308 0.985 0.67308
14309 0.985 0.673069
14310 0.985 0.673067
14311 0.985 0.673074
14312 0.985 0.673095
14313 0.985 0.673098
14314 0.985 0.673117
14315 0.985 0.673149
14316 0.985 0.673194
14317 0.985 0.673219
14318 0.985 0.673257
14319 0.985 0.673307
14320 0.985 0.673367
14321 0.985 0.673437
14322 0.985 0.673484
14323 0.985 0.673512
14324 0.985 0.673551
14325 0.985 0.673603
14326 0.985 0.673665
14327 0.985 0.673737
14328 0.985 0.673785
14329 0.985 0.673813
14330 0.985 0.673823
14331 0.985 0.673848
14332 0.985 0.673885
14333 0.985 0.673903
14334 0.985 0.673904
14335 0.985 0.673889
14336 0.985 0.67386
14337 0.985 0.673818
14338 0.985 0.673764
14339 0.985 0.673701
14340 0.985 0.673628
14341 0.985 0.673546
14342 0.985 0.673457
14343 0.985 0.673393
14344 0.985 0.67335
14345 0.985 0.673328
14346 0.985 0.673323
14347 0.985 0.673335
14348 0.985 0.673361
14349 0.985 0.673401
14350 0.985 0.673452
14351 0.985 0.673513
14352 0.985 0.673584
14353 0.985 0.673664
14354 0.985 0.67372
14355 0.985 0.673755
14356 0.985 0.673771
14357 0.985 0.6738
14358 0.985 0.673843
14359 0.985 0.673897
14360 0.985 0.673929
14361 0.985 0.673975
14362 0.985 0.674031
14363 0.985 0.674097
14364 0.985 0.674173
14365 0.985 0.674256
14366 0.985 0.674347
14367 0.985 0.674444
14368 0.985 0.674516
14369 0.985 0.674565
14370 0.985 0.674594
14371 0.985 0.674604
14372 0.985 0.674597
14373 0.985 0.674575
14374 0.985 0.67454
14375 0.985 0.674524
14376 0.985 0.674525
14377 0.985 0.674542
14378 0.985 0.674541
14379 0.985 0.674525
14380 0.985 0.674495
14381 0.985 0.674452
14382 0.985 0.674398
14383 0.985 0.674333
14384 0.985 0.674259
14385 0.985 0.674177
14386 0.985 0.674087
14387 0.985 0.673991
14388 0.985 0.673888
14389 0.985 0.67378
14390 0.985 0.673667
14391 0.985 0.67355
14392 0.985 0.673429
14393 0.985 0.673335
14394 0.985 0.673267
14395 0.985 0.673221
14396 0.985 0.673164
14397 0.985 0.673128
14398 0.985 0.673112
14399 0.985 0.673113
14400 0.985 0.673129
14401 0.985 0.673159
14402 0.985 0.673203
14403 0.985 0.673257
14404 0.985 0.673322
14405 0.985 0.673364
14406 0.985 0.673387
14407 0.985 0.673391
14408 0.985 0.67338
14409 0.985 0.673354
14410 0.985 0.673346
14411 0.985 0.673355
14412 0.985 0.673378
14413 0.985 0.673415
14414 0.985 0.673464
14415 0.985 0.673523
14416 0.985 0.673593
14417 0.985 0.673671
14418 0.985 0.673725
14419 0.985 0.673759
14420 0.985 0.673773
14421 0.985 0.67377
14422 0.985 0.673752
14423 0.985 0.673721
14424 0.985 0.673708
14425 0.985 0.673712
14426 0.985 0.6737
14427 0.985 0.673673
14428 0.985 0.673634
14429 0.985 0.673582
14430 0.985 0.673521
14431 0.985 0.673449
14432 0.985 0.67337
14433 0.985 0.673282
14434 0.985 0.673188
14435 0.985 0.673087
14436 0.985 0.673013
14437 0.985 0.672961
14438 0.985 0.67293
14439 0.985 0.672918
14440 0.985 0.672923
14441 0.985 0.672943
14442 0.985 0.672945
14443 0.985 0.672963
14444 0.985 0.672963
14445 0.985 0.672979
14446 0.985 0.673009
14447 0.985 0.673051
14448 0.985 0.673105
14449 0.985 0.673138
14450 0.985 0.673152
14451 0.985 0.673149
14452 0.985 0.673131
14453 0.985 0.673098
14454 0.985 0.673054
14455 0.985 0.673029
14456 0.985 0.673023
14457 0.985 0.673033
14458 0.985 0.673057
14459 0.985 0.673095
14460 0.985 0.673145
14461 0.985 0.673205
14462 0.985 0.673275
14463 0.985 0.673354
14464 0.985 0.67344
14465 0.985 0.673534
14466 0.985 0.673602
14467 0.985 0.673648
14468 0.985 0.673674
14469 0.985 0.673681
14470 0.985 0.673703
14471 0.985 0.673739
14472 0.985 0.673787
14473 0.985 0.673846
14474 0.985 0.673915
14475 0.985 0.673992
14476 0.985 0.674078
14477 0.985 0.67417
14478 0.985 0.674269
14479 0.985 0.674343
14480 0.985 0.674393
14481 0.985 0.674423
14482 0.985 0.674434
14483 0.985 0.674428
14484 0.985 0.674408
14485 0.985 0.674373
14486 0.985 0.674326
14487 0.985 0.674269
14488 0.985 0.674201
14489 0.985 0.674125
14490 0.985 0.67404
14491 0.985 0.673948
14492 0.985 0.673881
14493 0.985 0.673837
14494 0.985 0.673781
14495 0.985 0.673715
14496 0.985 0.67364
14497 0.985 0.673557
14498 0.985 0.673498
14499 0.985 0.67346
14500 0.985 0.673411
14501 0.985 0.673351
14502 0.985 0.673312
14503 0.985 0.673293
14504 0.985 0.673292
14505 0.985 0.673306
14506 0.985 0.673326
14507 0.985 0.673329
14508 0.985 0.673316
14509 0.985 0.673288
14510 0.985 0.673271
14511 0.985 0.673263
14512 0.985 0.673263
14513 0.985 0.673271
14514 0.985 0.673286
14515 0.985 0.673306
14516 0.985 0.673332
14517 0.985 0.673363
14518 0.985 0.673398
14519 0.985 0.673438
14520 0.985 0.673481
14521 0.985 0.673527
14522 0.985 0.673576
14523 0.985 0.673627
14524 0.985 0.673689
14525 0.985 0.673761
14526 0.985 0.673841
14527 0.985 0.673929
14528 0.985 0.674023
14529 0.985 0.674124
14530 0.985 0.674199
14531 0.985 0.674251
14532 0.985 0.674282
14533 0.985 0.674295
14534 0.985 0.674313
14535 0.985 0.674338
14536 0.985 0.674367
14537 0.985 0.674402
14538 0.985 0.674417
14539 0.985 0.674446
14540 0.985 0.674457
14541 0.985 0.674451
14542 0.985 0.674461
14543 0.985 0.674455
14544 0.985 0.674433
14545 0.985 0.674398
14546 0.985 0.674351
14547 0.985 0.674293
14548 0.985 0.674225
14549 0.985 0.674148
14550 0.985 0.674063
14551 0.985 0.673995
14552 0.985 0.67394
14553 0.985 0.673876
14554 0.985 0.673802
14555 0.985 0.67372
14556 0.985 0.67363
14557 0.985 0.673534
14558 0.985 0.673431
14559 0.985 0.673323
14560 0.985 0.673242
14561 0.985 0.673184
14562 0.985 0.673148
14563 0.985 0.6731
14564 0.985 0.673041
14565 0.985 0.672972
14566 0.985 0.672926
14567 0.985 0.6729
14568 0.985 0.672892
14569 0.985 0.672901
14570 0.985 0.672924
14571 0.985 0.672961
14572 0.985 0.673002
14573 0.985 0.673046
14574 0.985 0.673093
14575 0.985 0.673143
14576 0.985 0.673195
14577 0.985 0.67325
14578 0.985 0.673307
14579 0.985 0.673366
14580 0.985 0.673426
14581 0.985 0.673488
14582 0.985 0.673551
14583 0.985 0.673616
14584 0.985 0.673681
14585 0.985 0.673748
14586 0.985 0.673792
14587 0.985 0.673817
14588 0.985 0.673823
14589 0.985 0.673813
14590 0.985 0.673811
14591 0.985 0.673817
14592 0.985 0.673831
14593 0.985 0.673858
14594 0.985 0.673899
14595 0.985 0.673951
14596 0.985 0.673982
14597 0.985 0.673995
14598 0.985 0.674022
14599 0.985 0.674062
14600 0.985 0.674082
14601 0.985 0.674085
14602 0.985 0.674102
14603 0.985 0.674134
14604 0.985 0.674179
14605 0.985 0.674234
14606 0.985 0.6743
14607 0.985 0.674375
14608 0.985 0.674458
14609 0.985 0.674517
14610 0.985 0.674555
14611 0.985 0.674573
14612 0.985 0.674573
14613 0.985 0.674558
14614 0.985 0.674529
14615 0.985 0.674518
14616 0.985 0.674493
14617 0.985 0.674486
14618 0.985 0.674464
14619 0.985 0.674459
14620 0.985 0.67444
14621 0.985 0.674407
14622 0.985 0.674361
14623 0.985 0.674305
14624 0.985 0.674238
14625 0.985 0.674163
14626 0.985 0.674079
14627 0.985 0.673988
14628 0.985 0.673921
14629 0.985 0.673846
14630 0.985 0.673763
14631 0.985 0.673672
14632 0.985 0.673574
14633 0.985 0.673471
14634 0.985 0.673393
14635 0.985 0.67334
14636 0.985 0.673275
14637 0.985 0.673233
14638 0.985 0.673211
14639 0.985 0.673207
14640 0.985 0.673218
14641 0.985 0.673237
14642 0.985 0.673261
14643 0.985 0.67329
14644 0.985 0.673324
14645 0.985 0.673362
14646 0.985 0.673404
14647 0.985 0.67345
14648 0.985 0.673475
14649 0.985 0.673483
14650 0.985 0.673497
14651 0.985 0.673518
14652 0.985 0.673544
14653 0.985 0.673575
14654 0.985 0.673611
14655 0.985 0.673652
14656 0.985 0.673696
14657 0.985 0.673743
14658 0.985 0.67377
14659 0.985 0.673779
14660 0.985 0.673771
14661 0.985 0.673748
14662 0.985 0.673744
14663 0.985 0.673755
14664 0.985 0.673781
14665 0.985 0.67382
14666 0.985 0.673871
14667 0.985 0.673932
14668 0.985 0.674003
14669 0.985 0.674051
14670 0.985 0.674103
14671 0.985 0.674157
14672 0.985 0.674213
14673 0.985 0.674271
14674 0.985 0.674332
14675 0.985 0.674394
14676 0.985 0.674458
14677 0.985 0.6745
14678 0.985 0.674522
14679 0.985 0.674526
14680 0.985 0.674514
14681 0.985 0.674519
14682 0.985 0.67454
14683 0.985 0.674573
14684 0.985 0.674588
14685 0.985 0.674586
14686 0.985 0.674568
14687 0.985 0.674536
14688 0.985 0.674491
14689 0.985 0.674436
14690 0.985 0.67437
14691 0.985 0.674295
14692 0.985 0.674212
14693 0.985 0.674121
14694 0.985 0.674056
14695 0.985 0.674012
14696 0.985 0.673989
14697 0.985 0.673983
14698 0.985 0.673994
14699 0.985 0.674019
14700 0.985 0.674058
14701 0.985 0.674101
14702 0.985 0.674147
14703 0.985 0.674196
14704 0.985 0.674248
14705 0.985 0.674303
14706 0.985 0.674337
14707 0.985 0.674351
14708 0.985 0.674372
14709 0.985 0.674399
14710 0.985 0.67443
14711 0.985 0.674467
14712 0.985 0.674507
14713 0.985 0.674551
14714 0.985 0.674599
14715 0.985 0.674626
14716 0.985 0.674635
14717 0.985 0.674627
14718 0.985 0.674604
14719 0.985 0.6746
14720 0.985 0.674611
14721 0.985 0.674637
14722 0.985 0.674645
14723 0.985 0.674636
14724 0.985 0.674613
14725 0.985 0.674607
14726 0.985 0.674618
14727 0.985 0.674612
14728 0.985 0.674591
14729 0.985 0.674556
14730 0.985 0.674509
14731 0.985 0.674482
14732 0.985 0.674474
14733 0.985 0.674482
14734 0.985 0.674474
14735 0.985 0.674451
14736 0.985 0.674414
14737 0.985 0.674366
14738 0.985 0.674338
14739 0.985 0.674328
14740 0.985 0.674335
14741 0.985 0.674326
14742 0.985 0.674302
14743 0.985 0.674265
14744 0.985 0.674215
14745 0.985 0.674155
14746 0.985 0.674086
14747 0.985 0.674007
14748 0.985 0.673921
14749 0.985 0.673827
14750 0.985 0.673759
14751 0.985 0.673713
14752 0.985 0.673687
14753 0.985 0.67368
14754 0.985 0.673689
14755 0.985 0.673713
14756 0.985 0.673751
14757 0.985 0.6738
14758 0.985 0.67386
14759 0.985 0.67393
14760 0.985 0.673977
14761 0.985 0.674004
14762 0.985 0.674043
14763 0.985 0.674095
14764 0.985 0.674149
14765 0.985 0.674205
14766 0.985 0.674264
14767 0.985 0.674324
14768 0.985 0.674363
14769 0.985 0.674382
14770 0.985 0.674383
14771 0.985 0.674369
14772 0.985 0.674372
14773 0.985 0.67439
14774 0.985 0.674422
14775 0.985 0.674467
14776 0.985 0.674523
14777 0.985 0.674557
14778 0.985 0.674573
14779 0.985 0.674594
14780 0.985 0.674622
14781 0.985 0.674654
14782 0.985 0.674691
14783 0.985 0.674708
14784 0.985 0.674708
14785 0.985 0.674693
14786 0.985 0.674686
14787 0.985 0.674696
14788 0.985 0.674721
14789 0.985 0.674759
14790 0.985 0.674777
14791 0.985 0.674778
14792 0.985 0.674795
14793 0.985 0.674825
14794 0.985 0.674837
14795 0.985 0.674832
14796 0.985 0.674812
14797 0.985 0.674809
14798 0.985 0.674791
14799 0.985 0.674759
14800 0.985 0.674715
14801 0.985 0.674659
14802 0.985 0.674593
14803 0.985 0.674518
14804 0.985 0.674435
14805 0.985 0.674376
14806 0.985 0.674338
14807 0.985 0.67432
14808 0.985 0.67432
14809 0.985 0.674335
14810 0.985 0.674364
14811 0.985 0.674375
14812 0.985 0.674369
14813 0.985 0.674348
14814 0.985 0.674313
14815 0.985 0.674266
14816 0.985 0.674208
14817 0.985 0.67414
14818 0.985 0.674064
14819 0.985 0.673979
14820 0.985 0.673887
14821 0.985 0.673788
14822 0.985 0.673684
14823 0.985 0.673574
14824 0.985 0.673491
14825 0.985 0.673432
14826 0.985 0.673364
14827 0.985 0.673286
14828 0.985 0.673232
14829 0.985 0.673199
14830 0.985 0.673185
14831 0.985 0.673188
14832 0.985 0.673206
14833 0.985 0.673207
14834 0.985 0.673192
14835 0.985 0.673163
14836 0.985 0.673122
14837 0.985 0.673068
14838 0.985 0.673005
14839 0.985 0.672955
14840 0.985 0.672919
14841 0.985 0.672893
14842 0.985 0.672878
14843 0.985 0.672872
14844 0.985 0.672874
14845 0.985 0.672884
14846 0.985 0.6729
14847 0.985 0.672923
14848 0.985 0.672951
14849 0.985 0.672984
14850 0.985 0.673021
14851 0.985 0.673063
14852 0.985 0.673108
14853 0.985 0.673156
14854 0.985 0.673207
14855 0.985 0.673261
14856 0.985 0.673317
14857 0.985 0.673352
14858 0.985 0.673368
14859 0.985 0.673367
14860 0.985 0.67335
14861 0.985 0.673319
14862 0.985 0.673276
14863 0.985 0.673244
14864 0.985 0.673224
14865 0.985 0.673213
14866 0.985 0.673212
14867 0.985 0.673218
14868 0.985 0.673231
14869 0.985 0.673251
14870 0.985 0.673277
14871 0.985 0.673308
14872 0.985 0.673344
14873 0.985 0.673384
14874 0.985 0.673428
14875 0.985 0.673475
14876 0.985 0.673526
14877 0.985 0.673579
14878 0.985 0.673635
14879 0.985 0.673693
14880 0.985 0.673754
14881 0.985 0.673816
14882 0.985 0.67388
14883 0.985 0.673945
14884 0.985 0.674012
14885 0.985 0.674056
14886 0.985 0.674081
14887 0.985 0.674087
14888 0.985 0.674077
14889 0.985 0.674052
14890 0.985 0.674014
14891 0.985 0.673964
14892 0.985 0.673904
14893 0.985 0.673865
14894 0.985 0.673846
14895 0.985 0.673844
14896 0.985 0.673858
14897 0.985 0.673887
14898 0.985 0.673897
14899 0.985 0.67389
14900 0.985 0.673868
14901 0.985 0.673864
14902 0.985 0.673868
14903 0.985 0.67388
14904 0.985 0.673898
14905 0.985 0.673923
14906 0.985 0.673952
14907 0.985 0.673963
14908 0.985 0.673957
14909 0.985 0.673968
14910 0.985 0.673993
14911 0.985 0.674031
14912 0.985 0.674081
14913 0.985 0.674142
14914 0.985 0.674181
14915 0.985 0.674201
14916 0.985 0.674203
14917 0.985 0.674189
14918 0.985 0.674192
14919 0.985 0.67421
14920 0.985 0.674242
14921 0.985 0.674287
14922 0.985 0.674312
14923 0.985 0.674318
14924 0.985 0.674308
14925 0.985 0.674284
14926 0.985 0.674246
14927 0.985 0.674228
14928 0.985 0.674196
14929 0.985 0.674151
14930 0.985 0.674095
14931 0.985 0.674061
14932 0.985 0.674045
14933 0.985 0.674039
14934 0.985 0.674042
14935 0.985 0.674052
14936 0.985 0.674069
14937 0.985 0.674092
14938 0.985 0.67412
14939 0.985 0.67413
14940 0.985 0.674155
14941 0.985 0.674193
14942 0.985 0.674243
14943 0.985 0.674272
14944 0.985 0.674314
14945 0.985 0.674336
14946 0.985 0.674372
14947 0.985 0.674388
14948 0.985 0.674387
14949 0.985 0.674402
14950 0.985 0.674431
14951 0.985 0.674473
14952 0.985 0.674526
14953 0.985 0.67459
14954 0.985 0.674663
14955 0.985 0.674744
14956 0.985 0.674802
14957 0.985 0.674838
14958 0.985 0.674855
14959 0.985 0.674854
14960 0.985 0.674869
14961 0.985 0.674899
14962 0.985 0.674941
14963 0.985 0.674994
14964 0.985 0.675027
14965 0.985 0.675041
14966 0.985 0.675037
14967 0.985 0.675018
14968 0.985 0.674985
14969 0.985 0.67494
14970 0.985 0.674884
14971 0.985 0.674817
14972 0.985 0.674773
14973 0.985 0.674749
14974 0.985 0.674712
14975 0.985 0.674662
14976 0.985 0.674602
14977 0.985 0.674533
14978 0.985 0.674486
14979 0.985 0.674459
14980 0.985 0.674419
14981 0.985 0.674368
14982 0.985 0.674306
14983 0.985 0.674234
14984 0.985 0.674178
14985 0.985 0.674134
14986 0.985 0.674103
14987 0.985 0.674083
14988 0.985 0.674072
14989 0.985 0.67407
14990 0.985 0.674076
14991 0.985 0.674089
14992 0.985 0.674108
14993 0.985 0.674133
14994 0.985 0.674164
14995 0.985 0.674199
14996 0.985 0.674238
14997 0.985 0.674289
14998 0.985 0.67435
14999 0.985 0.674421
15000 0.985 0.674501
