14000 0.985 0.324694
14001 0.985 0.324706
14002 0.985 0.324702
14003 0.985 0.324682
14004 0.985 0.324649
14005 0.985 0.324603
14006 0.985 0.324547
14007 0.985 0.32448
14008 0.985 0.324405
14009 0.985 0.324321
14010 0.985 0.32423
14011 0.985 0.324133
14012 0.985 0.32403
14013 0.985 0.323921
14014 0.985 0.323808
14015 0.985 0.32369
14016 0.985 0.323568
14017 0.985 0.323443
14018 0.985 0.323347
14019 0.985 0.323275
14020 0.985 0.323226
14021 0.985 0.323198
14022 0.985 0.323188
14023 0.985 0.323195
14024 0.985 0.323216
14025 0.985 0.323251
14026 0.985 0.323299
14027 0.985 0.323357
14028 0.985 0.323393
14029 0.985 0.323411
14030 0.985 0.323411
14031 0.985 0.323426
14032 0.985 0.323456
14033 0.985 0.323499
14034 0.985 0.323552
14035 0.985 0.323616
14036 0.985 0.323658
14037 0.985 0.323681
14038 0.985 0.323716
14039 0.985 0.323733
14040 0.985 0.323732
14041 0.985 0.323715
14042 0.985 0.323716
14043 0.985 0.323701
14044 0.985 0.323672
14045 0.985 0.32363
14046 0.985 0.323608
14047 0.985 0.323573
14048 0.985 0.323525
14049 0.985 0.323467
14050 0.985 0.323399
14051 0.985 0.323322
14052 0.985 0.323237
14053 0.985 0.323145
14054 0.985 0.323046
14055 0.985 0.322942
14056 0.985 0.322832
14057 0.985 0.322749
14058 0.985 0.32269
14059 0.985 0.322653
14060 0.985 0.322635
14061 0.985 0.322634
14062 0.985 0.322649
14063 0.985 0.322679
14064 0.985 0.32272
14065 0.985 0.322774
14066 0.985 0.322838
14067 0.985 0.322911
14068 0.985 0.322992
14069 0.985 0.323081
14070 0.985 0.323177
14071 0.985 0.323247
14072 0.985 0.323326
14073 0.985 0.323413
14074 0.985 0.323507
14075 0.985 0.323607
14076 0.985 0.323681
14077 0.985 0.323764
14078 0.985 0.323854
14079 0.985 0.32395
14080 0.985 0.324053
14081 0.985 0.324161
14082 0.985 0.324273
14083 0.985 0.324359
14084 0.985 0.324421
14085 0.985 0.32447
14086 0.985 0.324507
14087 0.985 0.324534
14088 0.985 0.324552
14089 0.985 0.324553
14090 0.985 0.324537
14091 0.985 0.324508
14092 0.985 0.324466
14093 0.985 0.324422
14094 0.985 0.324375
14095 0.985 0.324326
14096 0.985 0.324276
14097 0.985 0.324224
14098 0.985 0.32417
14099 0.985 0.324115
14100 0.985 0.324059
14101 0.985 0.324001
14102 0.985 0.323943
14103 0.985 0.323883
14104 0.985 0.323823
14105 0.985 0.323762
14106 0.985 0.3237
14107 0.985 0.323638
14108 0.985 0.323597
14109 0.985 0.323576
14110 0.985 0.323573
14111 0.985 0.323564
14112 0.985 0.323539
14113 0.985 0.323533
14114 0.985 0.323512
14115 0.985 0.323477
14116 0.985 0.32343
14117 0.985 0.323372
14118 0.985 0.323304
14119 0.985 0.323228
14120 0.985 0.323143
14121 0.985 0.323051
14122 0.985 0.322953
14123 0.985 0.322849
14124 0.985 0.32274
14125 0.985 0.322657
14126 0.985 0.322598
14127 0.985 0.322561
14128 0.985 0.322543
14129 0.985 0.322542
14130 0.985 0.322558
14131 0.985 0.322587
14132 0.985 0.322598
14133 0.985 0.322623
14134 0.985 0.322661
14135 0.985 0.322711
14136 0.985 0.322772
14137 0.985 0.322842
14138 0.985 0.32289
14139 0.985 0.322917
14140 0.985 0.322926
14141 0.985 0.322919
14142 0.985 0.322896
14143 0.985 0.32286
14144 0.985 0.322812
14145 0.985 0.322784
14146 0.985 0.322775
14147 0.985 0.322783
14148 0.985 0.322805
14149 0.985 0.322841
14150 0.985 0.322889
14151 0.985 0.322917
14152 0.985 0.322926
14153 0.985 0.322918
14154 0.985 0.322927
14155 0.985 0.322951
14156 0.985 0.322956
14157 0.985 0.322946
14158 0.985 0.322921
14159 0.985 0.322883
14160 0.985 0.322833
14161 0.985 0.322772
14162 0.985 0.322733
14163 0.985 0.322713
14164 0.985 0.322712
14165 0.985 0.322726
14166 0.985 0.322754
14167 0.985 0.322795
14168 0.985 0.322847
14169 0.985 0.32291
14170 0.985 0.322982
14171 0.985 0.323063
14172 0.985 0.323151
14173 0.985 0.323246
14174 0.985 0.323348
14175 0.985 0.323454
14176 0.985 0.323566
14177 0.985 0.323651
14178 0.985 0.323743
14179 0.985 0.323841
14180 0.985 0.323945
14181 0.985 0.324055
14182 0.985 0.324169
14183 0.985 0.324256
14184 0.985 0.324319
14185 0.985 0.32436
14186 0.985 0.324381
14187 0.985 0.324384
14188 0.985 0.324403
14189 0.985 0.324404
14190 0.985 0.32439
14191 0.985 0.324361
14192 0.985 0.32432
14193 0.985 0.324267
14194 0.985 0.324204
14195 0.985 0.324162
14196 0.985 0.32411
14197 0.985 0.324078
14198 0.985 0.324033
14199 0.985 0.323978
14200 0.985 0.323944
14201 0.985 0.323929
14202 0.985 0.323899
14203 0.985 0.323857
14204 0.985 0.323804
14205 0.985 0.32374
14206 0.985 0.323699
14207 0.985 0.323677
14208 0.985 0.323672
14209 0.985 0.323684
14210 0.985 0.32371
14211 0.985 0.32375
14212 0.985 0.323801
14213 0.985 0.323862
14214 0.985 0.323902
14215 0.985 0.323922
14216 0.985 0.323924
14217 0.985 0.323911
14218 0.985 0.323883
14219 0.985 0.323842
14220 0.985 0.32379
14221 0.985 0.323728
14222 0.985 0.323687
14223 0.985 0.323666
14224 0.985 0.323663
14225 0.985 0.323644
14226 0.985 0.323612
14227 0.985 0.323598
14228 0.985 0.323602
14229 0.985 0.323589
14230 0.985 0.323563
14231 0.985 0.323523
14232 0.985 0.323471
14233 0.985 0.323409
14234 0.985 0.323338
14235 0.985 0.323258
14236 0.985 0.323171
14237 0.985 0.323076
14238 0.985 0.322976
14239 0.985 0.322869
14240 0.985 0.32279
14241 0.985 0.322733
14242 0.985 0.322698
14243 0.985 0.322682
14244 0.985 0.322684
14245 0.985 0.322701
14246 0.985 0.322731
14247 0.985 0.322775
14248 0.985 0.322829
14249 0.985 0.322894
14250 0.985 0.322968
14251 0.985 0.323051
14252 0.985 0.32314
14253 0.985 0.323237
14254 0.985 0.323339
14255 0.985 0.323447
14256 0.985 0.32356
14257 0.985 0.323645
14258 0.985 0.323707
14259 0.985 0.323747
14260 0.985 0.323798
14261 0.985 0.32386
14262 0.985 0.323931
14263 0.985 0.324011
14264 0.985 0.324099
14265 0.985 0.324162
14266 0.985 0.324203
14267 0.985 0.324225
14268 0.985 0.324259
14269 0.985 0.324306
14270 0.985 0.324364
14271 0.985 0.324401
14272 0.985 0.324449
14273 0.985 0.324477
14274 0.985 0.324487
14275 0.985 0.32448
14276 0.985 0.324458
14277 0.985 0.324423
14278 0.985 0.324376
14279 0.985 0.324349
14280 0.985 0.32434
14281 0.985 0.324348
14282 0.985 0.324371
14283 0.985 0.324376
14284 0.985 0.324373
14285 0.985 0.324364
14286 0.985 0.324349
14287 0.985 0.324329
14288 0.985 0.324296
14289 0.985 0.32425
14290 0.985 0.324193
14291 0.985 0.324135
14292 0.985 0.324076
14293 0.985 0.324016
14294 0.985 0.323955
14295 0.985 0.323894
14296 0.985 0.323823
14297 0.985 0.323744
14298 0.985 0.323657
14299 0.985 0.323563
14300 0.985 0.323494
14301 0.985 0.323447
14302 0.985 0.32339
14303 0.985 0.323354
14304 0.985 0.323337
14305 0.985 0.323337
14306 0.985 0.323353
14307 0.985 0.323352
14308 0.985 0.323335
14309 0.985 0.323305
14310 0.985 0.323261
14311 0.985 0.323207
14312 0.985 0.323142
14313 0.985 0.323068
14314 0.985 0.322986
14315 0.985 0.322896
14316 0.985 0.322799
14317 0.985 0.322697
14318 0.985 0.322589
14319 0.985 0.322477
14320 0.985 0.32236
14321 0.985 0.32227
14322 0.985 0.322205
14323 0.985 0.322162
14324 0.985 0.322108
14325 0.985 0.322075
14326 0.985 0.322061
14327 0.985 0.322063
14328 0.985 0.322082
14329 0.985 0.322114
14330 0.985 0.322158
14331 0.985 0.322214
14332 0.985 0.32228
14333 0.985 0.322355
14334 0.985 0.322438
14335 0.985 0.322529
14336 0.985 0.322626
14337 0.985 0.322698
14338 0.985 0.322747
14339 0.985 0.322806
14340 0.985 0.322876
14341 0.985 0.322954
14342 0.985 0.32304
14343 0.985 0.323101
14344 0.985 0.323141
14345 0.985 0.323162
14346 0.985 0.323164
14347 0.985 0.323182
14348 0.985 0.323214
14349 0.985 0.323227
14350 0.985 0.323223
14351 0.985 0.323204
14352 0.985 0.32318
14353 0.985 0.323151
14354 0.985 0.323119
14355 0.985 0.323082
14356 0.985 0.323043
14357 0.985 0.323
14358 0.985 0.322955
14359 0.985 0.322907
14360 0.985 0.322857
14361 0.985 0.322828
14362 0.985 0.322818
14363 0.985 0.322824
14364 0.985 0.322813
14365 0.985 0.322788
14366 0.985 0.32275
14367 0.985 0.322709
14368 0.985 0.322665
14369 0.985 0.322618
14370 0.985 0.322569
14371 0.985 0.322517
14372 0.985 0.322487
14373 0.985 0.322475
14374 0.985 0.322479
14375 0.985 0.322477
14376 0.985 0.322467
14377 0.985 0.322451
14378 0.985 0.322453
14379 0.985 0.32247
14380 0.985 0.322501
14381 0.985 0.322544
14382 0.985 0.322599
14383 0.985 0.322664
14384 0.985 0.322738
14385 0.985 0.32282
14386 0.985 0.322879
14387 0.985 0.322916
14388 0.985 0.322965
14389 0.985 0.323025
14390 0.985 0.323094
14391 0.985 0.323172
14392 0.985 0.323258
14393 0.985 0.323351
14394 0.985 0.323419
14395 0.985 0.323465
14396 0.985 0.32349
14397 0.985 0.323498
14398 0.985 0.323488
14399 0.985 0.323465
14400 0.985 0.323427
14401 0.985 0.323378
14402 0.985 0.323319
14403 0.985 0.323249
14404 0.985 0.323171
14405 0.985 0.323085
14406 0.985 0.322992
14407 0.985 0.322893
14408 0.985 0.322788
14409 0.985 0.322709
14410 0.985 0.322654
14411 0.985 0.322597
14412 0.985 0.322538
14413 0.985 0.322478
14414 0.985 0.322417
14415 0.985 0.322355
14416 0.985 0.322283
14417 0.985 0.322234
14418 0.985 0.322206
14419 0.985 0.322196
14420 0.985 0.322203
14421 0.985 0.322225
14422 0.985 0.32226
14423 0.985 0.322307
14424 0.985 0.322365
14425 0.985 0.322434
14426 0.985 0.322479
14427 0.985 0.322505
14428 0.985 0.322543
14429 0.985 0.322593
14430 0.985 0.322654
14431 0.985 0.322725
14432 0.985 0.322781
14433 0.985 0.322824
14434 0.985 0.322856
14435 0.985 0.322878
14436 0.985 0.32289
14437 0.985 0.322916
14438 0.985 0.322956
14439 0.985 0.323007
14440 0.985 0.323069
14441 0.985 0.323141
14442 0.985 0.323198
14443 0.985 0.323233
14444 0.985 0.32325
14445 0.985 0.323249
14446 0.985 0.323233
14447 0.985 0.323202
14448 0.985 0.323159
14449 0.985 0.323105
14450 0.985 0.323071
14451 0.985 0.323057
14452 0.985 0.32306
14453 0.985 0.323078
14454 0.985 0.32311
14455 0.985 0.323123
14456 0.985 0.323119
14457 0.985 0.3231
14458 0.985 0.323067
14459 0.985 0.323022
14460 0.985 0.322965
14461 0.985 0.322899
14462 0.985 0.322832
14463 0.985 0.322764
14464 0.985 0.322696
14465 0.985 0.322627
14466 0.985 0.322558
14467 0.985 0.322488
14468 0.985 0.322418
14469 0.985 0.322347
14470 0.985 0.322277
14471 0.985 0.322205
14472 0.985 0.322134
14473 0.985 0.322062
14474 0.985 0.32199
14475 0.985 0.321917
14476 0.985 0.321845
14477 0.985 0.321772
14478 0.985 0.321699
14479 0.985 0.321625
14480 0.985 0.321552
14481 0.985 0.321478
14482 0.985 0.321427
14483 0.985 0.321397
14484 0.985 0.321386
14485 0.985 0.321391
14486 0.985 0.321412
14487 0.985 0.321446
14488 0.985 0.321493
14489 0.985 0.321551
14490 0.985 0.321618
14491 0.985 0.321695
14492 0.985 0.321779
14493 0.985 0.321871
14494 0.985 0.321969
14495 0.985 0.322073
14496 0.985 0.32216
14497 0.985 0.32223
14498 0.985 0.322286
14499 0.985 0.322328
14500 0.985 0.322359
14501 0.985 0.32238
14502 0.985 0.322391
14503 0.985 0.322394
14504 0.985 0.322388
14505 0.985 0.322376
14506 0.985 0.322358
14507 0.985 0.322357
14508 0.985 0.322372
14509 0.985 0.322379
14510 0.985 0.322377
14511 0.985 0.322368
14512 0.985 0.322352
14513 0.985 0.322331
14514 0.985 0.322304
14515 0.985 0.322273
14516 0.985 0.322237
14517 0.985 0.322198
14518 0.985 0.322178
14519 0.985 0.322175
14520 0.985 0.322166
14521 0.985 0.32215
14522 0.985 0.322128
14523 0.985 0.322101
14524 0.985 0.322069
14525 0.985 0.322032
14526 0.985 0.321992
14527 0.985 0.321948
14528 0.985 0.321901
14529 0.985 0.321851
14530 0.985 0.321798
14531 0.985 0.321743
14532 0.985 0.321686
14533 0.985 0.321627
14534 0.985 0.32159
14535 0.985 0.321572
14536 0.985 0.321548
14537 0.985 0.321519
14538 0.985 0.321485
14539 0.985 0.321447
14540 0.985 0.321428
14541 0.985 0.321427
14542 0.985 0.321442
14543 0.985 0.32147
14544 0.985 0.321512
14545 0.985 0.321565
14546 0.985 0.321628
14547 0.985 0.32167
14548 0.985 0.321691
14549 0.985 0.321695
14550 0.985 0.321714
14551 0.985 0.321747
14552 0.985 0.321792
14553 0.985 0.321849
14554 0.985 0.321915
14555 0.985 0.321967
14556 0.985 0.322007
14557 0.985 0.322058
14558 0.985 0.322119
14559 0.985 0.322191
14560 0.985 0.322247
14561 0.985 0.32229
14562 0.985 0.322322
14563 0.985 0.322343
14564 0.985 0.322354
14565 0.985 0.322356
14566 0.985 0.322351
14567 0.985 0.322338
14568 0.985 0.32232
14569 0.985 0.322295
14570 0.985 0.322266
14571 0.985 0.322232
14572 0.985 0.322194
14573 0.985 0.322152
14574 0.985 0.322106
14575 0.985 0.322058
14576 0.985 0.322006
14577 0.985 0.321953
14578 0.985 0.321897
14579 0.985 0.321862
14580 0.985 0.321847
14581 0.985 0.321848
14582 0.985 0.321866
14583 0.985 0.321897
14584 0.985 0.321917
14585 0.985 0.321928
14586 0.985 0.32193
14587 0.985 0.321924
14588 0.985 0.321911
14589 0.985 0.321892
14590 0.985 0.321867
14591 0.985 0.32186
14592 0.985 0.32187
14593 0.985 0.321894
14594 0.985 0.321932
14595 0.985 0.321981
14596 0.985 0.322042
14597 0.985 0.32208
14598 0.985 0.322099
14599 0.985 0.322101
14600 0.985 0.322086
14601 0.985 0.322089
14602 0.985 0.322107
14603 0.985 0.322139
14604 0.985 0.322184
14605 0.985 0.322239
14606 0.985 0.322305
14607 0.985 0.322349
14608 0.985 0.322373
14609 0.985 0.322378
14610 0.985 0.322399
14611 0.985 0.322433
14612 0.985 0.32248
14613 0.985 0.322506
14614 0.985 0.322514
14615 0.985 0.322513
14616 0.985 0.322505
14617 0.985 0.32249
14618 0.985 0.322469
14619 0.985 0.322442
14620 0.985 0.322411
14621 0.985 0.322375
14622 0.985 0.322358
14623 0.985 0.322358
14624 0.985 0.322374
14625 0.985 0.322405
14626 0.985 0.322448
14627 0.985 0.322502
14628 0.985 0.322566
14629 0.985 0.32264
14630 0.985 0.322691
14631 0.985 0.322721
14632 0.985 0.322764
14633 0.985 0.322818
14634 0.985 0.322882
14635 0.985 0.322932
14636 0.985 0.32297
14637 0.985 0.322996
14638 0.985 0.323013
14639 0.985 0.323019
14640 0.985 0.323018
14641 0.985 0.323009
14642 0.985 0.322993
14643 0.985 0.322972
14644 0.985 0.322945
14645 0.985 0.322912
14646 0.985 0.322899
14647 0.985 0.322903
14648 0.985 0.322922
14649 0.985 0.322955
14650 0.985 0.323
14651 0.985 0.323025
14652 0.985 0.323032
14653 0.985 0.323022
14654 0.985 0.322998
14655 0.985 0.322961
14656 0.985 0.322942
14657 0.985 0.322942
14658 0.985 0.322957
14659 0.985 0.322986
14660 0.985 0.323028
14661 0.985 0.323082
14662 0.985 0.323146
14663 0.985 0.323195
14664 0.985 0.323232
14665 0.985 0.323258
14666 0.985 0.323273
14667 0.985 0.32328
14668 0.985 0.323277
14669 0.985 0.323268
14670 0.985 0.323251
14671 0.985 0.323229
14672 0.985 0.323201
14673 0.985 0.323168
14674 0.985 0.323131
14675 0.985 0.323113
14676 0.985 0.323113
14677 0.985 0.323128
14678 0.985 0.323158
14679 0.985 0.323169
14680 0.985 0.323163
14681 0.985 0.32315
14682 0.985 0.323131
14683 0.985 0.323106
14684 0.985 0.323075
14685 0.985 0.32304
14686 0.985 0.323001
14687 0.985 0.322958
14688 0.985 0.322935
14689 0.985 0.32293
14690 0.985 0.322941
14691 0.985 0.322967
14692 0.985 0.323006
14693 0.985 0.323056
14694 0.985 0.323118
14695 0.985 0.323188
14696 0.985 0.323236
14697 0.985 0.323272
14698 0.985 0.323319
14699 0.985 0.323378
14700 0.985 0.323446
14701 0.985 0.323524
14702 0.985 0.323585
14703 0.985 0.323633
14704 0.985 0.323669
14705 0.985 0.323693
14706 0.985 0.323707
14707 0.985 0.323712
14708 0.985 0.323709
14709 0.985 0.323699
14710 0.985 0.323681
14711 0.985 0.323658
14712 0.985 0.32363
14713 0.985 0.323596
14714 0.985 0.323559
14715 0.985 0.323517
14716 0.985 0.323472
14717 0.985 0.323424
14718 0.985 0.323372
14719 0.985 0.323342
14720 0.985 0.32333
14721 0.985 0.323335
14722 0.985 0.323356
14723 0.985 0.32339
14724 0.985 0.323436
14725 0.985 0.323493
14726 0.985 0.32356
14727 0.985 0.323637
14728 0.985 0.323721
14729 0.985 0.323812
14730 0.985 0.323911
14731 0.985 0.324015
14732 0.985 0.324124
14733 0.985 0.324238
14734 0.985 0.324356
14735 0.985 0.324447
14736 0.985 0.324545
14737 0.985 0.324617
14738 0.985 0.324666
14739 0.985 0.324694
14740 0.985 0.324704
14741 0.985 0.324697
14742 0.985 0.324676
14743 0.985 0.32464
14744 0.985 0.324593
14745 0.985 0.324542
14746 0.985 0.324489
14747 0.985 0.324434
14748 0.985 0.324376
14749 0.985 0.324317
14750 0.985 0.324256
14751 0.985 0.324193
14752 0.985 0.324129
14753 0.985 0.324063
14754 0.985 0.323997
14755 0.985 0.323929
14756 0.985 0.32386
14757 0.985 0.32379
14758 0.985 0.32372
14759 0.985 0.323648
14760 0.985 0.3236
14761 0.985 0.323572
14762 0.985 0.323563
14763 0.985 0.323546
14764 0.985 0.323524
14765 0.985 0.323495
14766 0.985 0.323462
14767 0.985 0.323448
14768 0.985 0.323451
14769 0.985 0.323469
14770 0.985 0.323478
14771 0.985 0.323478
14772 0.985 0.32347
14773 0.985 0.323455
14774 0.985 0.323434
14775 0.985 0.323406
14776 0.985 0.323374
14777 0.985 0.323337
14778 0.985 0.323296
14779 0.985 0.323251
14780 0.985 0.323203
14781 0.985 0.323152
14782 0.985 0.323097
14783 0.985 0.323041
14784 0.985 0.322982
14785 0.985 0.322921
14786 0.985 0.322882
14787 0.985 0.322862
14788 0.985 0.322861
14789 0.985 0.322875
14790 0.985 0.322903
14791 0.985 0.322945
14792 0.985 0.322998
14793 0.985 0.323061
14794 0.985 0.323134
14795 0.985 0.323215
14796 0.985 0.323304
14797 0.985 0.3234
14798 0.985 0.323502
14799 0.985 0.323609
14800 0.985 0.323722
14801 0.985 0.323839
14802 0.985 0.323936
14803 0.985 0.324016
14804 0.985 0.32408
14805 0.985 0.324131
14806 0.985 0.324168
14807 0.985 0.324218
14808 0.985 0.324278
14809 0.985 0.324348
14810 0.985 0.324426
14811 0.985 0.324513
14812 0.985 0.324606
14813 0.985 0.324675
14814 0.985 0.324721
14815 0.985 0.324746
14816 0.985 0.324754
14817 0.985 0.324745
14818 0.985 0.324721
14819 0.985 0.324684
14820 0.985 0.324666
14821 0.985 0.324666
14822 0.985 0.324681
14823 0.985 0.324711
14824 0.985 0.324722
14825 0.985 0.324716
14826 0.985 0.324726
14827 0.985 0.324751
14828 0.985 0.324758
14829 0.985 0.324749
14830 0.985 0.324724
14831 0.985 0.324687
14832 0.985 0.324637
14833 0.985 0.324577
14834 0.985 0.324507
14835 0.985 0.32446
14836 0.985 0.324402
14837 0.985 0.324334
14838 0.985 0.324257
14839 0.985 0.324172
14840 0.985 0.32408
14841 0.985 0.323982
14842 0.985 0.323877
14843 0.985 0.323768
14844 0.985 0.323685
14845 0.985 0.323626
14846 0.985 0.323588
14847 0.985 0.32357
14848 0.985 0.32357
14849 0.985 0.323554
14850 0.985 0.323523
14851 0.985 0.323481
14852 0.985 0.323426
14853 0.985 0.323362
14854 0.985 0.323288
14855 0.985 0.323237
14856 0.985 0.323207
14857 0.985 0.323196
14858 0.985 0.323201
14859 0.985 0.323222
14860 0.985 0.323257
14861 0.985 0.323272
14862 0.985 0.323302
14863 0.985 0.323344
14864 0.985 0.323366
14865 0.985 0.323371
14866 0.985 0.32339
14867 0.985 0.323424
14868 0.985 0.32347
14869 0.985 0.323526
14870 0.985 0.323593
14871 0.985 0.323669
14872 0.985 0.323753
14873 0.985 0.323844
14874 0.985 0.32391
14875 0.985 0.323954
14876 0.985 0.32401
14877 0.985 0.324075
14878 0.985 0.32415
14879 0.985 0.324201
14880 0.985 0.324232
14881 0.985 0.324244
14882 0.985 0.324239
14883 0.985 0.324218
14884 0.985 0.324184
14885 0.985 0.32417
14886 0.985 0.324172
14887 0.985 0.32419
14888 0.985 0.324222
14889 0.985 0.324266
14890 0.985 0.324321
14891 0.985 0.324387
14892 0.985 0.32443
14893 0.985 0.324454
14894 0.985 0.324459
14895 0.985 0.324449
14896 0.985 0.324423
14897 0.985 0.324385
14898 0.985 0.324366
14899 0.985 0.324364
14900 0.985 0.324379
14901 0.985 0.324407
14902 0.985 0.324449
14903 0.985 0.324501
14904 0.985 0.324542
14905 0.985 0.324562
14906 0.985 0.324565
14907 0.985 0.324551
14908 0.985 0.324555
14909 0.985 0.324574
14910 0.985 0.324576
14911 0.985 0.324593
14912 0.985 0.324592
14913 0.985 0.324576
14914 0.985 0.324546
14915 0.985 0.324503
14916 0.985 0.324481
14917 0.985 0.324452
14918 0.985 0.324419
14919 0.985 0.324381
14920 0.985 0.32434
14921 0.985 0.324318
14922 0.985 0.32429
14923 0.985 0.324258
14924 0.985 0.32422
14925 0.985 0.324179
14926 0.985 0.324134
14927 0.985 0.324109
14928 0.985 0.324103
14929 0.985 0.324112
14930 0.985 0.324137
14931 0.985 0.324151
14932 0.985 0.324155
14933 0.985 0.324152
14934 0.985 0.32414
14935 0.985 0.324122
14936 0.985 0.324122
14937 0.985 0.324114
14938 0.985 0.324098
14939 0.985 0.324076
14940 0.985 0.324049
14941 0.985 0.324016
14942 0.985 0.324003
14943 0.985 0.324006
14944 0.985 0.324025
14945 0.985 0.324034
14946 0.985 0.324058
14947 0.985 0.324095
14948 0.985 0.324144
14949 0.985 0.324204
14950 0.985 0.324242
14951 0.985 0.324261
14952 0.985 0.324294
14953 0.985 0.324338
14954 0.985 0.324395
14955 0.985 0.324437
14956 0.985 0.324468
14957 0.985 0.324488
14958 0.985 0.324498
14959 0.985 0.324522
14960 0.985 0.32456
14961 0.985 0.32461
14962 0.985 0.32467
14963 0.985 0.32474
14964 0.985 0.324819
14965 0.985 0.324906
14966 0.985 0.324968
14967 0.985 0.32504
14968 0.985 0.32512
14969 0.985 0.325176
14970 0.985 0.325211
14971 0.985 0.325235
14972 0.985 0.325249
14973 0.985 0.325253
14974 0.985 0.32525
14975 0.985 0.325238
14976 0.985 0.32522
14977 0.985 0.32522
14978 0.985 0.325235
14979 0.985 0.325265
14980 0.985 0.325307
14981 0.985 0.32536
14982 0.985 0.325401
14983 0.985 0.325429
14984 0.985 0.325447
14985 0.985 0.325455
14986 0.985 0.325454
14987 0.985 0.325446
14988 0.985 0.325431
14989 0.985 0.325409
14990 0.985 0.325405
14991 0.985 0.325394
14992 0.985 0.325376
14993 0.985 0.325352
14994 0.985 0.325322
14995 0.985 0.325288
14996 0.985 0.325249
14997 0.985 0.325198
14998 0.985 0.325137
14999 0.985 0.325066
15000 0.985 0.324987
