14000 0.8713 0.796738
14001 0.871304 0.796775
14002 0.871322 0.796808
14003 0.871354 0.796835
14004 0.871399 0.796858
14005 0.871438 0.796894
14006 0.871459 0.796919
14007 0.871465 0.796934
14008 0.871456 0.796939
14009 0.871435 0.796936
14010 0.871403 0.796926
14011 0.87136 0.796909
14012 0.871308 0.796886
14013 0.871277 0.796864
14014 0.871264 0.796842
14015 0.871268 0.796821
14016 0.871287 0.7968
14017 0.87132 0.79678
14018 0.871365 0.79676
14019 0.871392 0.796734
14020 0.871402 0.796703
14021 0.871399 0.796667
14022 0.871394 0.796651
14023 0.871389 0.796652
14024 0.871382 0.796668
14025 0.871376 0.796698
14026 0.871369 0.79674
14027 0.871361 0.796794
14028 0.871353 0.796858
14029 0.871345 0.796931
14030 0.871336 0.797013
14031 0.871315 0.797078
14032 0.871282 0.797129
14033 0.871268 0.797173
14034 0.871271 0.797212
14035 0.871289 0.797245
14036 0.871321 0.797273
14037 0.871337 0.797291
14038 0.871337 0.797299
14039 0.871323 0.797299
14040 0.871298 0.797291
14041 0.87129 0.797282
14042 0.871299 0.797273
14043 0.871294 0.797256
14044 0.871275 0.797234
14045 0.871274 0.797212
14046 0.871289 0.797191
14047 0.871317 0.797171
14048 0.871359 0.797152
14049 0.871382 0.797126
14050 0.87139 0.797095
14051 0.871413 0.797066
14052 0.871419 0.797032
14053 0.871425 0.797017
14054 0.871428 0.797018
14055 0.871418 0.797012
14056 0.871425 0.797005
14057 0.871446 0.796998
14058 0.87148 0.796989
14059 0.871498 0.796974
14060 0.871501 0.796952
14061 0.87149 0.796924
14062 0.871466 0.796891
14063 0.871444 0.796877
14064 0.871411 0.796857
14065 0.871397 0.796837
14066 0.871399 0.796817
14067 0.871417 0.796798
14068 0.871449 0.796779
14069 0.871492 0.79676
14070 0.871518 0.796735
14071 0.871529 0.796705
14072 0.871537 0.796694
14073 0.871543 0.796699
14074 0.871547 0.796719
14075 0.871567 0.796735
14076 0.871571 0.796742
14077 0.871562 0.79674
14078 0.871552 0.796754
14079 0.871542 0.796782
14080 0.871532 0.796823
14081 0.871523 0.796875
14082 0.871513 0.796938
14083 0.871519 0.796993
14084 0.87154 0.797041
14085 0.871575 0.797082
14086 0.871605 0.797136
14087 0.871631 0.797199
14088 0.871654 0.797272
14089 0.871673 0.797352
14090 0.871689 0.797441
14091 0.87169 0.797513
14092 0.871677 0.797569
14093 0.871652 0.797613
14094 0.871645 0.79765
14095 0.871655 0.797683
14096 0.871679 0.797711
14097 0.871716 0.797735
14098 0.871736 0.797749
14099 0.871769 0.797761
14100 0.871786 0.797763
14101 0.871816 0.797764
14102 0.87183 0.797757
14103 0.871829 0.797744
14104 0.871815 0.797723
14105 0.871801 0.797721
14106 0.871787 0.797734
14107 0.871774 0.797761
14108 0.871777 0.797784
14109 0.871795 0.797804
14110 0.871799 0.797813
14111 0.871817 0.797821
14112 0.871849 0.797826
14113 0.871864 0.797824
14114 0.871864 0.797813
14115 0.87188 0.797803
14116 0.87191 0.797792
14117 0.871923 0.797774
14118 0.871921 0.797751
14119 0.871906 0.797722
14120 0.871892 0.797712
14121 0.871877 0.797718
14122 0.871863 0.797739
14123 0.87185 0.797773
14124 0.871836 0.79782
14125 0.871839 0.79786
14126 0.871858 0.797895
14127 0.87189 0.797926
14128 0.871905 0.797945
14129 0.871906 0.797955
14130 0.871892 0.797957
14131 0.871867 0.79795
14132 0.87183 0.797936
14133 0.871813 0.797923
14134 0.871813 0.79791
14135 0.871829 0.797897
14136 0.871858 0.797884
14137 0.8719 0.797871
14138 0.871925 0.797852
14139 0.871933 0.797827
14140 0.871927 0.797796
14141 0.871937 0.797768
14142 0.871962 0.797741
14143 0.872 0.797716
14144 0.87202 0.797686
14145 0.872025 0.797651
14146 0.872016 0.797612
14147 0.871994 0.797569
14148 0.87199 0.797529
14149 0.872002 0.797492
14150 0.872028 0.797457
14151 0.872051 0.797442
14152 0.87207 0.797443
14153 0.872086 0.79746
14154 0.872099 0.797491
14155 0.872127 0.797517
14156 0.872167 0.79754
14157 0.87219 0.797552
14158 0.872197 0.797556
14159 0.872219 0.797558
14160 0.872254 0.797558
14161 0.872301 0.797557
14162 0.87233 0.797548
14163 0.872342 0.797533
14164 0.872369 0.797518
14165 0.872392 0.79752
14166 0.872412 0.797537
14167 0.872429 0.797568
14168 0.872443 0.797611
14169 0.872454 0.797666
14170 0.872451 0.797707
14171 0.872435 0.797737
14172 0.872436 0.797762
14173 0.872452 0.797784
14174 0.872482 0.797802
14175 0.872496 0.797811
14176 0.872495 0.797811
14177 0.87248 0.797804
14178 0.872482 0.797796
14179 0.8725 0.797788
14180 0.872531 0.797779
14181 0.872575 0.79777
14182 0.872613 0.797777
14183 0.872647 0.7978
14184 0.872663 0.797812
14185 0.872665 0.797815
14186 0.872653 0.79781
14187 0.872628 0.797798
14188 0.872593 0.797779
14189 0.872547 0.797755
14190 0.872522 0.797732
14191 0.872515 0.797709
14192 0.872524 0.797688
14193 0.872547 0.797668
14194 0.872567 0.797665
14195 0.872572 0.797654
14196 0.872563 0.797637
14197 0.872553 0.797638
14198 0.872544 0.797653
14199 0.872522 0.79766
14200 0.872489 0.797658
14201 0.872474 0.797654
14202 0.872477 0.79765
14203 0.872465 0.797638
14204 0.872454 0.797643
14205 0.872443 0.797663
14206 0.872432 0.797697
14207 0.872437 0.797725
14208 0.872428 0.797743
14209 0.872436 0.797758
14210 0.87243 0.797764
14211 0.87241 0.797761
14212 0.872408 0.797757
14213 0.872422 0.797752
14214 0.87245 0.797746
14215 0.872474 0.797756
14216 0.872494 0.797781
14217 0.872499 0.797795
14218 0.87249 0.797801
14219 0.872468 0.797798
14220 0.872464 0.797793
14221 0.872476 0.797788
14222 0.872503 0.797782
14223 0.872542 0.797776
14224 0.872593 0.797768
14225 0.872638 0.797777
14226 0.872677 0.797801
14227 0.872711 0.797837
14228 0.872728 0.797863
14229 0.87273 0.797877
14230 0.872718 0.797883
14231 0.872694 0.79788
14232 0.872659 0.797869
14233 0.872643 0.797859
14234 0.872615 0.797841
14235 0.872577 0.797817
14236 0.872528 0.797788
14237 0.872484 0.797778
14238 0.872443 0.797784
14239 0.872405 0.797805
14240 0.872369 0.797839
14241 0.872336 0.797886
14242 0.872306 0.797943
14243 0.872277 0.79801
14244 0.872238 0.798063
14245 0.872189 0.798103
14246 0.87216 0.798137
14247 0.87215 0.798168
14248 0.872156 0.798194
14249 0.872149 0.798209
14250 0.872128 0.798216
14251 0.872096 0.798214
14252 0.872083 0.798211
14253 0.872087 0.798207
14254 0.872105 0.798202
14255 0.872109 0.798191
14256 0.872098 0.798172
14257 0.872104 0.798155
14258 0.872125 0.798138
14259 0.872131 0.798115
14260 0.872122 0.798087
14261 0.87213 0.79806
14262 0.872152 0.798035
14263 0.872159 0.798004
14264 0.872151 0.797969
14265 0.872131 0.79793
14266 0.8721 0.797887
14267 0.872086 0.797847
14268 0.87209 0.79781
14269 0.872109 0.797776
14270 0.872125 0.79776
14271 0.872138 0.797762
14272 0.872149 0.797779
14273 0.872158 0.797809
14274 0.872152 0.797829
14275 0.872133 0.79784
14276 0.872115 0.797864
14277 0.872085 0.797879
14278 0.872074 0.797891
14279 0.872079 0.797901
14280 0.8721 0.797908
14281 0.872133 0.797914
14282 0.87215 0.797911
14283 0.872152 0.797901
14284 0.87214 0.797884
14285 0.872128 0.797884
14286 0.872116 0.7979
14287 0.872104 0.79793
14288 0.872092 0.797972
14289 0.87208 0.798026
14290 0.872085 0.798073
14291 0.872104 0.798114
14292 0.872138 0.798149
14293 0.872183 0.79818
14294 0.872239 0.798207
14295 0.872277 0.798223
14296 0.872297 0.798229
14297 0.872301 0.798228
14298 0.872292 0.798219
14299 0.87227 0.798203
14300 0.872249 0.798204
14301 0.872245 0.798204
14302 0.872241 0.798219
14303 0.872253 0.798232
14304 0.872263 0.798259
14305 0.872287 0.798283
14306 0.872308 0.798319
14307 0.872325 0.798368
14308 0.872327 0.798404
14309 0.872316 0.798428
14310 0.872292 0.798443
14311 0.872269 0.798471
14312 0.872235 0.798489
14313 0.872191 0.798498
14314 0.872138 0.798498
14315 0.872076 0.79849
14316 0.872036 0.798482
14317 0.872016 0.798474
14318 0.872014 0.798466
14319 0.872027 0.798458
14320 0.872054 0.798449
14321 0.872094 0.798441
14322 0.872117 0.798426
14323 0.872124 0.798404
14324 0.872117 0.798377
14325 0.872126 0.798352
14326 0.872149 0.798328
14327 0.872186 0.798306
14328 0.872218 0.798301
14329 0.872246 0.798313
14330 0.87227 0.798339
14331 0.872291 0.798378
14332 0.872309 0.798428
14333 0.872324 0.79849
14334 0.872337 0.79856
14335 0.872335 0.798616
14336 0.872319 0.798658
14337 0.872292 0.798688
14338 0.872254 0.798707
14339 0.872206 0.798717
14340 0.872179 0.798724
14341 0.87217 0.79873
14342 0.872178 0.798735
14343 0.8722 0.798738
14344 0.872236 0.79874
14345 0.872254 0.798734
14346 0.87227 0.798744
14347 0.872283 0.798769
14348 0.872294 0.798807
14349 0.87232 0.79884
14350 0.872358 0.798869
14351 0.872409 0.798894
14352 0.87244 0.798909
14353 0.872468 0.798939
14354 0.872492 0.79898
14355 0.872513 0.799033
14356 0.872518 0.799073
14357 0.872521 0.799125
14358 0.872511 0.799164
14359 0.872517 0.799198
14360 0.872539 0.799228
14361 0.872574 0.799255
14362 0.87262 0.799278
14363 0.872649 0.799291
14364 0.872661 0.799295
14365 0.872659 0.799291
14366 0.872643 0.799279
14367 0.872644 0.799268
14368 0.872661 0.799258
14369 0.872675 0.799264
14370 0.872687 0.799285
14371 0.872697 0.799319
14372 0.872705 0.799366
14373 0.872699 0.7994
14374 0.87268 0.799423
14375 0.872649 0.799436
14376 0.872637 0.799447
14377 0.872642 0.799456
14378 0.872661 0.799464
14379 0.872666 0.799463
14380 0.872656 0.799454
14381 0.872634 0.799439
14382 0.872629 0.799425
14383 0.872641 0.799411
14384 0.872638 0.799391
14385 0.872621 0.799366
14386 0.872593 0.799335
14387 0.872583 0.799307
14388 0.87259 0.799281
14389 0.872582 0.79925
14390 0.872562 0.799214
14391 0.87253 0.799174
14392 0.872517 0.799138
14393 0.872521 0.799105
14394 0.87254 0.799074
14395 0.872543 0.799039
14396 0.872533 0.799
14397 0.872539 0.798964
14398 0.872544 0.798947
14399 0.872547 0.798947
14400 0.872549 0.798963
14401 0.87255 0.798993
14402 0.872567 0.799019
14403 0.872597 0.799041
14404 0.872611 0.799054
14405 0.87261 0.799058
14406 0.872595 0.799053
14407 0.872569 0.799041
14408 0.872531 0.799023
14409 0.872484 0.798999
14410 0.872457 0.798977
14411 0.872448 0.798955
14412 0.872456 0.798935
14413 0.872478 0.798916
14414 0.872514 0.798898
14415 0.872545 0.798897
14416 0.872573 0.798912
14417 0.872596 0.798941
14418 0.872617 0.798983
14419 0.872622 0.799013
14420 0.872612 0.799032
14421 0.872591 0.799041
14422 0.872587 0.799048
14423 0.872599 0.799054
14424 0.872596 0.799052
14425 0.87258 0.799042
14426 0.872564 0.799049
14427 0.87255 0.79907
14428 0.872552 0.799089
14429 0.872569 0.799104
14430 0.872572 0.799111
14431 0.87256 0.799109
14432 0.872536 0.799099
14433 0.872501 0.799083
14434 0.872485 0.799067
14435 0.872487 0.799052
14436 0.872503 0.799038
14437 0.872534 0.799024
14438 0.872548 0.799004
14439 0.872547 0.798978
14440 0.872533 0.798947
14441 0.872506 0.798911
14442 0.872498 0.798878
14443 0.872506 0.798848
14444 0.872529 0.798819
14445 0.872549 0.798809
14446 0.872565 0.798816
14447 0.87258 0.798837
14448 0.872579 0.798849
14449 0.872565 0.798851
14450 0.872539 0.798846
14451 0.872531 0.79884
14452 0.872539 0.798834
14453 0.872562 0.798827
14454 0.872599 0.798821
14455 0.872618 0.798807
14456 0.872622 0.798787
14457 0.872612 0.798761
14458 0.872602 0.798753
14459 0.872592 0.798762
14460 0.872582 0.798785
14461 0.872572 0.798822
14462 0.872562 0.79887
14463 0.872569 0.798913
14464 0.872591 0.79895
14465 0.872597 0.798976
14466 0.872618 0.798999
14467 0.872623 0.799012
14468 0.872644 0.799022
14469 0.872648 0.799024
14470 0.872639 0.799018
14471 0.872646 0.799012
14472 0.872668 0.799005
14473 0.872703 0.798998
14474 0.872751 0.798991
14475 0.872809 0.798984
14476 0.872861 0.798993
14477 0.872906 0.799017
14478 0.872947 0.799054
14479 0.872982 0.799102
14480 0.873013 0.799162
14481 0.87304 0.799231
14482 0.873051 0.799286
14483 0.873047 0.799327
14484 0.87303 0.799356
14485 0.873002 0.799374
14486 0.872962 0.799383
14487 0.872943 0.79939
14488 0.87294 0.799395
14489 0.872954 0.799399
14490 0.872982 0.799401
14491 0.873023 0.799403
14492 0.873075 0.799403
14493 0.873138 0.799402
14494 0.87318 0.799394
14495 0.873205 0.799378
14496 0.873215 0.799356
14497 0.873209 0.799329
14498 0.873191 0.799296
14499 0.873161 0.799259
14500 0.87312 0.799217
14501 0.873099 0.799179
14502 0.873096 0.799144
14503 0.873109 0.799111
14504 0.873136 0.799081
14505 0.873147 0.799046
14506 0.873143 0.799006
14507 0.873155 0.79897
14508 0.873182 0.798936
14509 0.873222 0.798904
14510 0.873244 0.798868
14511 0.87325 0.798828
14512 0.873255 0.798807
14513 0.873259 0.798804
14514 0.873261 0.798817
14515 0.873263 0.798844
14516 0.873264 0.798884
14517 0.873263 0.798936
14518 0.873262 0.798998
14519 0.873261 0.79907
14520 0.873259 0.79915
14521 0.873256 0.799238
14522 0.873253 0.799333
14523 0.873249 0.799434
14524 0.873245 0.79954
14525 0.87324 0.799652
14526 0.873235 0.799768
14527 0.873217 0.799865
14528 0.873188 0.799944
14529 0.873177 0.800014
14530 0.873182 0.800076
14531 0.873203 0.800131
14532 0.873237 0.80018
14533 0.873284 0.800223
14534 0.873312 0.800254
14535 0.873324 0.800274
14536 0.873321 0.800284
14537 0.873334 0.800292
14538 0.873361 0.800299
14539 0.873372 0.800297
14540 0.873368 0.800288
14541 0.873351 0.800272
14542 0.873322 0.80025
14543 0.873312 0.800229
14544 0.873318 0.800209
14545 0.873339 0.80019
14546 0.873373 0.800172
14547 0.873391 0.800147
14548 0.873393 0.800118
14549 0.873394 0.800107
14550 0.873411 0.800097
14551 0.873442 0.800086
14552 0.873455 0.800068
14553 0.873454 0.800045
14554 0.87344 0.800016
14555 0.873442 0.799989
14556 0.87346 0.799964
14557 0.873462 0.799934
14558 0.873451 0.799899
14559 0.873456 0.799866
14560 0.873447 0.799829
14561 0.873425 0.799789
14562 0.873421 0.799751
14563 0.873433 0.799716
14564 0.87343 0.799677
14565 0.873414 0.799634
14566 0.873385 0.799588
14567 0.873376 0.799546
14568 0.873382 0.799507
14569 0.873404 0.799471
14570 0.87341 0.799431
14571 0.873401 0.799387
14572 0.873409 0.799347
14573 0.873432 0.79931
14574 0.873451 0.799292
14575 0.873485 0.799275
14576 0.873514 0.799275
14577 0.873527 0.799268
14578 0.873538 0.799277
14579 0.873547 0.7993
14580 0.873554 0.799337
14581 0.87356 0.799386
14582 0.873565 0.799445
14583 0.873569 0.799514
14584 0.873559 0.799568
14585 0.873536 0.79961
14586 0.873515 0.799662
14587 0.873495 0.799725
14588 0.873464 0.799774
14589 0.873435 0.799834
14590 0.873409 0.799904
14591 0.873371 0.799958
14592 0.873353 0.800007
14593 0.873352 0.800049
14594 0.873367 0.800086
14595 0.873367 0.800112
14596 0.873353 0.800128
14597 0.873327 0.800134
14598 0.873289 0.800133
14599 0.873242 0.800124
14600 0.873186 0.800109
14601 0.873151 0.800094
14602 0.873135 0.800079
14603 0.873136 0.800065
14604 0.873153 0.800051
14605 0.873184 0.800038
14606 0.873227 0.800025
14607 0.873252 0.800006
14608 0.873261 0.799981
14609 0.873255 0.799951
14610 0.873236 0.799917
14611 0.873205 0.799879
14612 0.873193 0.799843
14613 0.873198 0.79981
14614 0.873218 0.799779
14615 0.873251 0.799751
14616 0.873297 0.799724
14617 0.873325 0.799692
14618 0.873336 0.799656
14619 0.873332 0.799616
14620 0.873315 0.799573
14621 0.873315 0.799533
14622 0.87333 0.799495
14623 0.87336 0.799461
14624 0.873373 0.799422
14625 0.873371 0.79938
14626 0.873356 0.799334
14627 0.873328 0.799286
14628 0.873319 0.799241
14629 0.873327 0.799199
14630 0.873349 0.799161
14631 0.873384 0.799125
14632 0.873432 0.799092
14633 0.87349 0.79906
14634 0.873529 0.799025
14635 0.87355 0.798985
14636 0.873556 0.798941
14637 0.873548 0.798894
14638 0.873539 0.798868
14639 0.873531 0.79886
14640 0.873523 0.798868
14641 0.873516 0.798891
14642 0.873508 0.798927
14643 0.873487 0.798952
14644 0.873455 0.798967
14645 0.873426 0.798996
14646 0.873399 0.799038
14647 0.873361 0.799068
14648 0.873342 0.799093
14649 0.873341 0.799115
14650 0.873355 0.799134
14651 0.873384 0.799149
14652 0.873425 0.799162
14653 0.873449 0.799165
14654 0.873456 0.799161
14655 0.873449 0.799149
14656 0.87343 0.799131
14657 0.873427 0.799114
14658 0.873441 0.799097
14659 0.873469 0.79908
14660 0.87348 0.799058
14661 0.873477 0.79903
14662 0.87346 0.798997
14663 0.873432 0.798959
14664 0.873392 0.798918
14665 0.873372 0.79888
14666 0.87337 0.798844
14667 0.873384 0.79881
14668 0.873411 0.798778
14669 0.873452 0.798748
14670 0.873488 0.798737
14671 0.87352 0.798742
14672 0.873547 0.798763
14673 0.873559 0.798773
14674 0.873556 0.798775
14675 0.873539 0.798769
14676 0.873511 0.798755
14677 0.873485 0.798759
14678 0.873477 0.798761
14679 0.873485 0.798761
14680 0.873509 0.79876
14681 0.873545 0.798757
14682 0.873577 0.79877
14683 0.873605 0.798798
14684 0.87363 0.798838
14685 0.873652 0.79889
14686 0.873658 0.798929
14687 0.87365 0.798957
14688 0.873629 0.798973
14689 0.873597 0.798981
14690 0.873554 0.79898
14691 0.873515 0.798994
14692 0.873479 0.799023
14693 0.873446 0.799065
14694 0.873432 0.799101
14695 0.873435 0.799132
14696 0.873453 0.799159
14697 0.873485 0.799181
14698 0.87353 0.7992
14699 0.873585 0.799215
14700 0.873622 0.799222
14701 0.873641 0.79922
14702 0.873645 0.799211
14703 0.873634 0.799194
14704 0.873611 0.799172
14705 0.873606 0.799151
14706 0.873617 0.79913
14707 0.873642 0.79911
14708 0.873681 0.799091
14709 0.873731 0.799072
14710 0.873763 0.799047
14711 0.873778 0.799017
14712 0.873777 0.798982
14713 0.873764 0.798943
14714 0.873751 0.798924
14715 0.873738 0.798922
14716 0.873727 0.798936
14717 0.873716 0.798964
14718 0.873705 0.799005
14719 0.873695 0.799057
14720 0.873685 0.79912
14721 0.873691 0.799176
14722 0.873713 0.799224
14723 0.873719 0.799259
14724 0.873711 0.799284
14725 0.873689 0.799298
14726 0.873657 0.799303
14727 0.873614 0.799299
14728 0.873561 0.799289
14729 0.87353 0.799278
14730 0.873517 0.799267
14731 0.873521 0.799255
14732 0.873511 0.799237
14733 0.873518 0.79922
14734 0.87351 0.799197
14735 0.873489 0.799168
14736 0.873486 0.799141
14737 0.873499 0.799115
14738 0.873526 0.799091
14739 0.87355 0.799085
14740 0.873558 0.799072
14741 0.873551 0.799052
14742 0.873532 0.799027
14743 0.8735 0.798996
14744 0.873488 0.798968
14745 0.873492 0.79894
14746 0.873511 0.798915
14747 0.873528 0.798907
14748 0.873542 0.798916
14749 0.873554 0.798939
14750 0.873564 0.798976
14751 0.873559 0.799002
14752 0.873541 0.799017
14753 0.873512 0.799023
14754 0.873472 0.799021
14755 0.873451 0.799017
14756 0.873448 0.799013
14757 0.873461 0.799008
14758 0.873488 0.799002
14759 0.873528 0.798995
14760 0.87358 0.798987
14761 0.873613 0.798973
14762 0.873629 0.798952
14763 0.873629 0.798926
14764 0.873617 0.798894
14765 0.873591 0.798858
14766 0.873584 0.798824
14767 0.873577 0.798809
14768 0.87357 0.798811
14769 0.873563 0.798829
14770 0.873556 0.79886
14771 0.873549 0.798904
14772 0.873558 0.798942
14773 0.873566 0.798992
14774 0.873572 0.799053
14775 0.873577 0.799123
14776 0.87358 0.799201
14777 0.873599 0.799271
14778 0.873632 0.799332
14779 0.873648 0.799379
14780 0.873648 0.799414
14781 0.873635 0.799437
14782 0.873623 0.799474
14783 0.873627 0.799506
14784 0.873647 0.799533
14785 0.873651 0.79955
14786 0.873641 0.799557
14787 0.873648 0.799563
14788 0.873669 0.799566
14789 0.873675 0.799562
14790 0.873696 0.799556
14791 0.87373 0.79955
14792 0.873777 0.799543
14793 0.873805 0.799529
14794 0.873817 0.799509
14795 0.873814 0.799483
14796 0.873798 0.799452
14797 0.873798 0.799423
14798 0.873815 0.799395
14799 0.873845 0.799369
14800 0.873859 0.799337
14801 0.873858 0.799302
14802 0.873843 0.799262
14803 0.873845 0.799224
14804 0.873847 0.799206
14805 0.873848 0.799206
14806 0.873848 0.799221
14807 0.873834 0.799227
14808 0.873808 0.799225
14809 0.873771 0.799215
14810 0.873753 0.799205
14811 0.873753 0.799194
14812 0.873768 0.799183
14813 0.873782 0.799189
14814 0.873793 0.799209
14815 0.873802 0.799244
14816 0.873811 0.79929
14817 0.873804 0.799325
14818 0.873814 0.799354
14819 0.873838 0.799379
14820 0.873876 0.7994
14821 0.873925 0.799417
14822 0.873956 0.799425
14823 0.87397 0.799424
14824 0.873969 0.799416
14825 0.873954 0.799401
14826 0.873956 0.799387
14827 0.873974 0.799372
14828 0.874005 0.799357
14829 0.874049 0.799343
14830 0.874075 0.799322
14831 0.874114 0.799302
14832 0.874165 0.799282
14833 0.874226 0.799263
14834 0.874297 0.799245
14835 0.874376 0.799227
14836 0.874433 0.799204
14837 0.874472 0.799175
14838 0.874492 0.799142
14839 0.874497 0.799104
14840 0.874517 0.799069
14841 0.87455 0.799036
14842 0.87458 0.799022
14843 0.874606 0.799025
14844 0.874629 0.799043
14845 0.874649 0.799076
14846 0.874667 0.79912
14847 0.874683 0.799176
14848 0.874696 0.799242
14849 0.874694 0.799294
14850 0.874679 0.799333
14851 0.874652 0.799361
14852 0.874643 0.799385
14853 0.87465 0.799405
14854 0.874672 0.799422
14855 0.874679 0.79943
14856 0.874671 0.79943
14857 0.874679 0.799428
14858 0.874702 0.799426
14859 0.874739 0.799422
14860 0.874758 0.799412
14861 0.874761 0.799395
14862 0.874763 0.799395
14863 0.874765 0.799411
14864 0.874767 0.799441
14865 0.874767 0.799484
14866 0.874767 0.799538
14867 0.874767 0.799603
14868 0.874766 0.799676
14869 0.874765 0.799758
14870 0.874764 0.799848
14871 0.874749 0.799921
14872 0.874721 0.799979
14873 0.874683 0.800024
14874 0.874634 0.800057
14875 0.874606 0.800086
14876 0.874597 0.800111
14877 0.874604 0.800132
14878 0.874626 0.800149
14879 0.874661 0.800164
14880 0.874692 0.800192
14881 0.874707 0.800211
14882 0.874719 0.800243
14883 0.874717 0.800265
14884 0.874701 0.800277
14885 0.874686 0.800304
14886 0.874688 0.800327
14887 0.874705 0.800346
14888 0.874737 0.800362
14889 0.874781 0.800376
14890 0.874806 0.80038
14891 0.874816 0.800377
14892 0.87481 0.800367
14893 0.874821 0.800356
14894 0.874846 0.800346
14895 0.874855 0.800329
14896 0.874879 0.800312
14897 0.874886 0.80029
14898 0.874908 0.800269
14899 0.874914 0.800243
14900 0.874906 0.800212
14901 0.874914 0.800183
14902 0.874938 0.800155
14903 0.874974 0.800129
14904 0.875022 0.800105
14905 0.875052 0.800075
14906 0.875065 0.800042
14907 0.875092 0.80001
14908 0.875103 0.799974
14909 0.875099 0.799934
14910 0.875081 0.799891
14911 0.875081 0.799851
14912 0.875097 0.799814
14913 0.875127 0.799779
14914 0.875153 0.799764
14915 0.875192 0.799749
14916 0.875214 0.799728
14917 0.875249 0.799708
14918 0.875296 0.799689
14919 0.875354 0.799671
14920 0.875393 0.799647
14921 0.875414 0.799618
14922 0.875419 0.799584
14923 0.87541 0.799547
14924 0.875417 0.799512
14925 0.875439 0.799479
14926 0.875459 0.799466
14927 0.875476 0.799469
14928 0.875492 0.799487
14929 0.875506 0.79952
14930 0.875519 0.799565
14931 0.87553 0.799621
14932 0.875539 0.799687
14933 0.875548 0.799762
14934 0.875556 0.799845
14935 0.875562 0.799936
14936 0.875568 0.800034
14937 0.875573 0.800137
14938 0.875578 0.800245
14939 0.875582 0.800359
14940 0.875585 0.800477
14941 0.875588 0.800598
14942 0.875591 0.800723
14943 0.875579 0.800829
14944 0.875555 0.800916
14945 0.875519 0.800987
14946 0.875503 0.80105
14947 0.875504 0.801106
14948 0.87552 0.801155
14949 0.87555 0.801199
14950 0.875564 0.801231
14951 0.875562 0.801252
14952 0.875576 0.80127
14953 0.875575 0.801279
14954 0.875589 0.801286
14955 0.875589 0.801286
14956 0.875603 0.801284
14957 0.875632 0.801282
14958 0.875674 0.801279
14959 0.875698 0.801269
14960 0.875735 0.801259
14961 0.875784 0.801249
14962 0.875814 0.801233
14963 0.875827 0.801212
14964 0.875855 0.801192
14965 0.875895 0.801172
14966 0.875917 0.801148
14967 0.875924 0.801119
14968 0.875945 0.801091
14969 0.87598 0.801066
14970 0.876027 0.801042
14971 0.876085 0.80102
14972 0.876123 0.800993
14973 0.876144 0.800961
14974 0.876149 0.800925
14975 0.876139 0.800885
14976 0.876117 0.800841
14977 0.876083 0.800795
14978 0.876038 0.800746
14979 0.875984 0.800694
14980 0.875952 0.800647
14981 0.875938 0.800603
14982 0.875941 0.800563
14983 0.87596 0.800526
14984 0.875992 0.800491
14985 0.876007 0.800452
14986 0.876021 0.800433
14987 0.876033 0.800431
14988 0.876044 0.800445
14989 0.876054 0.800474
14990 0.876062 0.800515
14991 0.87607 0.800569
14992 0.876077 0.800632
14993 0.876069 0.800682
14994 0.876049 0.800719
14995 0.876016 0.800745
14996 0.876003 0.800767
14997 0.876006 0.800786
14998 0.876025 0.800802
14999 0.876057 0.800815
15000 0.876102 0.800825
