14000 0.866937 0.861791
14001 0.866921 0.861839
14002 0.866905 0.861897
14003 0.866888 0.861935
14004 0.86687 0.861954
14005 0.86685 0.861957
14006 0.86683 0.861945
14007 0.86681 0.861949
14008 0.866792 0.861967
14009 0.866772 0.861969
14010 0.866751 0.861956
14011 0.866729 0.86193
14012 0.866707 0.861891
14013 0.866683 0.861842
14014 0.866661 0.861813
14015 0.86664 0.861801
14016 0.86662 0.861806
14017 0.866601 0.861825
14018 0.866599 0.861841
14019 0.866612 0.861855
14020 0.866639 0.861867
14021 0.866678 0.861876
14022 0.866728 0.861884
14023 0.866788 0.86189
14024 0.866857 0.861895
14025 0.866916 0.861884
14026 0.866968 0.86189
14027 0.867014 0.86191
14028 0.867054 0.861942
14029 0.867087 0.861957
14030 0.867116 0.861986
14031 0.867142 0.862026
14032 0.867161 0.862048
14033 0.867176 0.862053
14034 0.867188 0.862072
14035 0.867199 0.862104
14036 0.867205 0.862119
14037 0.867208 0.862117
14038 0.867207 0.862101
14039 0.867204 0.862071
14040 0.867198 0.86203
14041 0.86719 0.861978
14042 0.86718 0.861916
14043 0.86717 0.861875
14044 0.86716 0.861854
14045 0.86715 0.86185
14046 0.86714 0.861861
14047 0.867128 0.861856
14048 0.867114 0.861837
14049 0.867099 0.861806
14050 0.867083 0.861762
14051 0.867066 0.861708
14052 0.867049 0.861674
14053 0.867033 0.861659
14054 0.867017 0.861661
14055 0.867002 0.861677
14056 0.866988 0.861707
14057 0.866973 0.861748
14058 0.866958 0.861771
14059 0.866941 0.861777
14060 0.866924 0.861767
14061 0.866905 0.861744
14062 0.866885 0.861708
14063 0.866865 0.86166
14064 0.866844 0.861603
14065 0.866822 0.861536
14066 0.8668 0.861462
14067 0.866779 0.86141
14068 0.866759 0.861378
14069 0.86674 0.861364
14070 0.866721 0.861367
14071 0.866704 0.861384
14072 0.866685 0.861385
14073 0.866666 0.861371
14074 0.866647 0.861374
14075 0.866629 0.861391
14076 0.866612 0.861421
14077 0.866593 0.861434
14078 0.866576 0.86146
14079 0.866559 0.861499
14080 0.866542 0.861549
14081 0.866524 0.861579
14082 0.866507 0.861621
14083 0.866491 0.861674
14084 0.866475 0.861737
14085 0.866458 0.861779
14086 0.866439 0.861801
14087 0.86642 0.861807
14088 0.8664 0.861797
14089 0.866381 0.861803
14090 0.866362 0.861824
14091 0.866344 0.861857
14092 0.866325 0.861873
14093 0.866306 0.861871
14094 0.866285 0.861856
14095 0.866263 0.861826
14096 0.866241 0.861785
14097 0.86622 0.861763
14098 0.8662 0.861759
14099 0.86618 0.86177
14100 0.866161 0.861795
14101 0.866143 0.861832
14102 0.866123 0.861851
14103 0.866103 0.861854
14104 0.866082 0.861841
14105 0.86606 0.861814
14106 0.866037 0.861775
14107 0.866016 0.861755
14108 0.865995 0.861753
14109 0.865975 0.861765
14110 0.865955 0.861792
14111 0.865936 0.861831
14112 0.865918 0.861881
14113 0.8659 0.861942
14114 0.865882 0.862011
14115 0.865863 0.862059
14116 0.865843 0.862087
14117 0.865822 0.862097
14118 0.865801 0.862091
14119 0.865778 0.862071
14120 0.865755 0.862039
14121 0.86573 0.861994
14122 0.865707 0.86197
14123 0.865685 0.861962
14124 0.865664 0.861971
14125 0.865643 0.861994
14126 0.865623 0.862029
14127 0.865603 0.862077
14128 0.865584 0.862134
14129 0.865565 0.862201
14130 0.865545 0.862246
14131 0.865524 0.862272
14132 0.865502 0.862281
14133 0.865479 0.862274
14134 0.865456 0.862252
14135 0.865449 0.862233
14136 0.865459 0.862215
14137 0.865483 0.862198
14138 0.865519 0.862182
14139 0.865549 0.862153
14140 0.865573 0.862112
14141 0.865591 0.862061
14142 0.865604 0.861999
14143 0.865613 0.861929
14144 0.865619 0.861852
14145 0.865622 0.861797
14146 0.865623 0.861762
14147 0.865623 0.861746
14148 0.865621 0.861747
14149 0.865618 0.861763
14150 0.865612 0.861762
14151 0.865604 0.861746
14152 0.865594 0.861718
14153 0.865582 0.861677
14154 0.865569 0.861655
14155 0.865557 0.861651
14156 0.865544 0.861662
14157 0.865529 0.861657
14158 0.865513 0.861638
14159 0.865496 0.861605
14160 0.865479 0.861592
14161 0.865461 0.861594
14162 0.865443 0.861582
14163 0.865425 0.861585
14164 0.865406 0.861574
14165 0.865387 0.861578
14166 0.865368 0.861598
14167 0.86535 0.86163
14168 0.865331 0.861675
14169 0.865312 0.861699
14170 0.865293 0.861737
14171 0.865272 0.861756
14172 0.865252 0.861788
14173 0.865231 0.861802
14174 0.865211 0.86183
14175 0.865207 0.861854
14176 0.86522 0.861876
14177 0.865246 0.861894
14178 0.865284 0.86191
14179 0.865334 0.861924
14180 0.865394 0.861936
14181 0.865463 0.861946
14182 0.865541 0.861955
14183 0.865607 0.861948
14184 0.865665 0.861926
14185 0.865714 0.861922
14186 0.865756 0.861904
14187 0.865791 0.861872
14188 0.865821 0.861859
14189 0.865845 0.861832
14190 0.865864 0.861793
14191 0.865877 0.861742
14192 0.865888 0.861712
14193 0.865897 0.861701
14194 0.865903 0.861705
14195 0.865906 0.861724
14196 0.865907 0.861726
14197 0.865904 0.861713
14198 0.865901 0.861717
14199 0.865896 0.861735
14200 0.865888 0.861736
14201 0.865879 0.861723
14202 0.865869 0.861726
14203 0.865858 0.861743
14204 0.865847 0.861774
14205 0.865836 0.861817
14206 0.865822 0.861841
14207 0.865807 0.861848
14208 0.865792 0.861869
14209 0.865777 0.861903
14210 0.865762 0.861948
14211 0.865745 0.861975
14212 0.865728 0.861983
14213 0.865708 0.861976
14214 0.865688 0.861955
14215 0.865669 0.861951
14216 0.865649 0.861963
14217 0.86563 0.861988
14218 0.865611 0.862026
14219 0.86561 0.862059
14220 0.865623 0.862089
14221 0.865651 0.862115
14222 0.86569 0.862137
14223 0.865741 0.862157
14224 0.865802 0.862174
14225 0.865872 0.862188
14226 0.86595 0.862201
14227 0.866035 0.862211
14228 0.866109 0.862206
14229 0.866173 0.862186
14230 0.866227 0.862154
14231 0.866273 0.86211
14232 0.866312 0.862085
14233 0.866347 0.862078
14234 0.866375 0.862057
14235 0.866398 0.862053
14236 0.866417 0.862035
14237 0.866432 0.862033
14238 0.866444 0.862047
14239 0.866453 0.862044
14240 0.866457 0.862027
14241 0.86646 0.862027
14242 0.866461 0.862041
14243 0.866461 0.86207
14244 0.866459 0.86211
14245 0.866456 0.862162
14246 0.866452 0.862224
14247 0.866446 0.862264
14248 0.866437 0.862286
14249 0.866427 0.86229
14250 0.866415 0.862279
14251 0.866401 0.862254
14252 0.866386 0.862217
14253 0.86637 0.862168
14254 0.866352 0.862109
14255 0.866334 0.862041
14256 0.866314 0.861965
14257 0.866295 0.861912
14258 0.866277 0.861879
14259 0.866259 0.861865
14260 0.866242 0.861867
14261 0.866225 0.861884
14262 0.866208 0.861915
14263 0.866191 0.861958
14264 0.866173 0.861981
14265 0.866155 0.861987
14266 0.866135 0.861978
14267 0.866114 0.861955
14268 0.866093 0.861919
14269 0.866089 0.861886
14270 0.8661 0.861856
14271 0.866109 0.861844
14272 0.866116 0.861848
14273 0.86612 0.861867
14274 0.866123 0.861899
14275 0.866124 0.861943
14276 0.86614 0.861983
14277 0.866151 0.862003
14278 0.866159 0.862006
14279 0.866163 0.861994
14280 0.866164 0.861968
14281 0.866162 0.86193
14282 0.866157 0.861881
14283 0.86615 0.861822
14284 0.866141 0.861753
14285 0.866131 0.861707
14286 0.866121 0.86168
14287 0.86611 0.861672
14288 0.866099 0.861679
14289 0.866088 0.861701
14290 0.866076 0.861736
14291 0.866065 0.861782
14292 0.866053 0.861839
14293 0.86604 0.861906
14294 0.866028 0.861981
14295 0.866015 0.862064
14296 0.866 0.862123
14297 0.865984 0.862162
14298 0.865967 0.862182
14299 0.865949 0.862184
14300 0.865929 0.862172
14301 0.865927 0.86216
14302 0.86594 0.862149
14303 0.865967 0.862139
14304 0.866007 0.862129
14305 0.866057 0.862119
14306 0.866118 0.86211
14307 0.866172 0.862117
14308 0.866218 0.862139
14309 0.866259 0.862173
14310 0.866294 0.862219
14311 0.866324 0.862276
14312 0.86635 0.862342
14313 0.86637 0.862387
14314 0.866385 0.862412
14315 0.866396 0.86242
14316 0.866403 0.862412
14317 0.866407 0.86239
14318 0.866407 0.862355
14319 0.866405 0.862308
14320 0.8664 0.862251
14321 0.866393 0.862185
14322 0.866385 0.862141
14323 0.866376 0.862116
14324 0.866367 0.862109
14325 0.866358 0.862118
14326 0.866347 0.86211
14327 0.866334 0.862089
14328 0.86632 0.862055
14329 0.866305 0.862039
14330 0.866291 0.86204
14331 0.866277 0.862057
14332 0.866262 0.862086
14333 0.866248 0.862128
14334 0.866234 0.862181
14335 0.866218 0.862214
14336 0.866202 0.862228
14337 0.866184 0.862226
14338 0.866166 0.862209
14339 0.866146 0.862179
14340 0.866128 0.862167
14341 0.866109 0.862171
14342 0.86609 0.86216
14343 0.86607 0.862134
14344 0.86605 0.862097
14345 0.86603 0.862078
14346 0.866011 0.862076
14347 0.865992 0.86209
14348 0.865973 0.862118
14349 0.865955 0.862158
14350 0.865936 0.862179
14351 0.865916 0.862183
14352 0.865895 0.862171
14353 0.865875 0.862176
14354 0.865856 0.862196
14355 0.865836 0.862229
14356 0.865817 0.862273
14357 0.865799 0.862329
14358 0.86578 0.862395
14359 0.865761 0.862438
14360 0.865741 0.862462
14361 0.86572 0.862469
14362 0.865698 0.86246
14363 0.865676 0.862437
14364 0.865655 0.862431
14365 0.865633 0.862441
14366 0.865612 0.862435
14367 0.865589 0.862415
14368 0.865566 0.862381
14369 0.865543 0.862336
14370 0.86552 0.86231
14371 0.865498 0.862303
14372 0.865476 0.862311
14373 0.865455 0.862334
14374 0.865434 0.86237
14375 0.865413 0.862417
14376 0.865393 0.862475
14377 0.865372 0.862513
14378 0.86535 0.862531
14379 0.865328 0.862532
14380 0.865305 0.862518
14381 0.865281 0.862491
14382 0.865258 0.862451
14383 0.865234 0.86243
14384 0.865211 0.862426
14385 0.865189 0.862439
14386 0.865167 0.862465
14387 0.865145 0.862473
14388 0.865122 0.862466
14389 0.865099 0.862444
14390 0.865075 0.862409
14391 0.86505 0.862363
14392 0.865026 0.862306
14393 0.865001 0.862239
14394 0.864976 0.862164
14395 0.86495 0.862082
14396 0.864924 0.861993
14397 0.864899 0.861927
14398 0.864875 0.861884
14399 0.864851 0.86186
14400 0.864828 0.861854
14401 0.864805 0.861864
14402 0.864783 0.861888
14403 0.864761 0.861925
14404 0.864739 0.861973
14405 0.864717 0.862032
14406 0.864695 0.86207
14407 0.864673 0.862089
14408 0.864649 0.862091
14409 0.864625 0.862078
14410 0.864601 0.862051
14411 0.864576 0.862011
14412 0.864551 0.861961
14413 0.864527 0.861931
14414 0.864503 0.861918
14415 0.864479 0.861923
14416 0.864456 0.861942
14417 0.864433 0.861975
14418 0.864411 0.862019
14419 0.864389 0.862074
14420 0.864367 0.862139
14421 0.864345 0.862213
14422 0.864322 0.862264
14423 0.864299 0.862295
14424 0.864275 0.862308
14425 0.86425 0.862305
14426 0.864225 0.862287
14427 0.8642 0.862286
14428 0.864176 0.8623
14429 0.864152 0.862328
14430 0.864128 0.862369
14431 0.864105 0.86242
14432 0.864081 0.862451
14433 0.864057 0.862465
14434 0.864031 0.862462
14435 0.864005 0.862444
14436 0.863979 0.862413
14437 0.863952 0.86237
14438 0.863925 0.862317
14439 0.863897 0.862254
14440 0.863887 0.862196
14441 0.863894 0.862145
14442 0.863915 0.862097
14443 0.863949 0.862054
14444 0.863996 0.862015
14445 0.864035 0.861995
14446 0.864069 0.861992
14447 0.864097 0.862005
14448 0.86412 0.862031
14449 0.864139 0.86207
14450 0.864171 0.862105
14451 0.864216 0.862135
14452 0.864271 0.862162
14453 0.864336 0.862186
14454 0.86441 0.862207
14455 0.864492 0.862226
14456 0.86458 0.862242
14457 0.864657 0.862242
14458 0.864724 0.862226
14459 0.864781 0.862197
14460 0.864829 0.862156
14461 0.864869 0.862104
14462 0.864904 0.862073
14463 0.864933 0.862059
14464 0.864957 0.862063
14465 0.864977 0.862081
14466 0.864994 0.862113
14467 0.865007 0.862157
14468 0.865016 0.862211
14469 0.865023 0.862276
14470 0.865026 0.862319
14471 0.865026 0.862342
14472 0.865023 0.862348
14473 0.865018 0.862339
14474 0.865009 0.862315
14475 0.864999 0.862279
14476 0.864988 0.862262
14477 0.864976 0.862261
14478 0.864963 0.862276
14479 0.86495 0.862304
14480 0.864936 0.862345
14481 0.864922 0.862397
14482 0.864907 0.862459
14483 0.864891 0.86253
14484 0.864875 0.862609
14485 0.864858 0.862665
14486 0.864839 0.862701
14487 0.86482 0.862718
14488 0.864799 0.862718
14489 0.864778 0.862703
14490 0.864755 0.862675
14491 0.864732 0.862634
14492 0.864708 0.862583
14493 0.864685 0.862552
14494 0.864662 0.862539
14495 0.864639 0.862542
14496 0.864616 0.862561
14497 0.864593 0.862562
14498 0.864569 0.862548
14499 0.864544 0.862521
14500 0.864519 0.862482
14501 0.864493 0.862431
14502 0.864467 0.86237
14503 0.864442 0.862331
14504 0.864417 0.862311
14505 0.864392 0.862307
14506 0.864367 0.86229
14507 0.864341 0.862259
14508 0.864315 0.862216
14509 0.864289 0.862162
14510 0.864262 0.862099
14511 0.864235 0.862027
14512 0.864209 0.861977
14513 0.864182 0.861948
14514 0.864157 0.861936
14515 0.864132 0.861941
14516 0.864107 0.861961
14517 0.864082 0.861993
14518 0.864058 0.862038
14519 0.864034 0.862093
14520 0.86401 0.862158
14521 0.863986 0.862232
14522 0.863962 0.862313
14523 0.863939 0.862402
14524 0.863915 0.862497
14525 0.863892 0.862597
14526 0.863869 0.862703
14527 0.863844 0.862783
14528 0.86382 0.86284
14529 0.863794 0.862877
14530 0.863768 0.862894
14531 0.863742 0.862925
14532 0.863716 0.862969
14533 0.863691 0.863023
14534 0.863665 0.863056
14535 0.863638 0.863071
14536 0.863611 0.86307
14537 0.863584 0.863084
14538 0.863557 0.863112
14539 0.863549 0.863136
14540 0.863556 0.863158
14541 0.863579 0.863177
14542 0.863595 0.863179
14543 0.863607 0.863165
14544 0.863614 0.863139
14545 0.863617 0.8631
14546 0.863617 0.863079
14547 0.863615 0.863077
14548 0.86361 0.863059
14549 0.863602 0.863028
14550 0.863593 0.863016
14551 0.863582 0.863019
14552 0.86357 0.863038
14553 0.863555 0.86304
14554 0.863539 0.863027
14555 0.863521 0.863
14556 0.863502 0.862991
14557 0.8635 0.862982
14558 0.863514 0.862974
14559 0.863542 0.862965
14560 0.863582 0.862958
14561 0.863634 0.86295
14562 0.863696 0.862943
14563 0.863766 0.862936
14564 0.863845 0.862929
14565 0.863932 0.862923
14566 0.864006 0.862902
14567 0.86407 0.862868
14568 0.864124 0.862823
14569 0.864169 0.862767
14570 0.864206 0.862703
14571 0.864236 0.862629
14572 0.864279 0.862563
14573 0.864333 0.862502
14574 0.864379 0.862463
14575 0.864418 0.862443
14576 0.864451 0.86244
14577 0.864478 0.862453
14578 0.864501 0.862479
14579 0.864519 0.862518
14580 0.864534 0.862568
14581 0.864544 0.862628
14582 0.864552 0.862697
14583 0.864556 0.862775
14584 0.864557 0.86283
14585 0.864555 0.862864
14586 0.86455 0.86288
14587 0.864542 0.86288
14588 0.864532 0.862894
14589 0.864522 0.862923
14590 0.86451 0.862963
14591 0.864498 0.863015
14592 0.864484 0.863077
14593 0.86447 0.863148
14594 0.864455 0.863227
14595 0.864438 0.863283
14596 0.86442 0.863318
14597 0.8644 0.863335
14598 0.864379 0.863336
14599 0.864356 0.863321
14600 0.864351 0.863307
14601 0.864362 0.863294
14602 0.864387 0.863282
14603 0.864425 0.863271
14604 0.864457 0.863275
14605 0.864484 0.863295
14606 0.864506 0.863327
14607 0.864524 0.863372
14608 0.864555 0.863412
14609 0.86458 0.863432
14610 0.864598 0.863436
14611 0.864612 0.863425
14612 0.864621 0.863399
14613 0.864644 0.863376
14614 0.86468 0.863355
14615 0.864728 0.863335
14616 0.864786 0.863317
14617 0.864854 0.8633
14618 0.864911 0.86327
14619 0.86496 0.863228
14620 0.865 0.863176
14621 0.865033 0.863113
14622 0.86506 0.863042
14623 0.865081 0.862964
14624 0.865097 0.862908
14625 0.86511 0.862873
14626 0.86512 0.862856
14627 0.865127 0.862857
14628 0.86513 0.862842
14629 0.865129 0.862814
14630 0.865125 0.862774
14631 0.865119 0.862723
14632 0.865109 0.862662
14633 0.865098 0.862593
14634 0.865084 0.862515
14635 0.86507 0.86246
14636 0.865055 0.862426
14637 0.86504 0.862411
14638 0.865024 0.862412
14639 0.865008 0.862428
14640 0.864991 0.862457
14641 0.864974 0.862499
14642 0.864957 0.862552
14643 0.864938 0.862584
14644 0.864918 0.862598
14645 0.864897 0.862596
14646 0.864875 0.86261
14647 0.864854 0.862637
14648 0.864832 0.862646
14649 0.864809 0.86264
14650 0.864785 0.862619
14651 0.864761 0.862616
14652 0.864738 0.862628
14653 0.864715 0.862653
14654 0.864692 0.862692
14655 0.864668 0.862712
14656 0.864643 0.862714
14657 0.864618 0.862702
14658 0.864592 0.862676
14659 0.864565 0.862638
14660 0.864539 0.862618
14661 0.864513 0.862616
14662 0.864488 0.862629
14663 0.864463 0.862656
14664 0.864437 0.862665
14665 0.864411 0.862658
14666 0.864384 0.862637
14667 0.864375 0.862618
14668 0.864381 0.8626
14669 0.864384 0.862569
14670 0.864402 0.86254
14671 0.864414 0.8625
14672 0.864441 0.862462
14673 0.864463 0.862444
14674 0.86448 0.862442
14675 0.864493 0.862455
14676 0.864503 0.862483
14677 0.86451 0.862522
14678 0.864531 0.862557
14679 0.864566 0.862587
14680 0.864612 0.862614
14681 0.864668 0.862637
14682 0.864735 0.862658
14683 0.864791 0.862661
14684 0.864838 0.862649
14685 0.864878 0.862654
14686 0.864913 0.862673
14687 0.864941 0.862705
14688 0.864965 0.862749
14689 0.864985 0.862804
14690 0.865 0.862868
14691 0.865011 0.862911
14692 0.865017 0.862935
14693 0.865021 0.862972
14694 0.865022 0.863019
14695 0.86502 0.863048
14696 0.865015 0.863058
14697 0.865007 0.863053
14698 0.864997 0.863034
14699 0.864985 0.863031
14700 0.864973 0.863044
14701 0.864959 0.863041
14702 0.864943 0.863023
14703 0.864925 0.862992
14704 0.864905 0.86295
14705 0.864885 0.862926
14706 0.864866 0.862921
14707 0.864846 0.86293
14708 0.864843 0.862938
14709 0.864856 0.862945
14710 0.864883 0.86295
14711 0.864903 0.86294
14712 0.864919 0.862916
14713 0.864929 0.86288
14714 0.864954 0.862846
14715 0.864991 0.862815
14716 0.865022 0.862803
14717 0.865048 0.862806
14718 0.86507 0.862824
14719 0.865087 0.862856
14720 0.865101 0.862899
14721 0.865111 0.862953
14722 0.865118 0.863017
14723 0.865123 0.863089
14724 0.865125 0.863169
14725 0.865123 0.863227
14726 0.865119 0.863263
14727 0.865111 0.863282
14728 0.865119 0.863298
14729 0.865124 0.863297
14730 0.865124 0.863282
14731 0.865121 0.863253
14732 0.865115 0.863213
14733 0.865107 0.863161
14734 0.865096 0.8631
14735 0.865101 0.863045
14736 0.865121 0.862994
14737 0.865135 0.862934
14738 0.865164 0.862879
14739 0.865187 0.862845
14740 0.865206 0.862829
14741 0.865221 0.86283
14742 0.865233 0.862846
14743 0.865242 0.862875
14744 0.865246 0.862887
14745 0.865247 0.862882
14746 0.865245 0.862863
14747 0.86524 0.862832
14748 0.865232 0.862788
14749 0.865221 0.862734
14750 0.865209 0.86267
14751 0.865195 0.862628
14752 0.865181 0.862605
14753 0.865167 0.8626
14754 0.865152 0.86261
14755 0.865136 0.862634
14756 0.865121 0.862671
14757 0.865104 0.86272
14758 0.865088 0.862778
14759 0.865069 0.862816
14760 0.86505 0.862835
14761 0.865029 0.862838
14762 0.865007 0.862825
14763 0.864984 0.862799
14764 0.86496 0.86276
14765 0.864935 0.862711
14766 0.864909 0.862652
14767 0.864884 0.862613
14768 0.864859 0.862594
14769 0.864835 0.862591
14770 0.864811 0.862604
14771 0.864788 0.86263
14772 0.864764 0.862669
14773 0.864741 0.862719
14774 0.864719 0.86278
14775 0.864696 0.862849
14776 0.864673 0.862926
14777 0.864651 0.863011
14778 0.864628 0.863072
14779 0.864603 0.863112
14780 0.864578 0.863134
14781 0.864552 0.863138
14782 0.864544 0.863141
14783 0.864552 0.863144
14784 0.864556 0.863131
14785 0.864556 0.863105
14786 0.864553 0.863066
14787 0.864547 0.863017
14788 0.864538 0.862957
14789 0.864528 0.862919
14790 0.864517 0.8629
14791 0.864505 0.862897
14792 0.864492 0.86291
14793 0.864477 0.862937
14794 0.864461 0.862946
14795 0.864444 0.862939
14796 0.864424 0.862918
14797 0.864403 0.862885
14798 0.864381 0.86284
14799 0.864359 0.862814
14800 0.864337 0.862806
14801 0.864314 0.862784
14802 0.864308 0.862764
14803 0.864318 0.862744
14804 0.864343 0.862727
14805 0.864361 0.862696
14806 0.864376 0.862683
14807 0.864386 0.862686
14808 0.864394 0.862705
14809 0.864398 0.862736
14810 0.8644 0.86278
14811 0.864398 0.862804
14812 0.864393 0.862811
14813 0.864385 0.862802
14814 0.864374 0.86278
14815 0.864362 0.862775
14816 0.864349 0.862785
14817 0.864336 0.862809
14818 0.864321 0.862846
14819 0.864305 0.862895
14820 0.864289 0.862953
14821 0.864272 0.863021
14822 0.864254 0.863067
14823 0.864233 0.863094
14824 0.864211 0.863103
14825 0.864207 0.863111
14826 0.864218 0.863117
14827 0.864243 0.863122
14828 0.864281 0.863126
14829 0.864331 0.863128
14830 0.86439 0.86313
14831 0.864459 0.863131
14832 0.864537 0.863131
14833 0.864621 0.863131
14834 0.864713 0.86313
14835 0.864811 0.863128
14836 0.864914 0.863126
14837 0.865022 0.863124
14838 0.865134 0.863121
14839 0.865251 0.863118
14840 0.865371 0.863115
14841 0.865475 0.863097
14842 0.865566 0.863066
14843 0.865645 0.863024
14844 0.865712 0.862971
14845 0.865769 0.862908
14846 0.865818 0.862837
14847 0.865859 0.862788
14848 0.865894 0.862759
14849 0.865924 0.862748
14850 0.865948 0.862753
14851 0.865968 0.862772
14852 0.865984 0.862805
14853 0.865996 0.86285
14854 0.866005 0.862905
14855 0.866011 0.86297
14856 0.866014 0.863014
14857 0.866013 0.863038
14858 0.866009 0.863045
14859 0.866002 0.863036
14860 0.865993 0.863013
14861 0.865982 0.862977
14862 0.865968 0.86293
14863 0.865953 0.862873
14864 0.865937 0.862806
14865 0.86592 0.862762
14866 0.865902 0.862737
14867 0.865885 0.862729
14868 0.865867 0.862738
14869 0.865848 0.86276
14870 0.865829 0.862796
14871 0.86581 0.862843
14872 0.865791 0.862901
14873 0.865771 0.862969
14874 0.865752 0.863044
14875 0.865732 0.863128
14876 0.865712 0.863218
14877 0.865692 0.863314
14878 0.865671 0.863416
14879 0.86565 0.863493
14880 0.865627 0.863547
14881 0.865603 0.863581
14882 0.865579 0.863596
14883 0.865554 0.863595
14884 0.865527 0.863579
14885 0.8655 0.86355
14886 0.865473 0.863509
14887 0.865446 0.863487
14888 0.865419 0.863482
14889 0.865393 0.863493
14890 0.865367 0.863518
14891 0.865342 0.863555
14892 0.865317 0.863604
14893 0.865291 0.863634
14894 0.865264 0.863645
14895 0.865236 0.86364
14896 0.865208 0.863621
14897 0.865179 0.863589
14898 0.86515 0.863545
14899 0.86512 0.863491
14900 0.86509 0.863427
14901 0.865061 0.863385
14902 0.865032 0.863362
14903 0.865003 0.863356
14904 0.864975 0.863366
14905 0.864947 0.86336
14906 0.864918 0.86334
14907 0.864888 0.863307
14908 0.864858 0.863262
14909 0.864828 0.863207
14910 0.864797 0.863143
14911 0.864766 0.86307
14912 0.864735 0.86299
14913 0.864704 0.862933
14914 0.864674 0.862896
14915 0.864645 0.862878
14916 0.864633 0.862862
14917 0.864638 0.862846
14918 0.864658 0.862832
14919 0.864673 0.862834
14920 0.864685 0.862851
14921 0.864691 0.862851
14922 0.864694 0.862837
14923 0.864693 0.862809
14924 0.864689 0.862768
14925 0.864682 0.862717
14926 0.864673 0.862657
14927 0.864661 0.862587
14928 0.864648 0.862539
14929 0.864633 0.862511
14930 0.864618 0.862501
14931 0.864601 0.862507
14932 0.864584 0.862528
14933 0.864565 0.862562
14934 0.864546 0.862607
14935 0.864526 0.862663
14936 0.864505 0.862728
14937 0.864484 0.862802
14938 0.864462 0.862884
14939 0.86444 0.862972
14940 0.864417 0.863067
14941 0.864394 0.863168
14942 0.86437 0.863274
14943 0.864346 0.863384
14944 0.864322 0.863498
14945 0.864296 0.863586
14946 0.86427 0.86365
14947 0.864244 0.863693
14948 0.864216 0.863716
14949 0.864188 0.863722
14950 0.86416 0.863712
14951 0.864131 0.863688
14952 0.864101 0.863652
14953 0.864071 0.863604
14954 0.86404 0.863546
14955 0.86401 0.863509
14956 0.86398 0.86349
14957 0.86395 0.863489
14958 0.863921 0.863503
14959 0.863891 0.863531
14960 0.863862 0.863571
14961 0.863831 0.863592
14962 0.863801 0.863596
14963 0.86377 0.863585
14964 0.863738 0.863559
14965 0.863725 0.863536
14966 0.863729 0.863515
14967 0.863747 0.863496
14968 0.863779 0.863478
14969 0.863824 0.863461
14970 0.863879 0.863446
14971 0.863944 0.863431
14972 0.864019 0.863418
14973 0.864101 0.863405
14974 0.86419 0.863394
14975 0.864286 0.863383
14976 0.864369 0.863388
14977 0.864441 0.863408
14978 0.864502 0.86341
14979 0.864554 0.863398
14980 0.864598 0.863372
14981 0.864633 0.863333
14982 0.864662 0.863284
14983 0.864685 0.863224
14984 0.864702 0.863155
14985 0.864715 0.863109
14986 0.864723 0.863082
14987 0.864729 0.863073
14988 0.86473 0.863079
14989 0.864729 0.863101
14990 0.864726 0.863135
14991 0.86472 0.863181
14992 0.864712 0.863237
14993 0.864701 0.863303
14994 0.86469 0.863377
14995 0.864676 0.863459
14996 0.864661 0.863518
14997 0.864644 0.863556
14998 0.864625 0.863576
14999 0.864604 0.863578
15000 0.864583 0.863565
