14000 0.985 0.985
14001 0.985 0.985
14002 0.985 0.985
14003 0.985 0.985
14004 0.985 0.985
14005 0.985 0.985
14006 0.985 0.985
14007 0.985 0.985
14008 0.985 0.985
14009 0.985 0.985
14010 0.985 0.985
14011 0.985 0.985
14012 0.985 0.985
14013 0.985 0.985
14014 0.985 0.985
14015 0.985 0.985
14016 0.985 0.985
14017 0.985 0.985
14018 0.985 0.985
14019 0.985 0.985
14020 0.985 0.985
14021 0.985 0.985
14022 0.985 0.985
14023 0.985 0.985
14024 0.985 0.985
14025 0.985 0.985
14026 0.985 0.985
14027 0.985 0.985
14028 0.985 0.985
14029 0.985 0.985
14030 0.985 0.985
14031 0.985 0.985
14032 0.985 0.985
14033 0.985 0.985
14034 0.985 0.985
14035 0.985 0.985
14036 0.985 0.985
14037 0.985 0.985
14038 0.985 0.985
14039 0.985 0.985
14040 0.985 0.985
14041 0.985 0.985
14042 0.985 0.985
14043 0.985 0.985
14044 0.985 0.985
14045 0.985 0.985
14046 0.985 0.985
14047 0.985 0.985
14048 0.985 0.985
14049 0.985 0.985
14050 0.985 0.985
14051 0.985 0.985
14052 0.985 0.985
14053 0.985 0.985
14054 0.985 0.985
14055 0.985 0.985
14056 0.985 0.985
14057 0.985 0.985
14058 0.985 0.985
14059 0.985 0.985
14060 0.985 0.985
14061 0.985 0.985
14062 0.985 0.985
14063 0.985 0.985
14064 0.985 0.985
14065 0.985 0.985
14066 0.985 0.985
14067 0.985 0.985
14068 0.985 0.985
14069 0.985 0.985
14070 0.985 0.985
14071 0.985 0.985
14072 0.985 0.985
14073 0.985 0.985
14074 0.985 0.985
14075 0.985 0.985
14076 0.985 0.985
14077 0.985 0.985
14078 0.985 0.985
14079 0.985 0.985
14080 0.985 0.985
14081 0.985 0.985
14082 0.985 0.985
14083 0.985 0.985
14084 0.985 0.985
14085 0.985 0.985
14086 0.985 0.985
14087 0.985 0.985
14088 0.985 0.985
14089 0.985 0.985
14090 0.985 0.985
14091 0.985 0.985
14092 0.985 0.985
14093 0.985 0.985
14094 0.985 0.985
14095 0.985 0.985
14096 0.985 0.985
14097 0.985 0.985
14098 0.985 0.985
14099 0.985 0.985
14100 0.985 0.985
14101 0.985 0.985
14102 0.985 0.985
14103 0.985 0.985
14104 0.985 0.985
14105 0.985 0.985
14106 0.985 0.985
14107 0.985 0.985
14108 0.985 0.985
14109 0.985 0.985
14110 0.985 0.985
14111 0.985 0.985
14112 0.985 0.985
14113 0.985 0.985
14114 0.985 0.985
14115 0.985 0.985
14116 0.985 0.985
14117 0.985 0.985
14118 0.985 0.985
14119 0.985 0.985
14120 0.985 0.985
14121 0.985 0.985
14122 0.985 0.985
14123 0.985 0.985
14124 0.985 0.985
14125 0.985 0.985
14126 0.985 0.985
14127 0.985 0.985
14128 0.985 0.985
14129 0.985 0.985
14130 0.985 0.985
14131 0.985 0.985
14132 0.985 0.985
14133 0.985 0.985
14134 0.985 0.985
14135 0.985 0.985
14136 0.985 0.985
14137 0.985 0.985
14138 0.985 0.985
14139 0.985 0.985
14140 0.985 0.985
14141 0.985 0.985
14142 0.985 0.985
14143 0.985 0.985
14144 0.985 0.985
14145 0.985 0.985
14146 0.985 0.985
14147 0.985 0.985
14148 0.985 0.985
14149 0.985 0.985
14150 0.985 0.985
14151 0.985 0.985
14152 0.985 0.985
14153 0.985 0.985
14154 0.985 0.985
14155 0.985 0.985
14156 0.985 0.985
14157 0.985 0.985
14158 0.985 0.985
14159 0.985 0.985
14160 0.985 0.985
14161 0.985 0.985
14162 0.985 0.985
14163 0.985 0.985
14164 0.985 0.985
14165 0.985 0.985
14166 0.985 0.985
14167 0.985 0.985
14168 0.985 0.985
14169 0.985 0.985
14170 0.985 0.985
14171 0.985 0.985
14172 0.985 0.985
14173 0.985 0.985
14174 0.985 0.985
14175 0.985 0.985
14176 0.985 0.985
14177 0.985 0.985
14178 0.985 0.985
14179 0.985 0.985
14180 0.985 0.985
14181 0.985 0.985
14182 0.985 0.985
14183 0.985 0.985
14184 0.985 0.985
14185 0.985 0.985
14186 0.985 0.985
14187 0.985 0.985
14188 0.985 0.985
14189 0.985 0.985
14190 0.985 0.985
14191 0.985 0.985
14192 0.985 0.985
14193 0.985 0.985
14194 0.985 0.985
14195 0.985 0.985
14196 0.985 0.985
14197 0.985 0.985
14198 0.985 0.985
14199 0.985 0.985
14200 0.985 0.985
14201 0.985 0.985
14202 0.985 0.985
14203 0.985 0.985
14204 0.985 0.985
14205 0.985 0.985
14206 0.985 0.985
14207 0.985 0.985
14208 0.985 0.985
14209 0.985 0.985
14210 0.985 0.985
14211 0.985 0.985
14212 0.985 0.985
14213 0.985 0.985
14214 0.985 0.985
14215 0.985 0.985
14216 0.985 0.985
14217 0.985 0.985
14218 0.985 0.985
14219 0.985 0.985
14220 0.985 0.985
14221 0.985 0.985
14222 0.985 0.985
14223 0.985 0.985
14224 0.985 0.985
14225 0.985 0.985
14226 0.985 0.985
14227 0.985 0.985
14228 0.985 0.985
14229 0.985 0.985
14230 0.985 0.985
14231 0.985 0.985
14232 0.985 0.985
14233 0.985 0.985
14234 0.985 0.985
14235 0.985 0.985
14236 0.985 0.985
14237 0.985 0.985
14238 0.985 0.985
14239 0.985 0.985
14240 0.985 0.985
14241 0.985 0.985
14242 0.985 0.985
14243 0.985 0.985
14244 0.985 0.985
14245 0.985 0.985
14246 0.985 0.985
14247 0.985 0.985
14248 0.985 0.985
14249 0.985 0.985
14250 0.985 0.985
14251 0.985 0.985
14252 0.985 0.985
14253 0.985 0.985
14254 0.985 0.985
14255 0.985 0.985
14256 0.985 0.985
14257 0.985 0.985
14258 0.985 0.985
14259 0.985 0.985
14260 0.985 0.985
14261 0.985 0.985
14262 0.985 0.985
14263 0.985 0.985
14264 0.985 0.985
14265 0.985 0.985
14266 0.985 0.985
14267 0.985 0.985
14268 0.985 0.985
14269 0.985 0.985
14270 0.985 0.985
14271 0.985 0.985
14272 0.985 0.985
14273 0.985 0.985
14274 0.985 0.985
14275 0.985 0.985
14276 0.985 0.985
14277 0.985 0.985
14278 0.985 0.985
14279 0.985 0.985
14280 0.985 0.985
14281 0.985 0.985
14282 0.985 0.985
14283 0.985 0.985
14284 0.985 0.985
14285 0.985 0.985
14286 0.985 0.985
14287 0.985 0.985
14288 0.985 0.985
14289 0.985 0.985
14290 0.985 0.985
14291 0.985 0.985
14292 0.985 0.985
14293 0.985 0.985
14294 0.985 0.985
14295 0.985 0.985
14296 0.985 0.985
14297 0.985 0.985
14298 0.985 0.985
14299 0.985 0.985
14300 0.985 0.985
14301 0.985 0.985
14302 0.985 0.985
14303 0.985 0.985
14304 0.985 0.985
14305 0.985 0.985
14306 0.985 0.985
14307 0.985 0.985
14308 0.985 0.985
14309 0.985 0.985
14310 0.985 0.985
14311 0.985 0.985
14312 0.985 0.985
14313 0.985 0.985
14314 0.985 0.985
14315 0.985 0.985
14316 0.985 0.985
14317 0.985 0.985
14318 0.985 0.985
14319 0.985 0.985
14320 0.985 0.985
14321 0.985 0.985
14322 0.985 0.985
14323 0.985 0.985
14324 0.985 0.985
14325 0.985 0.985
14326 0.985 0.985
14327 0.985 0.985
14328 0.985 0.985
14329 0.985 0.985
14330 0.985 0.985
14331 0.985 0.985
14332 0.985 0.985
14333 0.985 0.985
14334 0.985 0.985
14335 0.985 0.985
14336 0.985 0.985
14337 0.985 0.985
14338 0.985 0.985
14339 0.985 0.985
14340 0.985 0.985
14341 0.985 0.985
14342 0.985 0.985
14343 0.985 0.985
14344 0.985 0.985
14345 0.985 0.985
14346 0.985 0.985
14347 0.985 0.985
14348 0.985 0.985
14349 0.985 0.985
14350 0.985 0.985
14351 0.985 0.985
14352 0.985 0.985
14353 0.985 0.985
14354 0.985 0.985
14355 0.985 0.985
14356 0.985 0.985
14357 0.985 0.985
14358 0.985 0.985
14359 0.985 0.985
14360 0.985 0.985
14361 0.985 0.985
14362 0.985 0.985
14363 0.985 0.985
14364 0.985 0.985
14365 0.985 0.985
14366 0.985 0.985
14367 0.985 0.985
14368 0.985 0.985
14369 0.985 0.985
14370 0.985 0.985
14371 0.985 0.985
14372 0.985 0.985
14373 0.985 0.985
14374 0.985 0.985
14375 0.985 0.985
14376 0.985 0.985
14377 0.985 0.985
14378 0.985 0.985
14379 0.985 0.985
14380 0.985 0.985
14381 0.985 0.985
14382 0.985 0.985
14383 0.985 0.985
14384 0.985 0.985
14385 0.985 0.985
14386 0.985 0.985
14387 0.985 0.985
14388 0.985 0.985
14389 0.985 0.985
14390 0.985 0.985
14391 0.985 0.985
14392 0.985 0.985
14393 0.985 0.985
14394 0.985 0.985
14395 0.985 0.985
14396 0.985 0.985
14397 0.985 0.985
14398 0.985 0.985
14399 0.985 0.985
14400 0.985 0.985
14401 0.985 0.985
14402 0.985 0.985
14403 0.985 0.985
14404 0.985 0.985
14405 0.985 0.985
14406 0.985 0.985
14407 0.985 0.985
14408 0.985 0.985
14409 0.985 0.985
14410 0.985 0.985
14411 0.985 0.985
14412 0.985 0.985
14413 0.985 0.985
14414 0.985 0.985
14415 0.985 0.985
14416 0.985 0.985
14417 0.985 0.985
14418 0.985 0.985
14419 0.985 0.985
14420 0.985 0.985
14421 0.985 0.985
14422 0.985 0.985
14423 0.985 0.985
14424 0.985 0.985
14425 0.985 0.985
14426 0.985 0.985
14427 0.985 0.985
14428 0.985 0.985
14429 0.985 0.985
14430 0.985 0.985
14431 0.985 0.985
14432 0.985 0.985
14433 0.985 0.985
14434 0.985 0.985
14435 0.985 0.985
14436 0.985 0.985
14437 0.985 0.985
14438 0.985 0.985
14439 0.985 0.985
14440 0.985 0.985
14441 0.985 0.985
14442 0.985 0.985
14443 0.985 0.985
14444 0.985 0.985
14445 0.985 0.985
14446 0.985 0.985
14447 0.985 0.985
14448 0.985 0.985
14449 0.985 0.985
14450 0.985 0.985
14451 0.985 0.985
14452 0.985 0.985
14453 0.985 0.985
14454 0.985 0.985
14455 0.985 0.985
14456 0.985 0.985
14457 0.985 0.985
14458 0.985 0.985
14459 0.985 0.985
14460 0.985 0.985
14461 0.985 0.985
14462 0.985 0.985
14463 0.985 0.985
14464 0.985 0.985
14465 0.985 0.985
14466 0.985 0.985
14467 0.985 0.985
14468 0.985 0.985
14469 0.985 0.985
14470 0.985 0.985
14471 0.985 0.985
14472 0.985 0.985
14473 0.985 0.985
14474 0.985 0.985
14475 0.985 0.985
14476 0.985 0.985
14477 0.985 0.985
14478 0.985 0.985
14479 0.985 0.985
14480 0.985 0.985
14481 0.985 0.985
14482 0.985 0.985
14483 0.985 0.985
14484 0.985 0.985
14485 0.985 0.985
14486 0.985 0.985
14487 0.985 0.985
14488 0.985 0.985
14489 0.985 0.985
14490 0.985 0.985
14491 0.985 0.985
14492 0.985 0.985
14493 0.985 0.985
14494 0.985 0.985
14495 0.985 0.985
14496 0.985 0.985
14497 0.985 0.985
14498 0.985 0.985
14499 0.985 0.985
14500 0.985 0.985
14501 0.985 0.985
14502 0.985 0.985
14503 0.985 0.985
14504 0.985 0.985
14505 0.985 0.985
14506 0.985 0.985
14507 0.985 0.985
14508 0.985 0.985
14509 0.985 0.985
14510 0.985 0.985
14511 0.985 0.985
14512 0.985 0.985
14513 0.985 0.985
14514 0.985 0.985
14515 0.985 0.985
14516 0.985 0.985
14517 0.985 0.985
14518 0.985 0.985
14519 0.985 0.985
14520 0.985 0.985
14521 0.985 0.985
14522 0.985 0.985
14523 0.985 0.985
14524 0.985 0.985
14525 0.985 0.985
14526 0.985 0.985
14527 0.985 0.985
14528 0.985 0.985
14529 0.985 0.985
14530 0.985 0.985
14531 0.985 0.985
14532 0.985 0.985
14533 0.985 0.985
14534 0.985 0.985
14535 0.985 0.985
14536 0.985 0.985
14537 0.985 0.985
14538 0.985 0.985
14539 0.985 0.985
14540 0.985 0.985
14541 0.985 0.985
14542 0.985 0.985
14543 0.985 0.985
14544 0.985 0.985
14545 0.985 0.985
14546 0.985 0.985
14547 0.985 0.985
14548 0.985 0.985
14549 0.985 0.985
14550 0.985 0.985
14551 0.985 0.985
14552 0.985 0.985
14553 0.985 0.985
14554 0.985 0.985
14555 0.985 0.985
14556 0.985 0.985
14557 0.985 0.985
14558 0.985 0.985
14559 0.985 0.985
14560 0.985 0.985
14561 0.985 0.985
14562 0.985 0.985
14563 0.985 0.985
14564 0.985 0.985
14565 0.985 0.985
14566 0.985 0.985
14567 0.985 0.985
14568 0.985 0.985
14569 0.985 0.985
14570 0.985 0.985
14571 0.985 0.985
14572 0.985 0.985
14573 0.985 0.985
14574 0.985 0.985
14575 0.985 0.985
14576 0.985 0.985
14577 0.985 0.985
14578 0.985 0.985
14579 0.985 0.985
14580 0.985 0.985
14581 0.985 0.985
14582 0.985 0.985
14583 0.985 0.985
14584 0.985 0.985
14585 0.985 0.985
14586 0.985 0.985
14587 0.985 0.985
14588 0.985 0.985
14589 0.985 0.985
14590 0.985 0.985
14591 0.985 0.985
14592 0.985 0.985
14593 0.985 0.985
14594 0.985 0.985
14595 0.985 0.985
14596 0.985 0.985
14597 0.985 0.985
14598 0.985 0.985
14599 0.985 0.985
14600 0.985 0.985
14601 0.985 0.985
14602 0.985 0.985
14603 0.985 0.985
14604 0.985 0.985
14605 0.985 0.985
14606 0.985 0.985
14607 0.985 0.985
14608 0.985 0.985
14609 0.985 0.985
14610 0.985 0.985
14611 0.985 0.985
14612 0.985 0.985
14613 0.985 0.985
14614 0.985 0.985
14615 0.985 0.985
14616 0.985 0.985
14617 0.985 0.985
14618 0.985 0.985
14619 0.985 0.985
14620 0.985 0.985
14621 0.985 0.985
14622 0.985 0.985
14623 0.985 0.985
14624 0.985 0.985
14625 0.985 0.985
14626 0.985 0.985
14627 0.985 0.985
14628 0.985 0.985
14629 0.985 0.985
14630 0.985 0.985
14631 0.985 0.985
14632 0.985 0.985
14633 0.985 0.985
14634 0.985 0.985
14635 0.985 0.985
14636 0.985 0.985
14637 0.985 0.985
14638 0.985 0.985
14639 0.985 0.985
14640 0.985 0.985
14641 0.985 0.985
14642 0.985 0.985
14643 0.985 0.985
14644 0.985 0.985
14645 0.985 0.985
14646 0.985 0.985
14647 0.985 0.985
14648 0.985 0.985
14649 0.985 0.985
14650 0.985 0.985
14651 0.985 0.985
14652 0.985 0.985
14653 0.985 0.985
14654 0.985 0.985
14655 0.985 0.985
14656 0.985 0.985
14657 0.985 0.985
14658 0.985 0.985
14659 0.985 0.985
14660 0.985 0.985
14661 0.985 0.985
14662 0.985 0.985
14663 0.985 0.985
14664 0.985 0.985
14665 0.985 0.985
14666 0.985 0.985
14667 0.985 0.985
14668 0.985 0.985
14669 0.985 0.985
14670 0.985 0.985
14671 0.985 0.985
14672 0.985 0.985
14673 0.985 0.985
14674 0.985 0.985
14675 0.985 0.985
14676 0.985 0.985
14677 0.985 0.985
14678 0.985 0.985
14679 0.985 0.985
14680 0.985 0.985
14681 0.985 0.985
14682 0.985 0.985
14683 0.985 0.985
14684 0.985 0.985
14685 0.985 0.985
14686 0.985 0.985
14687 0.985 0.985
14688 0.985 0.985
14689 0.985 0.985
14690 0.985 0.985
14691 0.985 0.985
14692 0.985 0.985
14693 0.985 0.985
14694 0.985 0.985
14695 0.985 0.985
14696 0.985 0.985
14697 0.985 0.985
14698 0.985 0.985
14699 0.985 0.985
14700 0.985 0.985
14701 0.985 0.985
14702 0.985 0.985
14703 0.985 0.985
14704 0.985 0.985
14705 0.985 0.985
14706 0.985 0.985
14707 0.985 0.985
14708 0.985 0.985
14709 0.985 0.985
14710 0.985 0.985
14711 0.985 0.985
14712 0.985 0.985
14713 0.985 0.985
14714 0.985 0.985
14715 0.985 0.985
14716 0.985 0.985
14717 0.985 0.985
14718 0.985 0.985
14719 0.985 0.985
14720 0.985 0.985
14721 0.985 0.985
14722 0.985 0.985
14723 0.985 0.985
14724 0.985 0.985
14725 0.985 0.985
14726 0.985 0.985
14727 0.985 0.985
14728 0.985 0.985
14729 0.985 0.985
14730 0.985 0.985
14731 0.985 0.985
14732 0.985 0.985
14733 0.985 0.985
14734 0.985 0.985
14735 0.985 0.985
14736 0.985 0.985
14737 0.985 0.985
14738 0.985 0.985
14739 0.985 0.985
14740 0.985 0.985
14741 0.985 0.985
14742 0.985 0.985
14743 0.985 0.985
14744 0.985 0.985
14745 0.985 0.985
14746 0.985 0.985
14747 0.985 0.985
14748 0.985 0.985
14749 0.985 0.985
14750 0.985 0.985
14751 0.985 0.985
14752 0.985 0.985
14753 0.985 0.985
14754 0.985 0.985
14755 0.985 0.985
14756 0.985 0.985
14757 0.985 0.985
14758 0.985 0.985
14759 0.985 0.985
14760 0.985 0.985
14761 0.985 0.985
14762 0.985 0.985
14763 0.985 0.985
14764 0.985 0.985
14765 0.985 0.985
14766 0.985 0.985
14767 0.985 0.985
14768 0.985 0.985
14769 0.985 0.985
14770 0.985 0.985
14771 0.985 0.985
14772 0.985 0.985
14773 0.985 0.985
14774 0.985 0.985
14775 0.985 0.985
14776 0.985 0.985
14777 0.985 0.985
14778 0.985 0.985
14779 0.985 0.985
14780 0.985 0.985
14781 0.985 0.985
14782 0.985 0.985
14783 0.985 0.985
14784 0.985 0.985
14785 0.985 0.985
14786 0.985 0.985
14787 0.985 0.985
14788 0.985 0.985
14789 0.985 0.985
14790 0.985 0.985
14791 0.985 0.985
14792 0.985 0.985
14793 0.985 0.985
14794 0.985 0.985
14795 0.985 0.985
14796 0.985 0.985
14797 0.985 0.985
14798 0.985 0.985
14799 0.985 0.985
14800 0.985 0.985
14801 0.985 0.985
14802 0.985 0.985
14803 0.985 0.985
14804 0.985 0.985
14805 0.985 0.985
14806 0.985 0.985
14807 0.985 0.985
14808 0.985 0.985
14809 0.985 0.985
14810 0.985 0.985
14811 0.985 0.985
14812 0.985 0.985
14813 0.985 0.985
14814 0.985 0.985
14815 0.985 0.985
14816 0.985 0.985
14817 0.985 0.985
14818 0.985 0.985
14819 0.985 0.985
14820 0.985 0.985
14821 0.985 0.985
14822 0.985 0.985
14823 0.985 0.985
14824 0.985 0.985
14825 0.985 0.985
14826 0.985 0.985
14827 0.985 0.985
14828 0.985 0.985
14829 0.985 0.985
14830 0.985 0.985
14831 0.985 0.985
14832 0.985 0.985
14833 0.985 0.985
14834 0.985 0.985
14835 0.985 0.985
14836 0.985 0.985
14837 0.985 0.985
14838 0.985 0.985
14839 0.985 0.985
14840 0.985 0.985
14841 0.985 0.985
14842 0.985 0.985
14843 0.985 0.985
14844 0.985 0.985
14845 0.985 0.985
14846 0.985 0.985
14847 0.985 0.985
14848 0.985 0.985
14849 0.985 0.985
14850 0.985 0.985
14851 0.985 0.985
14852 0.985 0.985
14853 0.985 0.985
14854 0.985 0.985
14855 0.985 0.985
14856 0.985 0.985
14857 0.985 0.985
14858 0.985 0.985
14859 0.985 0.985
14860 0.985 0.985
14861 0.985 0.985
14862 0.985 0.985
14863 0.985 0.985
14864 0.985 0.985
14865 0.985 0.985
14866 0.985 0.985
14867 0.985 0.985
14868 0.985 0.985
14869 0.985 0.985
14870 0.985 0.985
14871 0.985 0.985
14872 0.985 0.985
14873 0.985 0.985
14874 0.985 0.985
14875 0.985 0.985
14876 0.985 0.985
14877 0.985 0.985
14878 0.985 0.985
14879 0.985 0.985
14880 0.985 0.985
14881 0.985 0.985
14882 0.985 0.985
14883 0.985 0.985
14884 0.985 0.985
14885 0.985 0.985
14886 0.985 0.985
14887 0.985 0.985
14888 0.985 0.985
14889 0.985 0.985
14890 0.985 0.985
14891 0.985 0.985
14892 0.985 0.985
14893 0.985 0.985
14894 0.985 0.985
14895 0.985 0.985
14896 0.985 0.985
14897 0.985 0.985
14898 0.985 0.985
14899 0.985 0.985
14900 0.985 0.985
14901 0.985 0.985
14902 0.985 0.985
14903 0.985 0.985
14904 0.985 0.985
14905 0.985 0.985
14906 0.985 0.985
14907 0.985 0.985
14908 0.985 0.985
14909 0.985 0.985
14910 0.985 0.985
14911 0.985 0.985
14912 0.985 0.985
14913 0.985 0.985
14914 0.985 0.985
14915 0.985 0.985
14916 0.985 0.985
14917 0.985 0.985
14918 0.985 0.985
14919 0.985 0.985
14920 0.985 0.985
14921 0.985 0.985
14922 0.985 0.985
14923 0.985 0.985
14924 0.985 0.985
14925 0.985 0.985
14926 0.985 0.985
14927 0.985 0.985
14928 0.985 0.985
14929 0.985 0.985
14930 0.985 0.985
14931 0.985 0.985
14932 0.985 0.985
14933 0.985 0.985
14934 0.985 0.985
14935 0.985 0.985
14936 0.985 0.985
14937 0.985 0.985
14938 0.985 0.985
14939 0.985 0.985
14940 0.985 0.985
14941 0.985 0.985
14942 0.985 0.985
14943 0.985 0.985
14944 0.985 0.985
14945 0.985 0.985
14946 0.985 0.985
14947 0.985 0.985
14948 0.985 0.985
14949 0.985 0.985
14950 0.985 0.985
14951 0.985 0.985
14952 0.985 0.985
14953 0.985 0.985
14954 0.985 0.985
14955 0.985 0.985
14956 0.985 0.985
14957 0.985 0.985
14958 0.985 0.985
14959 0.985 0.985
14960 0.985 0.985
14961 0.985 0.985
14962 0.985 0.985
14963 0.985 0.985
14964 0.985 0.985
14965 0.985 0.985
14966 0.985 0.985
14967 0.985 0.985
14968 0.985 0.985
14969 0.985 0.985
14970 0.985 0.985
14971 0.985 0.985
14972 0.985 0.985
14973 0.985 0.985
14974 0.985 0.985
14975 0.985 0.985
14976 0.985 0.985
14977 0.985 0.985
14978 0.985 0.985
14979 0.985 0.985
14980 0.985 0.985
14981 0.985 0.985
14982 0.985 0.985
14983 0.985 0.985
14984 0.985 0.985
14985 0.985 0.985
14986 0.985 0.985
14987 0.985 0.985
14988 0.985 0.985
14989 0.985 0.985
14990 0.985 0.985
14991 0.985 0.985
14992 0.985 0.985
14993 0.985 0.985
14994 0.985 0.985
14995 0.985 0.985
14996 0.985 0.985
14997 0.985 0.985
14998 0.985 0.985
14999 0.985 0.985
15000 0.985 0.985
