14000 0.985 0.922339
14001 0.985 0.922343
14002 0.985 0.922354
14003 0.985 0.922373
14004 0.985 0.922398
14005 0.985 0.922404
14006 0.985 0.922394
14007 0.985 0.92237
14008 0.985 0.922356
14009 0.985 0.922352
14010 0.985 0.922356
14011 0.985 0.922367
14012 0.985 0.922385
14013 0.985 0.92241
14014 0.985 0.922416
14015 0.985 0.922406
14016 0.985 0.922382
14017 0.985 0.922368
14018 0.985 0.922364
14019 0.985 0.922368
14020 0.985 0.922379
14021 0.985 0.922397
14022 0.985 0.922422
14023 0.985 0.922452
14024 0.985 0.922487
14025 0.985 0.922502
14026 0.985 0.922501
14027 0.985 0.922484
14028 0.985 0.922477
14029 0.985 0.922479
14030 0.985 0.922488
14031 0.985 0.922504
14032 0.985 0.922504
14033 0.985 0.922487
14034 0.985 0.922457
14035 0.985 0.922438
14036 0.985 0.922428
14037 0.985 0.922428
14038 0.985 0.922435
14039 0.985 0.92245
14040 0.985 0.922471
14041 0.985 0.922498
14042 0.985 0.92253
14043 0.985 0.922567
14044 0.985 0.922608
14045 0.985 0.922629
14046 0.985 0.922633
14047 0.985 0.922621
14048 0.985 0.922594
14049 0.985 0.922554
14050 0.985 0.922503
14051 0.985 0.922465
14052 0.985 0.922438
14053 0.985 0.922422
14054 0.985 0.922416
14055 0.985 0.922418
14056 0.985 0.922427
14057 0.985 0.922444
14058 0.985 0.922467
14059 0.985 0.922495
14060 0.985 0.922505
14061 0.985 0.922521
14062 0.985 0.922544
14063 0.985 0.922549
14064 0.985 0.922538
14065 0.985 0.922512
14066 0.985 0.922473
14067 0.985 0.922446
14068 0.985 0.92243
14069 0.985 0.922423
14070 0.985 0.922432
14071 0.985 0.922456
14072 0.985 0.922493
14073 0.985 0.922542
14074 0.985 0.922602
14075 0.985 0.92264
14076 0.985 0.922659
14077 0.985 0.92266
14078 0.985 0.922677
14079 0.985 0.922708
14080 0.985 0.922751
14081 0.985 0.922805
14082 0.985 0.922839
14083 0.985 0.922853
14084 0.985 0.922851
14085 0.985 0.922833
14086 0.985 0.922801
14087 0.985 0.922756
14088 0.985 0.922732
14089 0.985 0.922726
14090 0.985 0.922705
14091 0.985 0.92267
14092 0.985 0.922654
14093 0.985 0.922656
14094 0.985 0.922641
14095 0.985 0.922613
14096 0.985 0.922572
14097 0.985 0.922519
14098 0.985 0.922456
14099 0.985 0.922415
14100 0.985 0.922386
14101 0.985 0.922367
14102 0.985 0.922358
14103 0.985 0.922358
14104 0.985 0.922365
14105 0.985 0.92238
14106 0.985 0.922408
14107 0.985 0.922442
14108 0.985 0.92248
14109 0.985 0.922521
14110 0.985 0.922544
14111 0.985 0.922548
14112 0.985 0.922567
14113 0.985 0.9226
14114 0.985 0.922615
14115 0.985 0.922612
14116 0.985 0.922625
14117 0.985 0.922652
14118 0.985 0.922693
14119 0.985 0.922713
14120 0.985 0.922716
14121 0.985 0.922703
14122 0.985 0.922676
14123 0.985 0.922667
14124 0.985 0.922674
14125 0.985 0.922697
14126 0.985 0.922733
14127 0.985 0.922781
14128 0.985 0.922808
14129 0.985 0.922817
14130 0.985 0.92281
14131 0.985 0.922787
14132 0.985 0.922751
14133 0.985 0.922703
14134 0.985 0.922645
14135 0.985 0.922607
14136 0.985 0.922589
14137 0.985 0.922558
14138 0.985 0.922513
14139 0.985 0.922458
14140 0.985 0.922416
14141 0.985 0.922386
14142 0.985 0.922367
14143 0.985 0.922357
14144 0.985 0.922357
14145 0.985 0.922364
14146 0.985 0.922378
14147 0.985 0.922375
14148 0.985 0.922357
14149 0.985 0.922326
14150 0.985 0.922305
14151 0.985 0.922294
14152 0.985 0.922292
14153 0.985 0.922305
14154 0.985 0.922333
14155 0.985 0.922374
14156 0.985 0.922426
14157 0.985 0.922458
14158 0.985 0.92247
14159 0.985 0.922466
14160 0.985 0.922478
14161 0.985 0.922504
14162 0.985 0.922535
14163 0.985 0.922571
14164 0.985 0.922612
14165 0.985 0.922632
14166 0.985 0.922635
14167 0.985 0.922622
14168 0.985 0.922595
14169 0.985 0.922554
14170 0.985 0.922502
14171 0.985 0.922471
14172 0.985 0.922459
14173 0.985 0.922464
14174 0.985 0.922483
14175 0.985 0.922517
14176 0.985 0.922562
14177 0.985 0.922619
14178 0.985 0.922655
14179 0.985 0.922671
14180 0.985 0.92267
14181 0.985 0.922653
14182 0.985 0.922623
14183 0.985 0.92258
14184 0.985 0.922525
14185 0.985 0.922461
14186 0.985 0.922418
14187 0.985 0.922396
14188 0.985 0.922383
14189 0.985 0.922379
14190 0.985 0.922384
14191 0.985 0.922395
14192 0.985 0.922414
14193 0.985 0.922438
14194 0.985 0.922475
14195 0.985 0.922525
14196 0.985 0.922553
14197 0.985 0.922564
14198 0.985 0.922557
14199 0.985 0.922567
14200 0.985 0.922592
14201 0.985 0.922598
14202 0.985 0.922588
14203 0.985 0.922564
14204 0.985 0.922557
14205 0.985 0.922567
14206 0.985 0.922592
14207 0.985 0.92263
14208 0.985 0.922648
14209 0.985 0.922649
14210 0.985 0.922634
14211 0.985 0.922605
14212 0.985 0.922563
14213 0.985 0.92251
14214 0.985 0.922478
14215 0.985 0.922464
14216 0.985 0.922468
14217 0.985 0.922487
14218 0.985 0.922519
14219 0.985 0.922564
14220 0.985 0.922621
14221 0.985 0.922687
14222 0.985 0.922731
14223 0.985 0.922755
14224 0.985 0.922761
14225 0.985 0.92275
14226 0.985 0.922725
14227 0.985 0.922687
14228 0.985 0.922637
14229 0.985 0.9226
14230 0.985 0.922574
14231 0.985 0.922567
14232 0.985 0.922576
14233 0.985 0.922599
14234 0.985 0.922636
14235 0.985 0.922685
14236 0.985 0.922745
14237 0.985 0.922783
14238 0.985 0.922802
14239 0.985 0.922803
14240 0.985 0.922788
14241 0.985 0.92276
14242 0.985 0.922718
14243 0.985 0.922665
14244 0.985 0.922601
14245 0.985 0.922529
14246 0.985 0.922479
14247 0.985 0.922441
14248 0.985 0.922416
14249 0.985 0.9224
14250 0.985 0.922394
14251 0.985 0.922396
14252 0.985 0.922406
14253 0.985 0.922422
14254 0.985 0.922445
14255 0.985 0.922472
14256 0.985 0.922513
14257 0.985 0.922566
14258 0.985 0.922628
14259 0.985 0.922669
14260 0.985 0.92269
14261 0.985 0.922693
14262 0.985 0.922681
14263 0.985 0.922685
14264 0.985 0.922673
14265 0.985 0.922647
14266 0.985 0.922607
14267 0.985 0.922588
14268 0.985 0.922554
14269 0.985 0.922509
14270 0.985 0.922452
14271 0.985 0.922417
14272 0.985 0.9224
14273 0.985 0.922401
14274 0.985 0.922418
14275 0.985 0.922417
14276 0.985 0.9224
14277 0.985 0.922401
14278 0.985 0.922418
14279 0.985 0.922448
14280 0.985 0.922491
14281 0.985 0.922545
14282 0.985 0.92261
14283 0.985 0.922683
14284 0.985 0.922734
14285 0.985 0.922764
14286 0.985 0.922775
14287 0.985 0.92277
14288 0.985 0.922749
14289 0.985 0.922715
14290 0.985 0.9227
14291 0.985 0.922702
14292 0.985 0.922688
14293 0.985 0.922691
14294 0.985 0.922709
14295 0.985 0.92271
14296 0.985 0.922696
14297 0.985 0.922667
14298 0.985 0.922656
14299 0.985 0.922663
14300 0.985 0.922684
14301 0.985 0.922719
14302 0.985 0.922735
14303 0.985 0.922733
14304 0.985 0.922716
14305 0.985 0.922685
14306 0.985 0.922642
14307 0.985 0.922587
14308 0.985 0.922545
14309 0.985 0.922516
14310 0.985 0.922505
14311 0.985 0.92251
14312 0.985 0.922531
14313 0.985 0.922534
14314 0.985 0.922521
14315 0.985 0.922525
14316 0.985 0.922544
14317 0.985 0.922577
14318 0.985 0.922623
14319 0.985 0.922679
14320 0.985 0.922714
14321 0.985 0.92273
14322 0.985 0.92276
14323 0.985 0.922771
14324 0.985 0.922797
14325 0.985 0.922836
14326 0.985 0.922856
14327 0.985 0.922857
14328 0.985 0.922843
14329 0.985 0.922846
14330 0.985 0.922833
14331 0.985 0.922806
14332 0.985 0.922797
14333 0.985 0.922773
14334 0.985 0.922736
14335 0.985 0.922687
14336 0.985 0.922651
14337 0.985 0.922634
14338 0.985 0.922634
14339 0.985 0.92265
14340 0.985 0.922679
14341 0.985 0.922722
14342 0.985 0.922745
14343 0.985 0.922749
14344 0.985 0.922738
14345 0.985 0.922712
14346 0.985 0.922673
14347 0.985 0.922653
14348 0.985 0.922652
14349 0.985 0.922666
14350 0.985 0.922663
14351 0.985 0.922644
14352 0.985 0.922612
14353 0.985 0.922599
14354 0.985 0.922602
14355 0.985 0.922621
14356 0.985 0.922654
14357 0.985 0.922699
14358 0.985 0.922756
14359 0.985 0.922822
14360 0.985 0.922866
14361 0.985 0.92289
14362 0.985 0.922896
14363 0.985 0.922917
14364 0.985 0.922951
14365 0.985 0.922967
14366 0.985 0.922965
14367 0.985 0.922947
14368 0.985 0.922916
14369 0.985 0.922904
14370 0.985 0.922908
14371 0.985 0.922896
14372 0.985 0.922902
14373 0.985 0.922922
14374 0.985 0.922925
14375 0.985 0.922911
14376 0.985 0.922915
14377 0.985 0.922934
14378 0.985 0.922935
14379 0.985 0.922921
14380 0.985 0.922892
14381 0.985 0.922851
14382 0.985 0.922829
14383 0.985 0.922794
14384 0.985 0.922747
14385 0.985 0.92272
14386 0.985 0.922711
14387 0.985 0.922719
14388 0.985 0.92271
14389 0.985 0.922687
14390 0.985 0.922682
14391 0.985 0.922661
14392 0.985 0.922659
14393 0.985 0.922672
14394 0.985 0.922699
14395 0.985 0.922708
14396 0.985 0.922701
14397 0.985 0.922679
14398 0.985 0.922643
14399 0.985 0.922595
14400 0.985 0.922536
14401 0.985 0.922499
14402 0.985 0.922481
14403 0.985 0.922481
14404 0.985 0.922496
14405 0.985 0.922525
14406 0.985 0.922536
14407 0.985 0.92253
14408 0.985 0.92254
14409 0.985 0.922565
14410 0.985 0.922603
14411 0.985 0.922653
14412 0.985 0.922714
14413 0.985 0.922784
14414 0.985 0.922863
14415 0.985 0.922918
14416 0.985 0.922952
14417 0.985 0.922967
14418 0.985 0.922965
14419 0.985 0.922947
14420 0.985 0.922915
14421 0.985 0.922902
14422 0.985 0.922906
14423 0.985 0.922895
14424 0.985 0.922868
14425 0.985 0.922829
14426 0.985 0.922777
14427 0.985 0.922716
14428 0.985 0.922644
14429 0.985 0.922596
14430 0.985 0.922568
14431 0.985 0.922558
14432 0.985 0.922565
14433 0.985 0.922587
14434 0.985 0.922591
14435 0.985 0.922611
14436 0.985 0.922613
14437 0.985 0.92263
14438 0.985 0.92263
14439 0.985 0.922614
14440 0.985 0.922584
14441 0.985 0.922565
14442 0.985 0.922555
14443 0.985 0.922554
14444 0.985 0.922561
14445 0.985 0.922574
14446 0.985 0.922571
14447 0.985 0.922552
14448 0.985 0.92252
14449 0.985 0.922498
14450 0.985 0.922486
14451 0.985 0.922483
14452 0.985 0.922496
14453 0.985 0.922523
14454 0.985 0.922563
14455 0.985 0.922614
14456 0.985 0.922676
14457 0.985 0.922717
14458 0.985 0.922737
14459 0.985 0.92274
14460 0.985 0.922727
14461 0.985 0.9227
14462 0.985 0.922659
14463 0.985 0.922639
14464 0.985 0.922636
14465 0.985 0.922649
14466 0.985 0.922645
14467 0.985 0.922657
14468 0.985 0.922683
14469 0.985 0.922692
14470 0.985 0.922715
14471 0.985 0.922751
14472 0.985 0.9228
14473 0.985 0.922827
14474 0.985 0.922837
14475 0.985 0.92283
14476 0.985 0.922839
14477 0.985 0.922863
14478 0.985 0.9229
14479 0.985 0.92295
14480 0.985 0.92301
14481 0.985 0.923048
14482 0.985 0.923067
14483 0.985 0.923068
14484 0.985 0.923053
14485 0.985 0.923024
14486 0.985 0.922983
14487 0.985 0.922929
14488 0.985 0.922866
14489 0.985 0.922824
14490 0.985 0.922802
14491 0.985 0.92279
14492 0.985 0.922787
14493 0.985 0.922791
14494 0.985 0.922803
14495 0.985 0.92282
14496 0.985 0.922821
14497 0.985 0.922805
14498 0.985 0.922776
14499 0.985 0.922734
14500 0.985 0.92268
14501 0.985 0.922647
14502 0.985 0.922634
14503 0.985 0.922637
14504 0.985 0.922655
14505 0.985 0.922657
14506 0.985 0.922642
14507 0.985 0.922644
14508 0.985 0.922662
14509 0.985 0.922663
14510 0.985 0.922648
14511 0.985 0.922649
14512 0.985 0.922667
14513 0.985 0.922667
14514 0.985 0.922651
14515 0.985 0.922653
14516 0.985 0.92267
14517 0.985 0.922701
14518 0.985 0.922744
14519 0.985 0.922768
14520 0.985 0.922805
14521 0.985 0.922854
14522 0.985 0.922882
14523 0.985 0.922892
14524 0.985 0.922885
14525 0.985 0.922863
14526 0.985 0.922827
14527 0.985 0.922811
14528 0.985 0.922812
14529 0.985 0.922821
14530 0.985 0.922836
14531 0.985 0.922857
14532 0.985 0.922884
14533 0.985 0.922892
14534 0.985 0.922883
14535 0.985 0.92286
14536 0.985 0.922824
14537 0.985 0.922806
14538 0.985 0.922807
14539 0.985 0.922822
14540 0.985 0.922852
14541 0.985 0.922895
14542 0.985 0.922949
14543 0.985 0.923014
14544 0.985 0.923056
14545 0.985 0.923079
14546 0.985 0.923083
14547 0.985 0.923071
14548 0.985 0.923045
14549 0.985 0.923005
14550 0.985 0.922954
14551 0.985 0.922892
14552 0.985 0.922821
14553 0.985 0.922764
14554 0.985 0.922721
14555 0.985 0.92269
14556 0.985 0.922669
14557 0.985 0.922658
14558 0.985 0.922656
14559 0.985 0.922662
14560 0.985 0.922674
14561 0.985 0.922693
14562 0.985 0.922695
14563 0.985 0.922681
14564 0.985 0.922652
14565 0.985 0.922611
14566 0.985 0.92259
14567 0.985 0.922578
14568 0.985 0.922575
14569 0.985 0.92258
14570 0.985 0.922593
14571 0.985 0.922612
14572 0.985 0.922637
14573 0.985 0.922667
14574 0.985 0.922701
14575 0.985 0.922717
14576 0.985 0.922747
14577 0.985 0.922758
14578 0.985 0.922752
14579 0.985 0.922755
14580 0.985 0.922765
14581 0.985 0.922782
14582 0.985 0.922804
14583 0.985 0.922832
14584 0.985 0.922865
14585 0.985 0.922879
14586 0.985 0.922876
14587 0.985 0.922889
14588 0.985 0.922917
14589 0.985 0.922925
14590 0.985 0.922918
14591 0.985 0.922895
14592 0.985 0.922859
14593 0.985 0.922834
14594 0.985 0.92282
14595 0.985 0.922814
14596 0.985 0.922817
14597 0.985 0.922827
14598 0.985 0.922844
14599 0.985 0.922843
14600 0.985 0.922827
14601 0.985 0.922797
14602 0.985 0.922754
14603 0.985 0.922731
14604 0.985 0.922726
14605 0.985 0.922737
14606 0.985 0.922763
14607 0.985 0.922802
14608 0.985 0.922853
14609 0.985 0.922914
14610 0.985 0.922985
14611 0.985 0.923033
14612 0.985 0.923061
14613 0.985 0.92307
14614 0.985 0.923062
14615 0.985 0.923071
14616 0.985 0.923063
14617 0.985 0.923041
14618 0.985 0.923036
14619 0.985 0.923016
14620 0.985 0.922982
14621 0.985 0.922936
14622 0.985 0.922911
14623 0.985 0.922903
14624 0.985 0.922912
14625 0.985 0.922905
14626 0.985 0.922882
14627 0.985 0.922846
14628 0.985 0.922798
14629 0.985 0.922739
14630 0.985 0.922694
14631 0.985 0.922661
14632 0.985 0.922639
14633 0.985 0.922628
14634 0.985 0.922625
14635 0.985 0.92263
14636 0.985 0.922643
14637 0.985 0.922662
14638 0.985 0.922687
14639 0.985 0.922717
14640 0.985 0.922728
14641 0.985 0.922723
14642 0.985 0.922703
14643 0.985 0.922669
14644 0.985 0.922654
14645 0.985 0.922656
14646 0.985 0.922674
14647 0.985 0.922705
14648 0.985 0.922749
14649 0.985 0.922804
14650 0.985 0.922838
14651 0.985 0.922853
14652 0.985 0.922851
14653 0.985 0.922834
14654 0.985 0.922802
14655 0.985 0.922758
14656 0.985 0.922734
14657 0.985 0.922728
14658 0.985 0.922738
14659 0.985 0.922763
14660 0.985 0.922801
14661 0.985 0.92282
14662 0.985 0.922821
14663 0.985 0.922806
14664 0.985 0.922778
14665 0.985 0.922767
14666 0.985 0.922774
14667 0.985 0.922795
14668 0.985 0.922799
14669 0.985 0.92281
14670 0.985 0.922827
14671 0.985 0.922851
14672 0.985 0.922881
14673 0.985 0.922915
14674 0.985 0.92293
14675 0.985 0.922959
14676 0.985 0.923001
14677 0.985 0.923023
14678 0.985 0.923028
14679 0.985 0.923016
14680 0.985 0.922989
14681 0.985 0.92295
14682 0.985 0.92293
14683 0.985 0.922928
14684 0.985 0.922941
14685 0.985 0.922938
14686 0.985 0.922919
14687 0.985 0.922887
14688 0.985 0.922842
14689 0.985 0.922786
14690 0.985 0.922751
14691 0.985 0.922735
14692 0.985 0.922737
14693 0.985 0.922754
14694 0.985 0.922785
14695 0.985 0.922797
14696 0.985 0.922793
14697 0.985 0.922773
14698 0.985 0.922771
14699 0.985 0.922784
14700 0.985 0.922781
14701 0.985 0.922762
14702 0.985 0.922761
14703 0.985 0.922776
14704 0.985 0.922797
14705 0.985 0.922824
14706 0.985 0.922856
14707 0.985 0.922892
14708 0.985 0.922941
14709 0.985 0.923
14710 0.985 0.923038
14711 0.985 0.923056
14712 0.985 0.923057
14713 0.985 0.923042
14714 0.985 0.923044
14715 0.985 0.923062
14716 0.985 0.923062
14717 0.985 0.923046
14718 0.985 0.923017
14719 0.985 0.922974
14720 0.985 0.922944
14721 0.985 0.922924
14722 0.985 0.922914
14723 0.985 0.922913
14724 0.985 0.92292
14725 0.985 0.922911
14726 0.985 0.922886
14727 0.985 0.922849
14728 0.985 0.922831
14729 0.985 0.92283
14730 0.985 0.922846
14731 0.985 0.922875
14732 0.985 0.922917
14733 0.985 0.922971
14734 0.985 0.923003
14735 0.985 0.923017
14736 0.985 0.923013
14737 0.985 0.922994
14738 0.985 0.922962
14739 0.985 0.922948
14740 0.985 0.922951
14741 0.985 0.922939
14742 0.985 0.922911
14743 0.985 0.922871
14744 0.985 0.92282
14745 0.985 0.922757
14746 0.985 0.922709
14747 0.985 0.922673
14748 0.985 0.922649
14749 0.985 0.922635
14750 0.985 0.92263
14751 0.985 0.922633
14752 0.985 0.922644
14753 0.985 0.922662
14754 0.985 0.922685
14755 0.985 0.922714
14756 0.985 0.922748
14757 0.985 0.922762
14758 0.985 0.922791
14759 0.985 0.922833
14760 0.985 0.922855
14761 0.985 0.922859
14762 0.985 0.922847
14763 0.985 0.922851
14764 0.985 0.922864
14765 0.985 0.922882
14766 0.985 0.922907
14767 0.985 0.922913
14768 0.985 0.922927
14769 0.985 0.922947
14770 0.985 0.922973
14771 0.985 0.923004
14772 0.985 0.923016
14773 0.985 0.923012
14774 0.985 0.922992
14775 0.985 0.922958
14776 0.985 0.922912
14777 0.985 0.922855
14778 0.985 0.922811
14779 0.985 0.922787
14780 0.985 0.922782
14781 0.985 0.922792
14782 0.985 0.922818
14783 0.985 0.922856
14784 0.985 0.922907
14785 0.985 0.922968
14786 0.985 0.923038
14787 0.985 0.923086
14788 0.985 0.923114
14789 0.985 0.923122
14790 0.985 0.923115
14791 0.985 0.923092
14792 0.985 0.923056
14793 0.985 0.923007
14794 0.985 0.922948
14795 0.985 0.922911
14796 0.985 0.922893
14797 0.985 0.922892
14798 0.985 0.922907
14799 0.985 0.922937
14800 0.985 0.922947
14801 0.985 0.922941
14802 0.985 0.92292
14803 0.985 0.922886
14804 0.985 0.922839
14805 0.985 0.922812
14806 0.985 0.922804
14807 0.985 0.922812
14808 0.985 0.922835
14809 0.985 0.922872
14810 0.985 0.922889
14811 0.985 0.922889
14812 0.985 0.922873
14813 0.985 0.922843
14814 0.985 0.9228
14815 0.985 0.922746
14816 0.985 0.922705
14817 0.985 0.922677
14818 0.985 0.922666
14819 0.985 0.922673
14820 0.985 0.922694
14821 0.985 0.922729
14822 0.985 0.922776
14823 0.985 0.922803
14824 0.985 0.922811
14825 0.985 0.922803
14826 0.985 0.92278
14827 0.985 0.922767
14828 0.985 0.922764
14829 0.985 0.922769
14830 0.985 0.922781
14831 0.985 0.922799
14832 0.985 0.922824
14833 0.985 0.922831
14834 0.985 0.922821
14835 0.985 0.922797
14836 0.985 0.922759
14837 0.985 0.92271
14838 0.985 0.922673
14839 0.985 0.922648
14840 0.985 0.922634
14841 0.985 0.922628
14842 0.985 0.922632
14843 0.985 0.922642
14844 0.985 0.92266
14845 0.985 0.922684
14846 0.985 0.922713
14847 0.985 0.922724
14848 0.985 0.922718
14849 0.985 0.922697
14850 0.985 0.922662
14851 0.985 0.922639
14852 0.985 0.922626
14853 0.985 0.922622
14854 0.985 0.922626
14855 0.985 0.922638
14856 0.985 0.922656
14857 0.985 0.922688
14858 0.985 0.922702
14859 0.985 0.922698
14860 0.985 0.92271
14861 0.985 0.922737
14862 0.985 0.922777
14863 0.985 0.922828
14864 0.985 0.922859
14865 0.985 0.922871
14866 0.985 0.922866
14867 0.985 0.922846
14868 0.985 0.922843
14869 0.985 0.922857
14870 0.985 0.922885
14871 0.985 0.922894
14872 0.985 0.922887
14873 0.985 0.922896
14874 0.985 0.922888
14875 0.985 0.922866
14876 0.985 0.92283
14877 0.985 0.922782
14878 0.985 0.922755
14879 0.985 0.922746
14880 0.985 0.922722
14881 0.985 0.922685
14882 0.985 0.922636
14883 0.985 0.922599
14884 0.985 0.922574
14885 0.985 0.92256
14886 0.985 0.922555
14887 0.985 0.922558
14888 0.985 0.922569
14889 0.985 0.922586
14890 0.985 0.922618
14891 0.985 0.922662
14892 0.985 0.922709
14893 0.985 0.92276
14894 0.985 0.922813
14895 0.985 0.922869
14896 0.985 0.922904
14897 0.985 0.922919
14898 0.985 0.922918
14899 0.985 0.9229
14900 0.985 0.922869
14901 0.985 0.922825
14902 0.985 0.922793
14903 0.985 0.922781
14904 0.985 0.922785
14905 0.985 0.922804
14906 0.985 0.922806
14907 0.985 0.922792
14908 0.985 0.922764
14909 0.985 0.922746
14910 0.985 0.922738
14911 0.985 0.922739
14912 0.985 0.922747
14913 0.985 0.922739
14914 0.985 0.922716
14915 0.985 0.922711
14916 0.985 0.922723
14917 0.985 0.922748
14918 0.985 0.922787
14919 0.985 0.922838
14920 0.985 0.922899
14921 0.985 0.922939
14922 0.985 0.922959
14923 0.985 0.922961
14924 0.985 0.922947
14925 0.985 0.922919
14926 0.985 0.922878
14927 0.985 0.922857
14928 0.985 0.922853
14929 0.985 0.922866
14930 0.985 0.922893
14931 0.985 0.922902
14932 0.985 0.922894
14933 0.985 0.922871
14934 0.985 0.922835
14935 0.985 0.922787
14936 0.985 0.922728
14937 0.985 0.922682
14938 0.985 0.922649
14939 0.985 0.922627
14940 0.985 0.922614
14941 0.985 0.922611
14942 0.985 0.922616
14943 0.985 0.922627
14944 0.985 0.922646
14945 0.985 0.922678
14946 0.985 0.922722
14947 0.985 0.922778
14948 0.985 0.922844
14949 0.985 0.922919
14950 0.985 0.923002
14951 0.985 0.923062
14952 0.985 0.923099
14953 0.985 0.923117
14954 0.985 0.923118
14955 0.985 0.923102
14956 0.985 0.923073
14957 0.985 0.923062
14958 0.985 0.923037
14959 0.985 0.922998
14960 0.985 0.922979
14961 0.985 0.922977
14962 0.985 0.922992
14963 0.985 0.922989
14964 0.985 0.923002
14965 0.985 0.922999
14966 0.985 0.922979
14967 0.985 0.922978
14968 0.985 0.922992
14969 0.985 0.923021
14970 0.985 0.923031
14971 0.985 0.923024
14972 0.985 0.923003
14973 0.985 0.922967
14974 0.985 0.922951
14975 0.985 0.922953
14976 0.985 0.922938
14977 0.985 0.922909
14978 0.985 0.922891
14979 0.985 0.922882
14980 0.985 0.922882
14981 0.985 0.922867
14982 0.985 0.922837
14983 0.985 0.922794
14984 0.985 0.922772
14985 0.985 0.922767
14986 0.985 0.922778
14987 0.985 0.922804
14988 0.985 0.922812
14989 0.985 0.922835
14990 0.985 0.922839
14991 0.985 0.922828
14992 0.985 0.922802
14993 0.985 0.922794
14994 0.985 0.922803
14995 0.985 0.922827
14996 0.985 0.922864
14997 0.985 0.922912
14998 0.985 0.922941
14999 0.985 0.922974
15000 0.985 0.923012
