14000 0.985 0.859001
14001 0.985 0.858964
14002 0.985 0.858922
14003 0.985 0.858877
14004 0.985 0.858853
14005 0.985 0.858846
14006 0.985 0.858832
14007 0.985 0.858811
14008 0.985 0.858785
14009 0.985 0.858754
14010 0.985 0.858717
14011 0.985 0.858677
14012 0.985 0.858632
14013 0.985 0.858584
14014 0.985 0.858533
14015 0.985 0.858503
14016 0.985 0.858491
14017 0.985 0.858496
14018 0.985 0.858516
14019 0.985 0.85855
14020 0.985 0.858597
14021 0.985 0.858654
14022 0.985 0.858697
14023 0.985 0.858728
14024 0.985 0.858749
14025 0.985 0.858759
14026 0.985 0.85876
14027 0.985 0.858753
14028 0.985 0.858739
14029 0.985 0.858742
14030 0.985 0.85876
14031 0.985 0.858792
14032 0.985 0.858837
14033 0.985 0.858869
14034 0.985 0.85889
14035 0.985 0.858901
14036 0.985 0.858903
14037 0.985 0.858896
14038 0.985 0.858883
14039 0.985 0.858863
14040 0.985 0.858837
14041 0.985 0.858806
14042 0.985 0.858793
14043 0.985 0.858797
14044 0.985 0.858817
14045 0.985 0.85885
14046 0.985 0.858896
14047 0.985 0.858952
14048 0.985 0.858995
14049 0.985 0.859026
14050 0.985 0.859045
14051 0.985 0.859055
14052 0.985 0.85908
14053 0.985 0.859117
14054 0.985 0.859167
14055 0.985 0.859227
14056 0.985 0.859296
14057 0.985 0.859375
14058 0.985 0.859461
14059 0.985 0.859554
14060 0.985 0.859629
14061 0.985 0.85969
14062 0.985 0.859736
14063 0.985 0.85977
14064 0.985 0.859793
14065 0.985 0.859806
14066 0.985 0.859833
14067 0.985 0.859873
14068 0.985 0.859901
14069 0.985 0.859918
14070 0.985 0.85995
14071 0.985 0.859994
14072 0.985 0.860049
14073 0.985 0.86009
14074 0.985 0.860144
14075 0.985 0.860207
14076 0.985 0.86028
14077 0.985 0.860361
14078 0.985 0.860419
14079 0.985 0.860486
14080 0.985 0.860531
14081 0.985 0.860587
14082 0.985 0.860622
14083 0.985 0.860638
14084 0.985 0.860636
14085 0.985 0.860619
14086 0.985 0.860588
14087 0.985 0.860545
14088 0.985 0.86049
14089 0.985 0.860425
14090 0.985 0.860382
14091 0.985 0.860359
14092 0.985 0.860322
14093 0.985 0.860274
14094 0.985 0.860215
14095 0.985 0.860146
14096 0.985 0.860068
14097 0.985 0.859983
14098 0.985 0.859922
14099 0.985 0.859882
14100 0.985 0.859862
14101 0.985 0.85986
14102 0.985 0.859873
14103 0.985 0.85987
14104 0.985 0.859882
14105 0.985 0.859909
14106 0.985 0.859918
14107 0.985 0.859941
14108 0.985 0.859977
14109 0.985 0.860026
14110 0.985 0.860085
14111 0.985 0.860123
14112 0.985 0.860149
14113 0.985 0.860165
14114 0.985 0.860195
14115 0.985 0.860237
14116 0.985 0.860291
14117 0.985 0.860332
14118 0.985 0.860361
14119 0.985 0.860371
14120 0.985 0.860396
14121 0.985 0.860403
14122 0.985 0.860393
14123 0.985 0.8604
14124 0.985 0.860422
14125 0.985 0.860458
14126 0.985 0.860474
14127 0.985 0.860473
14128 0.985 0.860465
14129 0.985 0.860449
14130 0.985 0.860427
14131 0.985 0.8604
14132 0.985 0.860368
14133 0.985 0.860331
14134 0.985 0.86029
14135 0.985 0.860238
14136 0.985 0.860175
14137 0.985 0.860103
14138 0.985 0.860022
14139 0.985 0.859934
14140 0.985 0.859847
14141 0.985 0.859761
14142 0.985 0.859675
14143 0.985 0.859591
14144 0.985 0.85953
14145 0.985 0.859491
14146 0.985 0.859472
14147 0.985 0.85947
14148 0.985 0.859483
14149 0.985 0.859511
14150 0.985 0.859552
14151 0.985 0.859605
14152 0.985 0.859667
14153 0.985 0.859708
14154 0.985 0.859729
14155 0.985 0.859764
14156 0.985 0.85981
14157 0.985 0.859868
14158 0.985 0.859935
14159 0.985 0.859981
14160 0.985 0.860006
14161 0.985 0.860013
14162 0.985 0.860003
14163 0.985 0.859979
14164 0.985 0.859973
14165 0.985 0.85996
14166 0.985 0.85994
14167 0.985 0.859938
14168 0.985 0.859951
14169 0.985 0.859979
14170 0.985 0.86002
14171 0.985 0.860072
14172 0.985 0.860135
14173 0.985 0.860176
14174 0.985 0.860197
14175 0.985 0.8602
14176 0.985 0.860187
14177 0.985 0.860192
14178 0.985 0.860211
14179 0.985 0.860213
14180 0.985 0.860199
14181 0.985 0.860171
14182 0.985 0.86013
14183 0.985 0.860077
14184 0.985 0.860014
14185 0.985 0.859942
14186 0.985 0.859893
14187 0.985 0.859864
14188 0.985 0.859854
14189 0.985 0.85986
14190 0.985 0.859882
14191 0.985 0.859917
14192 0.985 0.859964
14193 0.985 0.85999
14194 0.985 0.859999
14195 0.985 0.860022
14196 0.985 0.860058
14197 0.985 0.860107
14198 0.985 0.860135
14199 0.985 0.860144
14200 0.985 0.860137
14201 0.985 0.860146
14202 0.985 0.86017
14203 0.985 0.860208
14204 0.985 0.860226
14205 0.985 0.860226
14206 0.985 0.860211
14207 0.985 0.860189
14208 0.985 0.860162
14209 0.985 0.86013
14210 0.985 0.860093
14211 0.985 0.860076
14212 0.985 0.860076
14213 0.985 0.860091
14214 0.985 0.860121
14215 0.985 0.860163
14216 0.985 0.860217
14217 0.985 0.86025
14218 0.985 0.860264
14219 0.985 0.860268
14220 0.985 0.860265
14221 0.985 0.860254
14222 0.985 0.860236
14223 0.985 0.860212
14224 0.985 0.860183
14225 0.985 0.860173
14226 0.985 0.860179
14227 0.985 0.8602
14228 0.985 0.860234
14229 0.985 0.860281
14230 0.985 0.860308
14231 0.985 0.860316
14232 0.985 0.860339
14233 0.985 0.860376
14234 0.985 0.860424
14235 0.985 0.860452
14236 0.985 0.860461
14237 0.985 0.860462
14238 0.985 0.860455
14239 0.985 0.860433
14240 0.985 0.860398
14241 0.985 0.86035
14242 0.985 0.860292
14243 0.985 0.860223
14244 0.985 0.860146
14245 0.985 0.860061
14246 0.985 0.859969
14247 0.985 0.859902
14248 0.985 0.859857
14249 0.985 0.859832
14250 0.985 0.859826
14251 0.985 0.859835
14252 0.985 0.859859
14253 0.985 0.859897
14254 0.985 0.859946
14255 0.985 0.860006
14256 0.985 0.860076
14257 0.985 0.860154
14258 0.985 0.86024
14259 0.985 0.860302
14260 0.985 0.860342
14261 0.985 0.860362
14262 0.985 0.860365
14263 0.985 0.860352
14264 0.985 0.860324
14265 0.985 0.860284
14266 0.985 0.860232
14267 0.985 0.860169
14268 0.985 0.860097
14269 0.985 0.860017
14270 0.985 0.859929
14271 0.985 0.859866
14272 0.985 0.859824
14273 0.985 0.859802
14274 0.985 0.859798
14275 0.985 0.859811
14276 0.985 0.859837
14277 0.985 0.859877
14278 0.985 0.859928
14279 0.985 0.859989
14280 0.985 0.860061
14281 0.985 0.86014
14282 0.985 0.860228
14283 0.985 0.860322
14284 0.985 0.860391
14285 0.985 0.860438
14286 0.985 0.860464
14287 0.985 0.860472
14288 0.985 0.860464
14289 0.985 0.86044
14290 0.985 0.860404
14291 0.985 0.860386
14292 0.985 0.860387
14293 0.985 0.860402
14294 0.985 0.860401
14295 0.985 0.860384
14296 0.985 0.860384
14297 0.985 0.8604
14298 0.985 0.860399
14299 0.985 0.860382
14300 0.985 0.860383
14301 0.985 0.860399
14302 0.985 0.860398
14303 0.985 0.860381
14304 0.985 0.860351
14305 0.985 0.860307
14306 0.985 0.860253
14307 0.985 0.860188
14308 0.985 0.860114
14309 0.985 0.860063
14310 0.985 0.860033
14311 0.985 0.860022
14312 0.985 0.860027
14313 0.985 0.860048
14314 0.985 0.860082
14315 0.985 0.860128
14316 0.985 0.860186
14317 0.985 0.860253
14318 0.985 0.860298
14319 0.985 0.860354
14320 0.985 0.86042
14321 0.985 0.860464
14322 0.985 0.860519
14323 0.985 0.860552
14324 0.985 0.860599
14325 0.985 0.860656
14326 0.985 0.860692
14327 0.985 0.860708
14328 0.985 0.860708
14329 0.985 0.860691
14330 0.985 0.860661
14331 0.985 0.860618
14332 0.985 0.860563
14333 0.985 0.860499
14334 0.985 0.860425
14335 0.985 0.860374
14336 0.985 0.860344
14337 0.985 0.860332
14338 0.985 0.860338
14339 0.985 0.860358
14340 0.985 0.860361
14341 0.985 0.860348
14342 0.985 0.860352
14343 0.985 0.860371
14344 0.985 0.860404
14345 0.985 0.860418
14346 0.985 0.860415
14347 0.985 0.860396
14348 0.985 0.860364
14349 0.985 0.860319
14350 0.985 0.860295
14351 0.985 0.860288
14352 0.985 0.860298
14353 0.985 0.860323
14354 0.985 0.86036
14355 0.985 0.86041
14356 0.985 0.86047
14357 0.985 0.860509
14358 0.985 0.860559
14359 0.985 0.86062
14360 0.985 0.860691
14361 0.985 0.86077
14362 0.985 0.860826
14363 0.985 0.86086
14364 0.985 0.860876
14365 0.985 0.860874
14366 0.985 0.860856
14367 0.985 0.860856
14368 0.985 0.86084
14369 0.985 0.86081
14370 0.985 0.860799
14371 0.985 0.860805
14372 0.985 0.860826
14373 0.985 0.860829
14374 0.985 0.860847
14375 0.985 0.860848
14376 0.985 0.860864
14377 0.985 0.860864
14378 0.985 0.860847
14379 0.985 0.860817
14380 0.985 0.860773
14381 0.985 0.860719
14382 0.985 0.860654
14383 0.985 0.86058
14384 0.985 0.860529
14385 0.985 0.860468
14386 0.985 0.860428
14387 0.985 0.860408
14388 0.985 0.860405
14389 0.985 0.860388
14390 0.985 0.860356
14391 0.985 0.860343
14392 0.985 0.860347
14393 0.985 0.860366
14394 0.985 0.860368
14395 0.985 0.860354
14396 0.985 0.860326
14397 0.985 0.860285
14398 0.985 0.860232
14399 0.985 0.860169
14400 0.985 0.860097
14401 0.985 0.860047
14402 0.985 0.860018
14403 0.985 0.860008
14404 0.985 0.860014
14405 0.985 0.860036
14406 0.985 0.860071
14407 0.985 0.860118
14408 0.985 0.860176
14409 0.985 0.860244
14410 0.985 0.86032
14411 0.985 0.860405
14412 0.985 0.860497
14413 0.985 0.860595
14414 0.985 0.8607
14415 0.985 0.860778
14416 0.985 0.860832
14417 0.985 0.860866
14418 0.985 0.86088
14419 0.985 0.860878
14420 0.985 0.860859
14421 0.985 0.860827
14422 0.985 0.860783
14423 0.985 0.860727
14424 0.985 0.860661
14425 0.985 0.860586
14426 0.985 0.860503
14427 0.985 0.860413
14428 0.985 0.860315
14429 0.985 0.860244
14430 0.985 0.860195
14431 0.985 0.860166
14432 0.985 0.860156
14433 0.985 0.860163
14434 0.985 0.860185
14435 0.985 0.86022
14436 0.985 0.860236
14437 0.985 0.860235
14438 0.985 0.860218
14439 0.985 0.860188
14440 0.985 0.860176
14441 0.985 0.860181
14442 0.985 0.860169
14443 0.985 0.860144
14444 0.985 0.860105
14445 0.985 0.860086
14446 0.985 0.860084
14447 0.985 0.860067
14448 0.985 0.860036
14449 0.985 0.860023
14450 0.985 0.860028
14451 0.985 0.860047
14452 0.985 0.860081
14453 0.985 0.860126
14454 0.985 0.860183
14455 0.985 0.86025
14456 0.985 0.860326
14457 0.985 0.860378
14458 0.985 0.86041
14459 0.985 0.860422
14460 0.985 0.860418
14461 0.985 0.860399
14462 0.985 0.860366
14463 0.985 0.86032
14464 0.985 0.860295
14465 0.985 0.860288
14466 0.985 0.860297
14467 0.985 0.860321
14468 0.985 0.860359
14469 0.985 0.860408
14470 0.985 0.860468
14471 0.985 0.860537
14472 0.985 0.860584
14473 0.985 0.860611
14474 0.985 0.860651
14475 0.985 0.860702
14476 0.985 0.860764
14477 0.985 0.860835
14478 0.985 0.860884
14479 0.985 0.860912
14480 0.985 0.860921
14481 0.985 0.860914
14482 0.985 0.860892
14483 0.985 0.860857
14484 0.985 0.86084
14485 0.985 0.860841
14486 0.985 0.860827
14487 0.985 0.860798
14488 0.985 0.860756
14489 0.985 0.860702
14490 0.985 0.860639
14491 0.985 0.860566
14492 0.985 0.860484
14493 0.985 0.860427
14494 0.985 0.860391
14495 0.985 0.860374
14496 0.985 0.860374
14497 0.985 0.86039
14498 0.985 0.86042
14499 0.985 0.860432
14500 0.985 0.860426
14501 0.985 0.860406
14502 0.985 0.860372
14503 0.985 0.860325
14504 0.985 0.860299
14505 0.985 0.860291
14506 0.985 0.8603
14507 0.985 0.860292
14508 0.985 0.860301
14509 0.985 0.860324
14510 0.985 0.860329
14511 0.985 0.860318
14512 0.985 0.860324
14513 0.985 0.860314
14514 0.985 0.86032
14515 0.985 0.860342
14516 0.985 0.860376
14517 0.985 0.860424
14518 0.985 0.860481
14519 0.985 0.860549
14520 0.985 0.860626
14521 0.985 0.860679
14522 0.985 0.860712
14523 0.985 0.860725
14524 0.985 0.860722
14525 0.985 0.860703
14526 0.985 0.86067
14527 0.985 0.860656
14528 0.985 0.860628
14529 0.985 0.860619
14530 0.985 0.860626
14531 0.985 0.860648
14532 0.985 0.860683
14533 0.985 0.8607
14534 0.985 0.860699
14535 0.985 0.860713
14536 0.985 0.860742
14537 0.985 0.860753
14538 0.985 0.860778
14539 0.985 0.860816
14540 0.985 0.860835
14541 0.985 0.860867
14542 0.985 0.860912
14543 0.985 0.860937
14544 0.985 0.860944
14545 0.985 0.860934
14546 0.985 0.860909
14547 0.985 0.860872
14548 0.985 0.860822
14549 0.985 0.860762
14550 0.985 0.860692
14551 0.985 0.860613
14552 0.985 0.860527
14553 0.985 0.860434
14554 0.985 0.860365
14555 0.985 0.860319
14556 0.985 0.860293
14557 0.985 0.860255
14558 0.985 0.860204
14559 0.985 0.860174
14560 0.985 0.860163
14561 0.985 0.860169
14562 0.985 0.860189
14563 0.985 0.860223
14564 0.985 0.860238
14565 0.985 0.860236
14566 0.985 0.860219
14567 0.985 0.860187
14568 0.985 0.860175
14569 0.985 0.860179
14570 0.985 0.860199
14571 0.985 0.860232
14572 0.985 0.860277
14573 0.985 0.860334
14574 0.985 0.860401
14575 0.985 0.860445
14576 0.985 0.860469
14577 0.985 0.860475
14578 0.985 0.860465
14579 0.985 0.860472
14580 0.985 0.860493
14581 0.985 0.860528
14582 0.985 0.860576
14583 0.985 0.860634
14584 0.985 0.860702
14585 0.985 0.860748
14586 0.985 0.860773
14587 0.985 0.86078
14588 0.985 0.860771
14589 0.985 0.860747
14590 0.985 0.86071
14591 0.985 0.86066
14592 0.985 0.8606
14593 0.985 0.860531
14594 0.985 0.860484
14595 0.985 0.860457
14596 0.985 0.860449
14597 0.985 0.860457
14598 0.985 0.86048
14599 0.985 0.860516
14600 0.985 0.860564
14601 0.985 0.860592
14602 0.985 0.860602
14603 0.985 0.860594
14604 0.985 0.860604
14605 0.985 0.860628
14606 0.985 0.860665
14607 0.985 0.860714
14608 0.985 0.860774
14609 0.985 0.860844
14610 0.985 0.860922
14611 0.985 0.861009
14612 0.985 0.861071
14613 0.985 0.861111
14614 0.985 0.861131
14615 0.985 0.861134
14616 0.985 0.86112
14617 0.985 0.861093
14618 0.985 0.861052
14619 0.985 0.860999
14620 0.985 0.860936
14621 0.985 0.860896
14622 0.985 0.860874
14623 0.985 0.86084
14624 0.985 0.860793
14625 0.985 0.860735
14626 0.985 0.860667
14627 0.985 0.86059
14628 0.985 0.860506
14629 0.985 0.860414
14630 0.985 0.860315
14631 0.985 0.860242
14632 0.985 0.860192
14633 0.985 0.860163
14634 0.985 0.860152
14635 0.985 0.860158
14636 0.985 0.860179
14637 0.985 0.860214
14638 0.985 0.86026
14639 0.985 0.860318
14640 0.985 0.860354
14641 0.985 0.860371
14642 0.985 0.860371
14643 0.985 0.860355
14644 0.985 0.860356
14645 0.985 0.860373
14646 0.985 0.860404
14647 0.985 0.860447
14648 0.985 0.860502
14649 0.985 0.860535
14650 0.985 0.86055
14651 0.985 0.860547
14652 0.985 0.860529
14653 0.985 0.860529
14654 0.985 0.860544
14655 0.985 0.860542
14656 0.985 0.860525
14657 0.985 0.860525
14658 0.985 0.86054
14659 0.985 0.860539
14660 0.985 0.860522
14661 0.985 0.860522
14662 0.985 0.860538
14663 0.985 0.860568
14664 0.985 0.860579
14665 0.985 0.860574
14666 0.985 0.860553
14667 0.985 0.86055
14668 0.985 0.860563
14669 0.985 0.860591
14670 0.985 0.860631
14671 0.985 0.860683
14672 0.985 0.860746
14673 0.985 0.860818
14674 0.985 0.860898
14675 0.985 0.860955
14676 0.985 0.86099
14677 0.985 0.861006
14678 0.985 0.861005
14679 0.985 0.860988
14680 0.985 0.860957
14681 0.985 0.860914
14682 0.985 0.86089
14683 0.985 0.860885
14684 0.985 0.860865
14685 0.985 0.86083
14686 0.985 0.860784
14687 0.985 0.860726
14688 0.985 0.860659
14689 0.985 0.860614
14690 0.985 0.860589
14691 0.985 0.860582
14692 0.985 0.860592
14693 0.985 0.860585
14694 0.985 0.860563
14695 0.985 0.860559
14696 0.985 0.860571
14697 0.985 0.860566
14698 0.985 0.860546
14699 0.985 0.860544
14700 0.985 0.860557
14701 0.985 0.860554
14702 0.985 0.860566
14703 0.985 0.860593
14704 0.985 0.860633
14705 0.985 0.860685
14706 0.985 0.860747
14707 0.985 0.860819
14708 0.985 0.860899
14709 0.985 0.860987
14710 0.985 0.86105
14711 0.985 0.861091
14712 0.985 0.861113
14713 0.985 0.861116
14714 0.985 0.861104
14715 0.985 0.861077
14716 0.985 0.861037
14717 0.985 0.860985
14718 0.985 0.860923
14719 0.985 0.860851
14720 0.985 0.860802
14721 0.985 0.860774
14722 0.985 0.860764
14723 0.985 0.86074
14724 0.985 0.860733
14725 0.985 0.860743
14726 0.985 0.860737
14727 0.985 0.860715
14728 0.985 0.860711
14729 0.985 0.860723
14730 0.985 0.86075
14731 0.985 0.86079
14732 0.985 0.860841
14733 0.985 0.860903
14734 0.985 0.860951
14735 0.985 0.860979
14736 0.985 0.860988
14737 0.985 0.860981
14738 0.985 0.860958
14739 0.985 0.860922
14740 0.985 0.860874
14741 0.985 0.860815
14742 0.985 0.860746
14743 0.985 0.860669
14744 0.985 0.860583
14745 0.985 0.860491
14746 0.985 0.860391
14747 0.985 0.860318
14748 0.985 0.860268
14749 0.985 0.860238
14750 0.985 0.860227
14751 0.985 0.860232
14752 0.985 0.860253
14753 0.985 0.860288
14754 0.985 0.860334
14755 0.985 0.860392
14756 0.985 0.860459
14757 0.985 0.860536
14758 0.985 0.860589
14759 0.985 0.860652
14760 0.985 0.860694
14761 0.985 0.860715
14762 0.985 0.860719
14763 0.985 0.860707
14764 0.985 0.860711
14765 0.985 0.860731
14766 0.985 0.860765
14767 0.985 0.860811
14768 0.985 0.860836
14769 0.985 0.860844
14770 0.985 0.860866
14771 0.985 0.86087
14772 0.985 0.860859
14773 0.985 0.860832
14774 0.985 0.860793
14775 0.985 0.860742
14776 0.985 0.860712
14777 0.985 0.8607
14778 0.985 0.860706
14779 0.985 0.860726
14780 0.985 0.86076
14781 0.985 0.860807
14782 0.985 0.860864
14783 0.985 0.8609
14784 0.985 0.860917
14785 0.985 0.860948
14786 0.985 0.860991
14787 0.985 0.861046
14788 0.985 0.86108
14789 0.985 0.861094
14790 0.985 0.861092
14791 0.985 0.861074
14792 0.985 0.861042
14793 0.985 0.860997
14794 0.985 0.860941
14795 0.985 0.860907
14796 0.985 0.860892
14797 0.985 0.860894
14798 0.985 0.86088
14799 0.985 0.860851
14800 0.985 0.86081
14801 0.985 0.860757
14802 0.985 0.860726
14803 0.985 0.860713
14804 0.985 0.860717
14805 0.985 0.860705
14806 0.985 0.86071
14807 0.985 0.860698
14808 0.985 0.860673
14809 0.985 0.860641
14810 0.985 0.860606
14811 0.985 0.860566
14812 0.985 0.860522
14813 0.985 0.860474
14814 0.985 0.860447
14815 0.985 0.860439
14816 0.985 0.860447
14817 0.985 0.86047
14818 0.985 0.860506
14819 0.985 0.860523
14820 0.985 0.860523
14821 0.985 0.860507
14822 0.985 0.860484
14823 0.985 0.860457
14824 0.985 0.860424
14825 0.985 0.860386
14826 0.985 0.860345
14827 0.985 0.860299
14828 0.985 0.860251
14829 0.985 0.860199
14830 0.985 0.860145
14831 0.985 0.860088
14832 0.985 0.860029
14833 0.985 0.859991
14834 0.985 0.859973
14835 0.985 0.859972
14836 0.985 0.859988
14837 0.985 0.859993
14838 0.985 0.859991
14839 0.985 0.85998
14840 0.985 0.859963
14841 0.985 0.85994
14842 0.985 0.859911
14843 0.985 0.859877
14844 0.985 0.859838
14845 0.985 0.859819
14846 0.985 0.859818
14847 0.985 0.859832
14848 0.985 0.859861
14849 0.985 0.859903
14850 0.985 0.859956
14851 0.985 0.860019
14852 0.985 0.860092
14853 0.985 0.860173
14854 0.985 0.860238
14855 0.985 0.860289
14856 0.985 0.860327
14857 0.985 0.860353
14858 0.985 0.860369
14859 0.985 0.860399
14860 0.985 0.860441
14861 0.985 0.860495
14862 0.985 0.860559
14863 0.985 0.860602
14864 0.985 0.860624
14865 0.985 0.86066
14866 0.985 0.860707
14867 0.985 0.860735
14868 0.985 0.860744
14869 0.985 0.860736
14870 0.985 0.860745
14871 0.985 0.860768
14872 0.985 0.860774
14873 0.985 0.860763
14874 0.985 0.860738
14875 0.985 0.860699
14876 0.985 0.860649
14877 0.985 0.860588
14878 0.985 0.860525
14879 0.985 0.860461
14880 0.985 0.860396
14881 0.985 0.860352
14882 0.985 0.860329
14883 0.985 0.860324
14884 0.985 0.860335
14885 0.985 0.86036
14886 0.985 0.860399
14887 0.985 0.860426
14888 0.985 0.860466
14889 0.985 0.860517
14890 0.985 0.860548
14891 0.985 0.860568
14892 0.985 0.860578
14893 0.985 0.860579
14894 0.985 0.860572
14895 0.985 0.860582
14896 0.985 0.860606
14897 0.985 0.860644
14898 0.985 0.86067
14899 0.985 0.860685
14900 0.985 0.860691
14901 0.985 0.860689
14902 0.985 0.860671
14903 0.985 0.86064
14904 0.985 0.860595
14905 0.985 0.860571
14906 0.985 0.860565
14907 0.985 0.860576
14908 0.985 0.860569
14909 0.985 0.860548
14910 0.985 0.86052
14911 0.985 0.860488
14912 0.985 0.860475
14913 0.985 0.860478
14914 0.985 0.860497
14915 0.985 0.86053
14916 0.985 0.860575
14917 0.985 0.860632
14918 0.985 0.860698
14919 0.985 0.860742
14920 0.985 0.860798
14921 0.985 0.860832
14922 0.985 0.860847
14923 0.985 0.860845
14924 0.985 0.860827
14925 0.985 0.860796
14926 0.985 0.860783
14927 0.985 0.860787
14928 0.985 0.860775
14929 0.985 0.860749
14930 0.985 0.86071
14931 0.985 0.86069
14932 0.985 0.860656
14933 0.985 0.860611
14934 0.985 0.860554
14935 0.985 0.860487
14936 0.985 0.860411
14937 0.985 0.860358
14938 0.985 0.860327
14939 0.985 0.860314
14940 0.985 0.860318
14941 0.985 0.860337
14942 0.985 0.860371
14943 0.985 0.860416
14944 0.985 0.860473
14945 0.985 0.86054
14946 0.985 0.860615
14947 0.985 0.860699
14948 0.985 0.86079
14949 0.985 0.860888
14950 0.985 0.860992
14951 0.985 0.86107
14952 0.985 0.861124
14953 0.985 0.861157
14954 0.985 0.861171
14955 0.985 0.861168
14956 0.985 0.861149
14957 0.985 0.861117
14958 0.985 0.861072
14959 0.985 0.861015
14960 0.985 0.860981
14961 0.985 0.860965
14962 0.985 0.860967
14963 0.985 0.860984
14964 0.985 0.860984
14965 0.985 0.860968
14966 0.985 0.860969
14967 0.985 0.860986
14968 0.985 0.860986
14969 0.985 0.86097
14970 0.985 0.860971
14971 0.985 0.860988
14972 0.985 0.860987
14973 0.985 0.860971
14974 0.985 0.860941
14975 0.985 0.860898
14976 0.985 0.860874
14977 0.985 0.860838
14978 0.985 0.86079
14979 0.985 0.86073
14980 0.985 0.860693
14981 0.985 0.860674
14982 0.985 0.860642
14983 0.985 0.860598
14984 0.985 0.860573
14985 0.985 0.860567
14986 0.985 0.860577
14987 0.985 0.860601
14988 0.985 0.860639
14989 0.985 0.860658
14990 0.985 0.860659
14991 0.985 0.860644
14992 0.985 0.860646
14993 0.985 0.860664
14994 0.985 0.860696
14995 0.985 0.86074
14996 0.985 0.860764
14997 0.985 0.86077
14998 0.985 0.860791
14999 0.985 0.860818
15000 0.985 0.860849
