14000 0.691769 0.414853
14001 0.691808 0.414804
14002 0.691851 0.414746
14003 0.691897 0.41468
14004 0.691925 0.414629
14005 0.691937 0.414591
14006 0.691935 0.414565
14007 0.691919 0.414549
14008 0.691891 0.414542
14009 0.691853 0.414545
14010 0.691805 0.414554
14011 0.691748 0.414571
14012 0.691705 0.414573
14013 0.691675 0.414561
14014 0.691655 0.414537
14015 0.691645 0.414502
14016 0.691644 0.414456
14017 0.691651 0.414402
14018 0.691666 0.41434
14019 0.691687 0.41427
14020 0.691713 0.414194
14021 0.691724 0.414134
14022 0.691741 0.414066
14023 0.691765 0.413991
14024 0.691794 0.41391
14025 0.691807 0.413846
14026 0.691805 0.413795
14027 0.69179 0.413758
14028 0.691763 0.413732
14029 0.691725 0.413717
14030 0.691677 0.413711
14031 0.69162 0.413713
14032 0.691556 0.413723
14033 0.691485 0.41374
14034 0.691407 0.413763
14035 0.691345 0.413771
14036 0.691297 0.413764
14037 0.691262 0.413744
14038 0.691238 0.413713
14039 0.691224 0.413671
14040 0.691219 0.41362
14041 0.691223 0.41356
14042 0.691234 0.413493
14043 0.69123 0.413441
14044 0.691213 0.413401
14045 0.691184 0.413373
14046 0.691159 0.413364
14047 0.691136 0.413371
14048 0.691116 0.413393
14049 0.691098 0.413429
14050 0.691069 0.413469
14051 0.69105 0.413491
14052 0.69104 0.413497
14053 0.69104 0.413489
14054 0.691047 0.413469
14055 0.691061 0.413437
14056 0.691082 0.413394
14057 0.691108 0.413342
14058 0.691132 0.413311
14059 0.691154 0.413299
14060 0.691174 0.413304
14061 0.691192 0.413323
14062 0.691217 0.413328
14063 0.691246 0.413318
14064 0.691259 0.413317
14065 0.691258 0.413324
14066 0.691264 0.413317
14067 0.691277 0.413297
14068 0.691297 0.413265
14069 0.691323 0.413223
14070 0.691354 0.413172
14071 0.691389 0.413112
14072 0.691429 0.413045
14073 0.691473 0.41297
14074 0.69152 0.41289
14075 0.69157 0.412804
14076 0.691624 0.412714
14077 0.691658 0.41264
14078 0.691675 0.412581
14079 0.691677 0.412536
14080 0.691687 0.412482
14081 0.691703 0.41242
14082 0.691718 0.412379
14083 0.691733 0.412358
14084 0.691753 0.412326
14085 0.69178 0.412284
14086 0.691804 0.412261
14087 0.691827 0.412257
14088 0.691847 0.412268
14089 0.691866 0.412294
14090 0.691891 0.412304
14091 0.691914 0.412328
14092 0.691943 0.412337
14093 0.691976 0.412331
14094 0.692015 0.412312
14095 0.692058 0.412282
14096 0.692104 0.412242
14097 0.692154 0.412192
14098 0.692185 0.412155
14099 0.6922 0.412129
14100 0.692199 0.412114
14101 0.692185 0.412108
14102 0.692159 0.41211
14103 0.692122 0.412119
14104 0.692075 0.412136
14105 0.692041 0.412137
14106 0.692018 0.412125
14107 0.692005 0.4121
14108 0.692001 0.412065
14109 0.692006 0.412019
14110 0.692018 0.411965
14111 0.692037 0.411903
14112 0.692062 0.411833
14113 0.692085 0.411786
14114 0.692106 0.411759
14115 0.692126 0.41175
14116 0.692144 0.411758
14117 0.692161 0.411781
14118 0.692176 0.411818
14119 0.692191 0.411866
14120 0.692205 0.411925
14121 0.692218 0.411994
14122 0.69223 0.412071
14123 0.692233 0.412128
14124 0.692228 0.412164
14125 0.692217 0.412184
14126 0.692198 0.412188
14127 0.692174 0.412178
14128 0.692144 0.412155
14129 0.692118 0.41215
14130 0.692095 0.412161
14131 0.692083 0.412158
14132 0.692079 0.412142
14133 0.692085 0.412114
14134 0.692097 0.412075
14135 0.692116 0.412027
14136 0.692142 0.41197
14137 0.692173 0.411905
14138 0.692208 0.411834
14139 0.692241 0.411785
14140 0.692271 0.411757
14141 0.692285 0.411739
14142 0.692283 0.411731
14143 0.692268 0.411731
14144 0.692255 0.411747
14145 0.692252 0.411748
14146 0.692249 0.411764
14147 0.692255 0.411765
14148 0.692246 0.411774
14149 0.692225 0.41179
14150 0.692192 0.411812
14151 0.692149 0.411839
14152 0.692097 0.411871
14153 0.692036 0.411908
14154 0.691989 0.411927
14155 0.691956 0.411932
14156 0.691933 0.411922
14157 0.691921 0.4119
14158 0.691918 0.411866
14159 0.691901 0.411844
14160 0.691873 0.411831
14161 0.691834 0.411828
14162 0.691799 0.41184
14163 0.691768 0.411867
14164 0.691741 0.411907
14165 0.691717 0.411958
14166 0.691696 0.41202
14167 0.691685 0.412062
14168 0.691682 0.412087
14169 0.691688 0.412095
14170 0.691694 0.412119
14171 0.6917 0.412155
14172 0.691705 0.412204
14173 0.691718 0.412234
14174 0.691737 0.412248
14175 0.691763 0.412247
14176 0.691778 0.412233
14177 0.691785 0.412206
14178 0.691783 0.412168
14179 0.691781 0.41215
14180 0.69178 0.412149
14181 0.69178 0.412164
14182 0.69178 0.412193
14183 0.691781 0.412235
14184 0.691782 0.412288
14185 0.691775 0.412322
14186 0.691761 0.412339
14187 0.69175 0.41237
14188 0.691739 0.412414
14189 0.691731 0.412469
14190 0.691731 0.412505
14191 0.691738 0.412523
14192 0.691754 0.412527
14193 0.691775 0.412516
14194 0.691803 0.412494
14195 0.691835 0.412459
14196 0.691851 0.412437
14197 0.691851 0.412424
14198 0.691844 0.412399
14199 0.69183 0.412363
14200 0.69181 0.412317
14201 0.691784 0.412262
14202 0.691753 0.412199
14203 0.691725 0.412157
14204 0.691716 0.41212
14205 0.691723 0.412087
14206 0.691745 0.412057
14207 0.691781 0.412031
14208 0.691829 0.412007
14209 0.691858 0.411993
14210 0.691871 0.411988
14211 0.691898 0.411984
14212 0.691938 0.41198
14213 0.69199 0.411977
14214 0.692052 0.411974
14215 0.692124 0.411971
14216 0.692175 0.411977
14217 0.692236 0.411982
14218 0.692307 0.411986
14219 0.692357 0.411998
14220 0.692389 0.412017
14221 0.692404 0.412041
14222 0.692404 0.412071
14223 0.692413 0.412085
14224 0.692428 0.412084
14225 0.692449 0.412069
14226 0.692455 0.412064
14227 0.692453 0.412045
14228 0.692437 0.412037
14229 0.69241 0.412037
14230 0.692372 0.412044
14231 0.692338 0.412067
14232 0.692308 0.412103
14233 0.692289 0.412122
14234 0.69228 0.412125
14235 0.692272 0.412144
14236 0.692266 0.412176
14237 0.692268 0.412192
14238 0.692278 0.412193
14239 0.692296 0.41218
14240 0.692319 0.412156
14241 0.692348 0.41212
14242 0.692361 0.412095
14243 0.692358 0.412081
14244 0.692343 0.412076
14245 0.692315 0.412079
14246 0.692298 0.412068
14247 0.692291 0.412045
14248 0.692277 0.412011
14249 0.692257 0.411966
14250 0.692231 0.411912
14251 0.6922 0.41185
14252 0.692159 0.411802
14253 0.692108 0.411766
14254 0.692078 0.411734
14255 0.692067 0.411706
14256 0.692072 0.411681
14257 0.692093 0.411658
14258 0.692127 0.411638
14259 0.692173 0.41162
14260 0.69223 0.411604
14261 0.692297 0.41159
14262 0.692358 0.411593
14263 0.692414 0.411611
14264 0.692465 0.411643
14265 0.692511 0.411687
14266 0.692553 0.411743
14267 0.692606 0.411792
14268 0.692641 0.411845
14269 0.692658 0.4119
14270 0.692661 0.411957
14271 0.692678 0.412008
14272 0.69271 0.412054
14273 0.692754 0.412096
14274 0.692809 0.412133
14275 0.692875 0.412166
14276 0.692949 0.412196
14277 0.693032 0.412223
14278 0.693122 0.412247
14279 0.693219 0.412268
14280 0.693322 0.412288
14281 0.693431 0.412305
14282 0.693544 0.412321
14283 0.693638 0.412321
14284 0.693715 0.412308
14285 0.693778 0.412282
14286 0.693826 0.412245
14287 0.693885 0.412212
14288 0.693954 0.412182
14289 0.694032 0.412155
14290 0.694117 0.412131
14291 0.69421 0.412109
14292 0.694309 0.412089
14293 0.694414 0.412072
14294 0.694524 0.412056
14295 0.694639 0.412042
14296 0.694758 0.412029
14297 0.694852 0.412025
14298 0.694922 0.412031
14299 0.694973 0.412043
14300 0.695034 0.412055
14301 0.695105 0.412065
14302 0.695184 0.412075
14303 0.695271 0.412083
14304 0.695365 0.412091
14305 0.695442 0.412084
14306 0.695504 0.412064
14307 0.695553 0.412033
14308 0.695589 0.41199
14309 0.695608 0.41196
14310 0.695613 0.411941
14311 0.695603 0.411933
14312 0.695581 0.411933
14313 0.695554 0.411919
14314 0.695523 0.411893
14315 0.695487 0.411856
14316 0.695447 0.411809
14317 0.695404 0.411753
14318 0.695357 0.411688
14319 0.695331 0.41163
14320 0.695324 0.411578
14321 0.695332 0.411531
14322 0.695356 0.411488
14323 0.695393 0.41145
14324 0.695442 0.411415
14325 0.695501 0.411383
14326 0.69557 0.411354
14327 0.695649 0.411328
14328 0.695734 0.411304
14329 0.695827 0.411283
14330 0.695927 0.411263
14331 0.696003 0.411253
14332 0.696087 0.411244
14333 0.696149 0.411245
14334 0.696221 0.411244
14335 0.696301 0.411244
14336 0.696389 0.411244
14337 0.696484 0.411243
14338 0.696585 0.411243
14339 0.696691 0.411242
14340 0.696803 0.411241
14341 0.696919 0.41124
14342 0.697039 0.41124
14343 0.69714 0.411225
14344 0.697223 0.411198
14345 0.697291 0.41116
14346 0.697346 0.411111
14347 0.697387 0.411054
14348 0.697418 0.410988
14349 0.697447 0.410944
14350 0.697489 0.410905
14351 0.697542 0.410869
14352 0.697606 0.410837
14353 0.697679 0.410807
14354 0.697738 0.410766
14355 0.697783 0.410716
14356 0.69784 0.41067
14357 0.697878 0.410637
14358 0.697899 0.410615
14359 0.697904 0.410604
14360 0.697895 0.410602
14361 0.697903 0.410599
14362 0.697926 0.410597
14363 0.697962 0.410594
14364 0.69801 0.410591
14365 0.698069 0.410588
14366 0.698109 0.410594
14367 0.698131 0.410607
14368 0.698138 0.410627
14369 0.698131 0.410653
14370 0.698111 0.410684
14371 0.69808 0.410721
14372 0.698038 0.410762
14373 0.697987 0.410807
14374 0.697958 0.410847
14375 0.697946 0.410883
14376 0.697923 0.410923
14377 0.697888 0.410967
14378 0.697873 0.411007
14379 0.697852 0.411028
14380 0.697849 0.411047
14381 0.697862 0.411063
14382 0.697889 0.411077
14383 0.697929 0.411089
14384 0.697981 0.411099
14385 0.698044 0.411108
14386 0.698115 0.411115
14387 0.698196 0.41112
14388 0.698255 0.411133
14389 0.698294 0.411153
14390 0.698317 0.41118
14391 0.698324 0.411212
14392 0.698317 0.411249
14393 0.698297 0.411291
14394 0.698295 0.411328
14395 0.698309 0.41136
14396 0.698337 0.411389
14397 0.698378 0.411414
14398 0.69843 0.411436
14399 0.698493 0.411455
14400 0.698543 0.411458
14401 0.698581 0.411447
14402 0.698608 0.411423
14403 0.698626 0.411387
14404 0.698635 0.41134
14405 0.69863 0.411307
14406 0.698612 0.411285
14407 0.698589 0.411251
14408 0.698562 0.411207
14409 0.698524 0.411175
14410 0.698477 0.411155
14411 0.698428 0.411123
14412 0.698399 0.411093
14413 0.698388 0.411065
14414 0.698395 0.411039
14415 0.698416 0.411014
14416 0.698451 0.410991
14417 0.698498 0.41097
14418 0.698556 0.410949
14419 0.698625 0.41093
14420 0.698701 0.410911
14421 0.698786 0.410893
14422 0.698878 0.410876
14423 0.698977 0.41086
14424 0.699052 0.410854
14425 0.699107 0.410856
14426 0.699172 0.410858
14427 0.699217 0.410867
14428 0.699244 0.410884
14429 0.699255 0.410908
14430 0.699252 0.410937
14431 0.699265 0.410963
14432 0.699292 0.410985
14433 0.699303 0.411013
14434 0.6993 0.411047
14435 0.699284 0.411085
14436 0.699263 0.411106
14437 0.699259 0.411124
14438 0.699272 0.411139
14439 0.699299 0.411151
14440 0.699339 0.411161
14441 0.699391 0.411169
14442 0.699453 0.411176
14443 0.699524 0.41118
14444 0.699604 0.411183
14445 0.699692 0.411185
14446 0.699787 0.411185
14447 0.699858 0.411194
14448 0.69991 0.41121
14449 0.699943 0.411233
14450 0.699989 0.411253
14451 0.700045 0.41127
14452 0.700112 0.411284
14453 0.700188 0.411295
14454 0.700271 0.411304
14455 0.700334 0.411321
14456 0.700376 0.411345
14457 0.700431 0.411365
14458 0.700495 0.411382
14459 0.700569 0.411397
14460 0.700628 0.411396
14461 0.700669 0.411403
14462 0.700693 0.411418
14463 0.70073 0.411431
14464 0.700778 0.411441
14465 0.700838 0.411449
14466 0.700907 0.411455
14467 0.700985 0.41146
14468 0.701071 0.411463
14469 0.701164 0.411464
14470 0.701263 0.411465
14471 0.701339 0.411474
14472 0.701394 0.411491
14473 0.701432 0.411515
14474 0.701452 0.411545
14475 0.701464 0.411558
14476 0.701468 0.411556
14477 0.701466 0.411539
14478 0.701479 0.411523
14479 0.701507 0.411508
14480 0.701519 0.411502
14481 0.701517 0.411507
14482 0.701502 0.411519
14483 0.701504 0.411529
14484 0.701522 0.411537
14485 0.701553 0.411543
14486 0.701597 0.411548
14487 0.701653 0.41155
14488 0.701718 0.411552
14489 0.701793 0.411552
14490 0.701876 0.411551
14491 0.701966 0.411549
14492 0.702063 0.411546
14493 0.702166 0.411543
14494 0.702274 0.411538
14495 0.702387 0.411533
14496 0.702483 0.411514
14497 0.702556 0.411506
14498 0.702609 0.411507
14499 0.702672 0.411508
14500 0.702717 0.411517
14501 0.702743 0.411534
14502 0.702783 0.411548
14503 0.702835 0.41156
14504 0.702897 0.41157
14505 0.70294 0.411587
14506 0.702965 0.411612
14507 0.702975 0.411643
14508 0.702972 0.411681
14509 0.702956 0.411723
14510 0.702928 0.41177
14511 0.702897 0.411798
14512 0.702856 0.411832
14513 0.702835 0.411862
14514 0.702832 0.411887
14515 0.702845 0.411909
14516 0.702843 0.411937
14517 0.702858 0.411962
14518 0.702886 0.411983
14519 0.702928 0.412001
14520 0.702981 0.412016
14521 0.703016 0.412038
14522 0.703034 0.412067
14523 0.703066 0.412092
14524 0.703111 0.412113
14525 0.703167 0.412131
14526 0.703233 0.412146
14527 0.703279 0.412168
14528 0.703308 0.412197
14529 0.703328 0.412209
14530 0.70334 0.412205
14531 0.703338 0.41221
14532 0.703323 0.412224
14533 0.703297 0.412245
14534 0.703268 0.41225
14535 0.703235 0.41224
14536 0.703193 0.41224
14537 0.703143 0.412249
14538 0.703084 0.412266
14539 0.703047 0.41228
14540 0.70303 0.412291
14541 0.703029 0.4123
14542 0.703045 0.412306
14543 0.703046 0.412321
14544 0.703063 0.412333
14545 0.703093 0.412343
14546 0.703137 0.41235
14547 0.703191 0.412355
14548 0.703227 0.412368
14549 0.703276 0.412379
14550 0.703335 0.412387
14551 0.703404 0.412393
14552 0.703453 0.412408
14553 0.703485 0.41243
14554 0.703501 0.41246
14555 0.703502 0.412495
14556 0.703491 0.412537
14557 0.703496 0.412572
14558 0.703517 0.412603
14559 0.703551 0.412629
14560 0.703597 0.412651
14561 0.703654 0.412669
14562 0.703722 0.412684
14563 0.703798 0.412696
14564 0.703882 0.412706
14565 0.703974 0.412713
14566 0.704072 0.412717
14567 0.704176 0.41272
14568 0.704285 0.412721
14569 0.704371 0.412731
14570 0.704435 0.412749
14571 0.70448 0.412775
14572 0.704508 0.412808
14573 0.704521 0.412846
14574 0.704519 0.41289
14575 0.704534 0.412928
14576 0.704562 0.412961
14577 0.704604 0.412988
14578 0.704656 0.413011
14579 0.70472 0.41303
14580 0.704771 0.413033
14581 0.704804 0.413044
14582 0.704822 0.413064
14583 0.704825 0.413091
14584 0.704815 0.413125
14585 0.704794 0.413166
14586 0.704762 0.413211
14587 0.704721 0.413262
14588 0.704672 0.413317
14589 0.704615 0.413375
14590 0.704558 0.413414
14591 0.704522 0.413447
14592 0.704506 0.413474
14593 0.704478 0.413509
14594 0.704448 0.413525
14595 0.704408 0.413549
14596 0.704388 0.413569
14597 0.704385 0.413585
14598 0.704398 0.413597
14599 0.704426 0.413607
14600 0.704466 0.413613
14601 0.704518 0.413616
14602 0.70458 0.413618
14603 0.704652 0.413617
14604 0.704732 0.413614
14605 0.70482 0.41361
14606 0.704914 0.413604
14607 0.705015 0.413596
14608 0.705121 0.413588
14609 0.705204 0.41359
14610 0.705267 0.413602
14611 0.705311 0.413622
14612 0.705339 0.41365
14613 0.705358 0.413661
14614 0.70537 0.413656
14615 0.705396 0.41365
14616 0.705435 0.413642
14617 0.705465 0.41362
14618 0.705479 0.413611
14619 0.70548 0.413612
14620 0.705476 0.413599
14621 0.705466 0.413572
14622 0.705445 0.413558
14623 0.705442 0.413543
14624 0.705454 0.413528
14625 0.705481 0.413513
14626 0.7055 0.413484
14627 0.705533 0.413457
14628 0.70555 0.413442
14629 0.705553 0.413438
14630 0.705544 0.413445
14631 0.705551 0.41345
14632 0.705552 0.413439
14633 0.705548 0.413414
14634 0.705539 0.413377
14635 0.705546 0.413342
14636 0.70554 0.413321
14637 0.705523 0.413311
14638 0.705523 0.4133
14639 0.705539 0.413289
14640 0.705568 0.413276
14641 0.705611 0.413263
14642 0.705664 0.413248
14643 0.705728 0.413233
14644 0.705801 0.413217
14645 0.705854 0.413212
14646 0.70589 0.413218
14647 0.705911 0.413234
14648 0.705945 0.413246
14649 0.705991 0.413254
14650 0.706048 0.413259
14651 0.706115 0.413261
14652 0.706191 0.41326
14653 0.706275 0.413257
14654 0.706366 0.413252
14655 0.706463 0.413245
14656 0.706566 0.413237
14657 0.706647 0.41324
14658 0.706709 0.413253
14659 0.706779 0.413262
14660 0.706858 0.413268
14661 0.706945 0.413271
14662 0.707039 0.413272
14663 0.707138 0.41327
14664 0.707244 0.413267
14665 0.707354 0.413261
14666 0.707442 0.413267
14667 0.707509 0.413282
14668 0.707585 0.413293
14669 0.707669 0.413302
14670 0.70776 0.413307
14671 0.707857 0.41331
14672 0.707933 0.413322
14673 0.708017 0.413332
14674 0.708081 0.413351
14675 0.708127 0.413379
14676 0.708157 0.413414
14677 0.708172 0.413456
14678 0.708181 0.41348
14679 0.708185 0.413486
14680 0.708183 0.413476
14681 0.708176 0.413453
14682 0.708165 0.413417
14683 0.708144 0.413395
14684 0.708141 0.413373
14685 0.708153 0.413352
14686 0.70818 0.413331
14687 0.70822 0.41331
14688 0.708271 0.413289
14689 0.708333 0.413268
14690 0.708404 0.413247
14691 0.708484 0.413227
14692 0.708572 0.413206
14693 0.708666 0.413186
14694 0.708766 0.413166
14695 0.708872 0.413146
14696 0.708983 0.413126
14697 0.709072 0.413119
14698 0.70914 0.413124
14699 0.709197 0.413113
14700 0.709244 0.413088
14701 0.709281 0.413051
14702 0.70933 0.413016
14703 0.70939 0.412982
14704 0.709439 0.412937
14705 0.709479 0.412881
14706 0.70951 0.412816
14707 0.709533 0.412742
14708 0.70955 0.412661
14709 0.70958 0.412586
14710 0.709596 0.41253
14711 0.709599 0.41249
14712 0.709591 0.412465
14713 0.709571 0.412453
14714 0.70955 0.412427
14715 0.709525 0.412389
14716 0.709499 0.412339
14717 0.709464 0.412305
14718 0.709421 0.412286
14719 0.709371 0.412279
14720 0.709315 0.412284
14721 0.709259 0.412273
14722 0.709225 0.412261
14723 0.70921 0.412249
14724 0.709212 0.412236
14725 0.709229 0.412223
14726 0.70926 0.412209
14727 0.709277 0.412207
14728 0.709308 0.412204
14729 0.709351 0.412199
14730 0.709405 0.412193
14731 0.70947 0.412185
14732 0.709544 0.412176
14733 0.709626 0.412167
14734 0.709715 0.412156
14735 0.709812 0.412144
14736 0.709914 0.412132
14737 0.710021 0.412119
14738 0.710134 0.412106
14739 0.71025 0.412092
14740 0.710371 0.412077
14741 0.710495 0.412062
14742 0.710596 0.41206
14743 0.710675 0.412068
14744 0.710735 0.412088
14745 0.710778 0.412116
14746 0.710813 0.412126
14747 0.71084 0.41212
14748 0.71086 0.4121
14749 0.710874 0.412066
14750 0.710883 0.41202
14751 0.710886 0.411964
14752 0.710905 0.411912
14753 0.710937 0.411863
14754 0.710982 0.411817
14755 0.711038 0.411773
14756 0.711104 0.411733
14757 0.711179 0.411694
14758 0.711262 0.411657
14759 0.711332 0.411609
14760 0.711392 0.41155
14761 0.711441 0.411482
14762 0.711501 0.411419
14763 0.711571 0.41136
14764 0.711649 0.411305
14765 0.711735 0.411254
14766 0.711828 0.411206
14767 0.711927 0.41116
14768 0.712032 0.411117
14769 0.712142 0.411077
14770 0.712257 0.411038
14771 0.712376 0.411002
14772 0.712498 0.410967
14773 0.712624 0.410934
14774 0.712753 0.410902
14775 0.712885 0.410871
14776 0.712993 0.410855
14777 0.713086 0.410825
14778 0.713166 0.410783
14779 0.713234 0.41073
14780 0.713291 0.410667
14781 0.713339 0.410595
14782 0.713398 0.410528
14783 0.71344 0.410479
14784 0.713468 0.410447
14785 0.713481 0.410429
14786 0.713509 0.410411
14787 0.71355 0.410393
14788 0.713602 0.410374
14789 0.713638 0.410369
14790 0.71366 0.410375
14791 0.713676 0.410366
14792 0.713687 0.410342
14793 0.713693 0.410306
14794 0.713696 0.410258
14795 0.713694 0.410199
14796 0.713682 0.410158
14797 0.713661 0.410132
14798 0.713638 0.410094
14799 0.713614 0.410044
14800 0.713589 0.409984
14801 0.713556 0.409941
14802 0.713515 0.409914
14803 0.713468 0.409901
14804 0.713414 0.409901
14805 0.713382 0.409899
14806 0.713368 0.409895
14807 0.713372 0.409889
14808 0.713364 0.409895
14809 0.713346 0.409913
14810 0.71332 0.409939
14811 0.713285 0.409975
14812 0.713269 0.410005
14813 0.713271 0.41003
14814 0.713261 0.410064
14815 0.713242 0.410107
14816 0.713215 0.410156
14817 0.713179 0.410212
14818 0.713136 0.410274
14819 0.713113 0.410328
14820 0.713108 0.410374
14821 0.713119 0.410414
14822 0.713145 0.410448
14823 0.713183 0.410477
14824 0.713208 0.410515
14825 0.713219 0.41056
14826 0.713226 0.410585
14827 0.713229 0.410593
14828 0.713228 0.410584
14829 0.713217 0.410588
14830 0.713197 0.410604
14831 0.713176 0.410602
14832 0.713153 0.410585
14833 0.713123 0.410582
14834 0.713085 0.41059
14835 0.71304 0.41061
14836 0.71299 0.410639
14837 0.712934 0.410677
14838 0.712873 0.410723
14839 0.712815 0.410749
14840 0.712753 0.410784
14841 0.712712 0.410813
14842 0.712691 0.410838
14843 0.712688 0.410858
14844 0.7127 0.410873
14845 0.712727 0.410885
14846 0.712767 0.410894
14847 0.712818 0.4109
14848 0.712861 0.410889
14849 0.712897 0.410864
14850 0.712927 0.410827
14851 0.712942 0.410804
14852 0.712946 0.410796
14853 0.712947 0.410773
14854 0.712937 0.410764
14855 0.712917 0.410768
14856 0.712915 0.410769
14857 0.712929 0.410768
14858 0.712957 0.410764
14859 0.712998 0.410758
14860 0.71305 0.410751
14861 0.713112 0.410742
14862 0.713184 0.410731
14863 0.713264 0.410719
14864 0.713352 0.410706
14865 0.713447 0.410692
14866 0.713548 0.410677
14867 0.713654 0.410661
14868 0.713765 0.410645
14869 0.713881 0.410628
14870 0.714 0.41061
14871 0.714124 0.410592
14872 0.71425 0.410574
14873 0.71438 0.410556
14874 0.714493 0.410523
14875 0.714593 0.410479
14876 0.71468 0.410423
14877 0.714756 0.410358
14878 0.714822 0.410284
14879 0.714878 0.410201
14880 0.714945 0.410125
14881 0.71502 0.410054
14882 0.715104 0.409988
14883 0.715194 0.409926
14884 0.715291 0.409869
14885 0.715394 0.409815
14886 0.715502 0.409764
14887 0.715615 0.409716
14888 0.715732 0.409671
14889 0.715835 0.409615
14890 0.715918 0.409576
14891 0.715982 0.409554
14892 0.71603 0.409545
14893 0.716064 0.40955
14894 0.716083 0.409566
14895 0.716117 0.409579
14896 0.716162 0.409588
14897 0.716219 0.409594
14898 0.71626 0.409612
14899 0.716313 0.409626
14900 0.71635 0.409651
14901 0.716399 0.409671
14902 0.716459 0.409687
14903 0.716529 0.4097
14904 0.716607 0.409709
14905 0.716693 0.409716
14906 0.716786 0.40972
14907 0.716885 0.409721
14908 0.716991 0.409721
14909 0.717101 0.409719
14910 0.717198 0.409701
14911 0.717284 0.409669
14912 0.717359 0.409626
14913 0.717424 0.40957
14914 0.717473 0.409533
14915 0.717508 0.409512
14916 0.717529 0.409505
14917 0.717564 0.409497
14918 0.717611 0.409487
14919 0.717668 0.409477
14920 0.717736 0.409465
14921 0.717812 0.409452
14922 0.717871 0.409453
14923 0.717914 0.409467
14924 0.717943 0.409491
14925 0.717985 0.40951
14926 0.718038 0.409526
14927 0.718101 0.409538
14928 0.718174 0.409546
14929 0.718255 0.409552
14930 0.718344 0.409555
14931 0.718414 0.40957
14932 0.718475 0.409568
14933 0.718528 0.40955
14934 0.718575 0.409519
14935 0.718614 0.409475
14936 0.718666 0.409433
14937 0.718728 0.409393
14938 0.718799 0.409355
14939 0.718879 0.409319
14940 0.718966 0.409284
14941 0.71906 0.409251
14942 0.719161 0.409218
14943 0.719267 0.409187
14944 0.719352 0.409171
14945 0.71942 0.409169
14946 0.71947 0.40918
14947 0.719532 0.409187
14948 0.719578 0.409206
14949 0.719634 0.409221
14950 0.719675 0.409247
14951 0.719728 0.409268
14952 0.719774 0.409272
14953 0.719814 0.409259
14954 0.719841 0.40926
14955 0.719863 0.409246
14956 0.719874 0.409245
14957 0.719874 0.409257
14958 0.719865 0.409281
14959 0.719872 0.4093
14960 0.719894 0.409315
14961 0.719929 0.409326
14962 0.719977 0.409334
14963 0.720035 0.409339
14964 0.720104 0.409342
14965 0.72018 0.409342
14966 0.720265 0.40934
14967 0.720332 0.409351
14968 0.720383 0.409374
14969 0.720419 0.409406
14970 0.720468 0.409434
14971 0.720527 0.409456
14972 0.720578 0.409461
14973 0.720624 0.409449
14974 0.720663 0.409423
14975 0.72069 0.409412
14976 0.720704 0.409415
14977 0.720707 0.40943
14978 0.720726 0.409441
14979 0.720758 0.409449
14980 0.720803 0.409454
14981 0.720859 0.409456
14982 0.720925 0.409456
14983 0.720999 0.409453
14984 0.721082 0.409449
14985 0.721172 0.409442
14986 0.721244 0.409449
14987 0.721324 0.409453
14988 0.721395 0.40944
14989 0.721458 0.409413
14990 0.721514 0.409374
14991 0.721563 0.409322
14992 0.721607 0.40926
14993 0.721636 0.409217
14994 0.721654 0.409191
14995 0.721661 0.40918
14996 0.721657 0.409183
14997 0.721645 0.409198
14998 0.721633 0.409197
14999 0.721622 0.409179
15000 0.721602 0.409176
