14000 0.745931 0.706226
14001 0.745917 0.706234
14002 0.745902 0.706256
14003 0.745886 0.706261
14004 0.745868 0.70625
14005 0.745849 0.706224
14006 0.745829 0.706186
14007 0.745809 0.706137
14008 0.745787 0.706076
14009 0.745765 0.706007
14010 0.745742 0.70596
14011 0.745718 0.705933
14012 0.745711 0.705901
14013 0.745718 0.705866
14014 0.745739 0.705827
14015 0.745771 0.705785
14016 0.745798 0.705763
14017 0.745819 0.705758
14018 0.745835 0.705769
14019 0.745846 0.705795
14020 0.745854 0.705833
14021 0.745875 0.70586
14022 0.745907 0.705877
14023 0.745951 0.705886
14024 0.745987 0.70591
14025 0.746017 0.705946
14026 0.746041 0.705994
14027 0.746061 0.706053
14028 0.746092 0.706099
14029 0.746117 0.706125
14030 0.746137 0.706132
14031 0.746152 0.706124
14032 0.746163 0.706101
14033 0.746171 0.706065
14034 0.746175 0.706018
14035 0.746175 0.705959
14036 0.746173 0.705891
14037 0.746169 0.705846
14038 0.746162 0.70582
14039 0.746153 0.705812
14040 0.746142 0.70579
14041 0.74613 0.705785
14042 0.746116 0.705796
14043 0.746101 0.705821
14044 0.746084 0.705828
14045 0.746067 0.705819
14046 0.746049 0.705796
14047 0.746029 0.70576
14048 0.746009 0.705742
14049 0.745989 0.705742
14050 0.745967 0.705726
14051 0.745946 0.705697
14052 0.745923 0.705686
14053 0.7459 0.705691
14054 0.745877 0.705711
14055 0.745853 0.705714
14056 0.745829 0.705701
14057 0.745804 0.705674
14058 0.74578 0.705634
14059 0.745755 0.705614
14060 0.74573 0.705611
14061 0.745704 0.705624
14062 0.745678 0.70565
14063 0.745652 0.70569
14064 0.745626 0.705741
14065 0.745599 0.705771
14066 0.745573 0.705783
14067 0.745546 0.705779
14068 0.745519 0.70579
14069 0.745492 0.705816
14070 0.745482 0.705832
14071 0.745486 0.705839
14072 0.745504 0.705838
14073 0.745534 0.70583
14074 0.745558 0.705839
14075 0.745577 0.705861
14076 0.745591 0.705897
14077 0.745601 0.705945
14078 0.745607 0.705973
14079 0.74561 0.705982
14080 0.745609 0.705975
14081 0.745606 0.705984
14082 0.7456 0.706008
14083 0.745608 0.706022
14084 0.74563 0.706028
14085 0.745663 0.706026
14086 0.74569 0.706039
14087 0.745712 0.706067
14088 0.745728 0.706107
14089 0.74574 0.706127
14090 0.745765 0.706139
14091 0.745801 0.706142
14092 0.745848 0.706139
14093 0.745887 0.70612
14094 0.745919 0.706087
14095 0.745945 0.706073
14096 0.745966 0.706046
14097 0.745982 0.706005
14098 0.745993 0.705954
14099 0.746001 0.705892
14100 0.746005 0.705821
14101 0.746005 0.705742
14102 0.746003 0.705686
14103 0.745998 0.705651
14104 0.745991 0.705635
14105 0.745982 0.705635
14106 0.745971 0.705652
14107 0.745958 0.705682
14108 0.745944 0.705724
14109 0.745929 0.705778
14110 0.745929 0.705819
14111 0.745943 0.705849
14112 0.745969 0.705869
14113 0.745991 0.705903
14114 0.746007 0.705948
14115 0.746018 0.706005
14116 0.746026 0.706071
14117 0.74603 0.706115
14118 0.746031 0.706139
14119 0.746029 0.706146
14120 0.746025 0.706167
14121 0.746018 0.706202
14122 0.746009 0.706217
14123 0.745998 0.706216
14124 0.745985 0.7062
14125 0.745971 0.7062
14126 0.745956 0.706216
14127 0.745939 0.706246
14128 0.745921 0.706257
14129 0.745902 0.706252
14130 0.745882 0.706232
14131 0.745861 0.706198
14132 0.745839 0.706153
14133 0.745817 0.706127
14134 0.745794 0.706089
14135 0.745771 0.706039
14136 0.745746 0.706009
14137 0.745722 0.705998
14138 0.745697 0.705973
14139 0.745671 0.705965
14140 0.745645 0.705943
14141 0.745636 0.705916
14142 0.745624 0.705907
14143 0.745611 0.705914
14144 0.745596 0.705905
14145 0.74558 0.705913
14146 0.745562 0.705935
14147 0.74556 0.705947
14148 0.745572 0.705951
14149 0.745597 0.705948
14150 0.745616 0.70596
14151 0.74563 0.705987
14152 0.74564 0.706026
14153 0.745646 0.706076
14154 0.745666 0.706115
14155 0.74568 0.706164
14156 0.745691 0.706225
14157 0.745697 0.706294
14158 0.745717 0.706349
14159 0.745748 0.706392
14160 0.74579 0.706424
14161 0.745825 0.706437
14162 0.745854 0.706433
14163 0.745877 0.706415
14164 0.745894 0.706383
14165 0.745906 0.706339
14166 0.745915 0.706284
14167 0.745919 0.706219
14168 0.74592 0.706176
14169 0.745919 0.706153
14170 0.745915 0.706147
14171 0.745908 0.706157
14172 0.745899 0.706182
14173 0.745889 0.70622
14174 0.745877 0.706238
14175 0.745862 0.70624
14176 0.745847 0.706226
14177 0.74583 0.706228
14178 0.745828 0.706224
14179 0.745841 0.706213
14180 0.745867 0.706196
14181 0.745887 0.706196
14182 0.745902 0.706211
14183 0.745914 0.706241
14184 0.745921 0.706283
14185 0.745925 0.706305
14186 0.745925 0.70631
14187 0.745923 0.706329
14188 0.745918 0.706362
14189 0.745911 0.706408
14190 0.745903 0.706464
14191 0.745892 0.70653
14192 0.745897 0.706582
14193 0.745899 0.706645
14194 0.745914 0.706695
14195 0.745943 0.706732
14196 0.745965 0.706782
14197 0.745983 0.706842
14198 0.745997 0.706911
14199 0.746007 0.706958
14200 0.746012 0.706985
14201 0.746031 0.707003
14202 0.746062 0.707012
14203 0.746087 0.707035
14204 0.746108 0.707072
14205 0.746124 0.70712
14206 0.746136 0.707179
14207 0.746145 0.707248
14208 0.74615 0.707325
14209 0.746168 0.707388
14210 0.746199 0.707437
14211 0.746224 0.707467
14212 0.746243 0.707478
14213 0.746258 0.707472
14214 0.746267 0.707452
14215 0.746273 0.707419
14216 0.746275 0.707373
14217 0.746274 0.707317
14218 0.746269 0.707251
14219 0.746262 0.707176
14220 0.746253 0.707094
14221 0.746241 0.707004
14222 0.746228 0.706908
14223 0.746212 0.706806
14224 0.746195 0.7067
14225 0.746177 0.706588
14226 0.746157 0.706473
14227 0.746136 0.706353
14228 0.746114 0.706231
14229 0.746091 0.706105
14230 0.746068 0.706007
14231 0.746044 0.705935
14232 0.746021 0.705885
14233 0.745997 0.705855
14234 0.745973 0.705844
14235 0.745965 0.705827
14236 0.745973 0.705805
14237 0.745993 0.705778
14238 0.746026 0.705747
14239 0.746069 0.705712
14240 0.746105 0.705696
14241 0.746136 0.705697
14242 0.74616 0.705714
14243 0.74618 0.705744
14244 0.746196 0.705786
14245 0.746208 0.70584
14246 0.746215 0.705873
14247 0.746219 0.705887
14248 0.74622 0.705885
14249 0.746218 0.705867
14250 0.746213 0.705836
14251 0.746205 0.705792
14252 0.746196 0.705769
14253 0.746186 0.705763
14254 0.746174 0.705773
14255 0.746162 0.705798
14256 0.746147 0.705804
14257 0.746131 0.705795
14258 0.746114 0.705772
14259 0.746096 0.705735
14260 0.746093 0.705695
14261 0.746105 0.705652
14262 0.746113 0.705629
14263 0.746119 0.705624
14264 0.746121 0.705635
14265 0.74612 0.705629
14266 0.746117 0.70564
14267 0.746111 0.705633
14268 0.746103 0.705643
14269 0.74611 0.705646
14270 0.746131 0.705641
14271 0.746147 0.705652
14272 0.746159 0.705677
14273 0.746168 0.705716
14274 0.746174 0.705766
14275 0.746176 0.705826
14276 0.746177 0.705896
14277 0.746175 0.705975
14278 0.746187 0.706039
14279 0.746212 0.706089
14280 0.746232 0.706151
14281 0.746249 0.706221
14282 0.746261 0.7063
14283 0.74627 0.706387
14284 0.746276 0.70648
14285 0.746279 0.70658
14286 0.74628 0.706685
14287 0.746295 0.706773
14288 0.746323 0.706845
14289 0.746362 0.706904
14290 0.746411 0.70695
14291 0.746452 0.706976
14292 0.746487 0.706984
14293 0.746515 0.706976
14294 0.746537 0.706953
14295 0.746554 0.706917
14296 0.746566 0.706869
14297 0.746575 0.706811
14298 0.746579 0.706743
14299 0.746581 0.706667
14300 0.74658 0.706614
14301 0.746576 0.70655
14302 0.746569 0.706478
14303 0.746561 0.706397
14304 0.74655 0.706309
14305 0.746537 0.706215
14306 0.746523 0.706115
14307 0.746507 0.706009
14308 0.746491 0.705929
14309 0.746474 0.705873
14310 0.746456 0.705838
14311 0.746438 0.705822
14312 0.74642 0.705822
14313 0.746401 0.705839
14314 0.746382 0.705869
14315 0.746379 0.705889
14316 0.74639 0.705901
14317 0.746414 0.705905
14318 0.74645 0.705902
14319 0.74648 0.705883
14320 0.746504 0.705852
14321 0.746522 0.705808
14322 0.746536 0.705783
14323 0.746547 0.705777
14324 0.746554 0.705787
14325 0.746558 0.705811
14326 0.746559 0.705849
14327 0.746558 0.705898
14328 0.746554 0.705926
14329 0.746548 0.705968
14330 0.74654 0.705989
14331 0.74653 0.705994
14332 0.746518 0.705982
14333 0.746505 0.705956
14334 0.746491 0.705948
14335 0.746475 0.705926
14336 0.746458 0.705891
14337 0.74644 0.705843
14338 0.746421 0.705816
14339 0.746402 0.705807
14340 0.746382 0.705814
14341 0.746362 0.705837
14342 0.746342 0.705872
14343 0.746321 0.705888
14344 0.746299 0.705888
14345 0.746277 0.705903
14346 0.746255 0.705931
14347 0.746233 0.705973
14348 0.746211 0.706026
14349 0.746189 0.706089
14350 0.746166 0.706161
14351 0.74616 0.706219
14352 0.746169 0.706264
14353 0.746191 0.706298
14354 0.746207 0.706314
14355 0.74622 0.706312
14356 0.746228 0.706295
14357 0.746233 0.706265
14358 0.746235 0.706222
14359 0.746233 0.706168
14360 0.74623 0.706135
14361 0.746224 0.706121
14362 0.746217 0.706123
14363 0.746208 0.70611
14364 0.746197 0.706083
14365 0.746184 0.706043
14366 0.74617 0.705992
14367 0.746154 0.70593
14368 0.746137 0.70586
14369 0.746119 0.705812
14370 0.746101 0.705784
14371 0.746082 0.705774
14372 0.746063 0.705781
14373 0.746043 0.705802
14374 0.746023 0.705837
14375 0.746002 0.705884
14376 0.745981 0.705941
14377 0.745977 0.705986
14378 0.745986 0.70602
14379 0.746009 0.706043
14380 0.746043 0.706057
14381 0.746072 0.706085
14382 0.746112 0.706104
14383 0.746145 0.706136
14384 0.746173 0.706149
14385 0.746194 0.706146
14386 0.746211 0.706128
14387 0.746223 0.706096
14388 0.746231 0.706083
14389 0.746237 0.706086
14390 0.746239 0.706105
14391 0.746239 0.706137
14392 0.746236 0.706151
14393 0.746231 0.706179
14394 0.746224 0.706219
14395 0.746215 0.706271
14396 0.746205 0.706333
14397 0.746194 0.706405
14398 0.74618 0.706454
14399 0.746183 0.706491
14400 0.746199 0.706518
14401 0.746227 0.706535
14402 0.746251 0.706566
14403 0.746269 0.706609
14404 0.746283 0.706664
14405 0.746294 0.706729
14406 0.746318 0.70678
14407 0.746353 0.70682
14408 0.746382 0.706871
14409 0.746406 0.706932
14410 0.746425 0.706972
14411 0.746439 0.706992
14412 0.746449 0.706996
14413 0.746455 0.706983
14414 0.746457 0.706956
14415 0.746457 0.706917
14416 0.746453 0.706866
14417 0.746447 0.706835
14418 0.74644 0.706793
14419 0.74643 0.706739
14420 0.746418 0.706675
14421 0.746404 0.706602
14422 0.746389 0.706552
14423 0.746374 0.706523
14424 0.746357 0.706481
14425 0.746339 0.706428
14426 0.746321 0.706396
14427 0.746302 0.706382
14428 0.746283 0.706385
14429 0.746264 0.706404
14430 0.746244 0.706435
14431 0.746224 0.70648
14432 0.746203 0.706535
14433 0.746182 0.706569
14434 0.74616 0.706585
14435 0.746137 0.706583
14436 0.746114 0.706598
14437 0.746091 0.706626
14438 0.746068 0.706667
14439 0.746045 0.706719
14440 0.746022 0.706782
14441 0.745999 0.706853
14442 0.745975 0.706903
14443 0.74595 0.706931
14444 0.745925 0.706942
14445 0.745899 0.706936
14446 0.745873 0.706916
14447 0.745846 0.706882
14448 0.74582 0.706867
14449 0.745794 0.706869
14450 0.745767 0.706886
14451 0.745741 0.706917
14452 0.745715 0.70696
14453 0.745688 0.706984
14454 0.745661 0.706989
14455 0.745634 0.70701
14456 0.745606 0.707044
14457 0.745579 0.70709
14458 0.745569 0.707124
14459 0.745573 0.707148
14460 0.745592 0.707163
14461 0.745622 0.707169
14462 0.745646 0.70719
14463 0.745666 0.707224
14464 0.74568 0.70727
14465 0.745691 0.707327
14466 0.745714 0.707371
14467 0.745749 0.707404
14468 0.745778 0.707449
14469 0.745801 0.707474
14470 0.745818 0.707512
14471 0.745832 0.707562
14472 0.745841 0.707622
14473 0.745864 0.707669
14474 0.745898 0.707704
14475 0.745926 0.707752
14476 0.745948 0.707809
14477 0.745965 0.707846
14478 0.745978 0.707895
14479 0.745987 0.707954
14480 0.745992 0.707992
14481 0.745993 0.70801
14482 0.745991 0.708012
14483 0.745987 0.707997
14484 0.74598 0.707969
14485 0.74597 0.707929
14486 0.745959 0.707877
14487 0.745945 0.707815
14488 0.74593 0.707744
14489 0.745913 0.707664
14490 0.745895 0.707577
14491 0.745876 0.707514
14492 0.745856 0.707442
14493 0.745835 0.707362
14494 0.745812 0.707275
14495 0.745789 0.707181
14496 0.745765 0.707081
14497 0.74574 0.706976
14498 0.745715 0.706897
14499 0.745689 0.706841
14500 0.745663 0.706806
14501 0.745636 0.706789
14502 0.745609 0.706759
14503 0.745581 0.706717
14504 0.745553 0.706664
14505 0.745525 0.706631
14506 0.745496 0.706617
14507 0.745467 0.70662
14508 0.745455 0.706615
14509 0.745458 0.706603
14510 0.745475 0.706586
14511 0.745503 0.706563
14512 0.745526 0.706558
14513 0.745544 0.706569
14514 0.745556 0.706594
14515 0.745564 0.706631
14516 0.745568 0.706681
14517 0.745568 0.70674
14518 0.745566 0.706779
14519 0.745577 0.706806
14520 0.745602 0.706824
14521 0.745637 0.706833
14522 0.745684 0.706834
14523 0.745722 0.70685
14524 0.745754 0.70688
14525 0.745779 0.706923
14526 0.745798 0.706976
14527 0.745812 0.707039
14528 0.745822 0.707081
14529 0.745828 0.707103
14530 0.74583 0.707108
14531 0.745829 0.707096
14532 0.745825 0.707101
14533 0.745818 0.707121
14534 0.745808 0.707124
14535 0.745797 0.707111
14536 0.745784 0.707083
14537 0.745769 0.707044
14538 0.745752 0.707023
14539 0.745734 0.70702
14540 0.745714 0.707032
14541 0.745692 0.707059
14542 0.74567 0.707098
14543 0.745646 0.707149
14544 0.745622 0.707179
14545 0.745597 0.707191
14546 0.745572 0.707216
14547 0.745545 0.707255
14548 0.745535 0.707283
14549 0.74554 0.707301
14550 0.745542 0.707332
14551 0.745539 0.707376
14552 0.745534 0.70743
14553 0.745543 0.707472
14554 0.745548 0.707495
14555 0.745567 0.707508
14556 0.745598 0.707513
14557 0.745639 0.70751
14558 0.745691 0.707501
14559 0.745735 0.707477
14560 0.745771 0.70744
14561 0.745801 0.707392
14562 0.745825 0.707333
14563 0.745843 0.707264
14564 0.745857 0.707187
14565 0.745867 0.707102
14566 0.745872 0.707041
14567 0.745873 0.707001
14568 0.745871 0.706981
14569 0.745865 0.706978
14570 0.745857 0.70699
14571 0.745846 0.706986
14572 0.745834 0.706967
14573 0.74582 0.706935
14574 0.745804 0.706921
14575 0.745786 0.706923
14576 0.745766 0.706941
14577 0.745745 0.706972
14578 0.74574 0.706993
14579 0.74575 0.707005
14580 0.745773 0.707009
14581 0.745807 0.707006
14582 0.745835 0.707018
14583 0.745856 0.707044
14584 0.745872 0.707082
14585 0.745882 0.707133
14586 0.745889 0.707193
14587 0.745892 0.707232
14588 0.745891 0.707252
14589 0.745888 0.707254
14590 0.745882 0.707241
14591 0.745874 0.707244
14592 0.745863 0.707262
14593 0.745849 0.707294
14594 0.745834 0.707338
14595 0.745816 0.707392
14596 0.745797 0.707457
14597 0.745777 0.7075
14598 0.745756 0.707522
14599 0.745734 0.707528
14600 0.745712 0.707517
14601 0.745689 0.707492
14602 0.745665 0.707454
14603 0.74564 0.707435
14604 0.745615 0.707403
14605 0.745589 0.707358
14606 0.745563 0.707303
14607 0.745535 0.707268
14608 0.745507 0.707252
14609 0.745478 0.707253
14610 0.745449 0.707269
14611 0.745419 0.707268
14612 0.745389 0.707252
14613 0.745376 0.70723
14614 0.745378 0.707203
14615 0.745394 0.707172
14616 0.745423 0.707137
14617 0.745444 0.70712
14618 0.745461 0.70709
14619 0.745472 0.707078
14620 0.745479 0.707083
14621 0.745481 0.707102
14622 0.745479 0.707134
14623 0.745474 0.707179
14624 0.745483 0.707212
14625 0.745505 0.707234
14626 0.745539 0.707247
14627 0.745583 0.707252
14628 0.745637 0.707249
14629 0.745682 0.707262
14630 0.745719 0.707288
14631 0.745748 0.707328
14632 0.745771 0.707378
14633 0.745788 0.707439
14634 0.7458 0.707509
14635 0.745807 0.707556
14636 0.745811 0.707583
14637 0.745812 0.707593
14638 0.745808 0.707616
14639 0.745802 0.707653
14640 0.745793 0.70767
14641 0.745782 0.70767
14642 0.745769 0.707655
14643 0.745755 0.707626
14644 0.745738 0.707615
14645 0.745719 0.707621
14646 0.745698 0.707641
14647 0.745676 0.707674
14648 0.745653 0.70772
14649 0.745628 0.707776
14650 0.745602 0.707841
14651 0.745592 0.707893
14652 0.745598 0.707933
14653 0.745617 0.707962
14654 0.745631 0.707972
14655 0.745641 0.707966
14656 0.745646 0.707946
14657 0.745648 0.707912
14658 0.745647 0.707866
14659 0.745644 0.707809
14660 0.745637 0.707742
14661 0.745628 0.707667
14662 0.745617 0.707614
14663 0.745602 0.707582
14664 0.745586 0.707569
14665 0.745567 0.707572
14666 0.745547 0.707559
14667 0.745527 0.707532
14668 0.745504 0.707523
14669 0.74548 0.70753
14670 0.745455 0.707552
14671 0.745446 0.707564
14672 0.745452 0.707568
14673 0.745471 0.707565
14674 0.745502 0.707555
14675 0.745545 0.707539
14676 0.745597 0.707517
14677 0.74564 0.707513
14678 0.745675 0.707524
14679 0.745702 0.70755
14680 0.745725 0.707557
14681 0.745742 0.707549
14682 0.745754 0.707525
14683 0.745762 0.70752
14684 0.745765 0.70753
14685 0.745764 0.707554
14686 0.745761 0.707561
14687 0.745755 0.707551
14688 0.745746 0.707527
14689 0.745736 0.70749
14690 0.745724 0.707442
14691 0.74571 0.707382
14692 0.745695 0.707314
14693 0.745678 0.707236
14694 0.74566 0.707182
14695 0.745639 0.707148
14696 0.745617 0.707133
14697 0.745594 0.707105
14698 0.74557 0.707094
14699 0.745545 0.707099
14700 0.745518 0.707119
14701 0.74549 0.707153
14702 0.745479 0.707176
14703 0.745484 0.707189
14704 0.745484 0.707217
14705 0.74548 0.707257
14706 0.745473 0.707308
14707 0.745463 0.707369
14708 0.745451 0.707409
14709 0.745437 0.707429
14710 0.745422 0.707432
14711 0.745405 0.70742
14712 0.745387 0.707423
14713 0.745367 0.707411
14714 0.745345 0.707416
14715 0.745321 0.707435
14716 0.745296 0.707467
14717 0.745288 0.70749
14718 0.745277 0.707525
14719 0.745281 0.707549
14720 0.745298 0.707564
14721 0.745328 0.707571
14722 0.745351 0.707592
14723 0.745385 0.707603
14724 0.745431 0.707607
14725 0.745485 0.707603
14726 0.745531 0.707615
14727 0.745569 0.70761
14728 0.745599 0.707621
14729 0.745624 0.707615
14730 0.745642 0.707625
14731 0.745655 0.70765
14732 0.745663 0.707656
14733 0.745668 0.707647
14734 0.745668 0.707653
14735 0.745665 0.707675
14736 0.745658 0.707709
14737 0.745649 0.707755
14738 0.745637 0.707782
14739 0.745623 0.70779
14740 0.745625 0.70779
14741 0.745624 0.707776
14742 0.745619 0.707777
14743 0.745611 0.707794
14744 0.7456 0.707825
14745 0.745604 0.707845
14746 0.745622 0.707856
14747 0.745652 0.70786
14748 0.745693 0.707856
14749 0.745745 0.707845
14750 0.745787 0.707851
14751 0.745822 0.707871
14752 0.745849 0.707874
14753 0.745871 0.707892
14754 0.745887 0.707923
14755 0.745898 0.707936
14756 0.745904 0.707963
14757 0.745906 0.708003
14758 0.745922 0.708031
14759 0.745933 0.708072
14760 0.745939 0.708124
14761 0.745941 0.708187
14762 0.74594 0.708227
14763 0.745936 0.708248
14764 0.745929 0.708252
14765 0.745919 0.708271
14766 0.745906 0.708303
14767 0.745909 0.708325
14768 0.745908 0.70836
14769 0.745904 0.708406
14770 0.745896 0.708464
14771 0.745903 0.708508
14772 0.745907 0.708533
14773 0.745907 0.70854
14774 0.745904 0.708531
14775 0.745898 0.708508
14776 0.745889 0.708471
14777 0.745879 0.708423
14778 0.745866 0.708395
14779 0.74585 0.708385
14780 0.745833 0.708361
14781 0.745815 0.708323
14782 0.745795 0.708274
14783 0.745774 0.708215
14784 0.745752 0.708176
14785 0.745728 0.708157
14786 0.745702 0.708155
14787 0.745676 0.708168
14788 0.745649 0.708165
14789 0.745621 0.708146
14790 0.745611 0.708123
14791 0.745615 0.708095
14792 0.745615 0.708085
14793 0.74563 0.708068
14794 0.745639 0.708069
14795 0.745643 0.708085
14796 0.745643 0.708115
14797 0.745657 0.708134
14798 0.745666 0.708167
14799 0.74567 0.708212
14800 0.74567 0.708267
14801 0.745684 0.70831
14802 0.745693 0.708364
14803 0.745697 0.708428
14804 0.745697 0.708501
14805 0.745711 0.708559
14806 0.745738 0.708605
14807 0.745759 0.708631
14808 0.745774 0.708638
14809 0.745786 0.70863
14810 0.745792 0.708638
14811 0.745794 0.70866
14812 0.745792 0.708695
14813 0.745787 0.708711
14814 0.74578 0.708711
14815 0.74577 0.708695
14816 0.745759 0.708665
14817 0.745745 0.708623
14818 0.745729 0.7086
14819 0.745711 0.708595
14820 0.745691 0.708605
14821 0.74567 0.70863
14822 0.745648 0.708637
14823 0.745624 0.708659
14824 0.7456 0.708693
14825 0.745574 0.708709
14826 0.745548 0.708708
14827 0.745522 0.708692
14828 0.745495 0.708662
14829 0.745484 0.708628
14830 0.745489 0.70859
14831 0.74549 0.70854
14832 0.745488 0.708481
14833 0.745483 0.708411
14834 0.745475 0.708334
14835 0.745482 0.708257
14836 0.745502 0.70818
14837 0.745535 0.708105
14838 0.745578 0.70803
14839 0.745631 0.707955
14840 0.745675 0.707903
14841 0.745711 0.707871
14842 0.74574 0.707828
14843 0.745763 0.707773
14844 0.745781 0.707708
14845 0.745794 0.707635
14846 0.745802 0.707554
14847 0.745807 0.707465
14848 0.745807 0.707401
14849 0.745804 0.707358
14850 0.745798 0.707335
14851 0.745788 0.707329
14852 0.745777 0.707339
14853 0.745763 0.707364
14854 0.745746 0.707401
14855 0.745746 0.707427
14856 0.745759 0.707444
14857 0.745768 0.707475
14858 0.745772 0.707518
14859 0.745773 0.707572
14860 0.74577 0.707635
14861 0.745781 0.707686
14862 0.745788 0.707746
14863 0.74579 0.707816
14864 0.745789 0.707894
14865 0.745802 0.707958
14866 0.745828 0.708008
14867 0.745848 0.708069
14868 0.74588 0.708116
14869 0.745905 0.708175
14870 0.745925 0.708242
14871 0.745939 0.708288
14872 0.745949 0.708344
14873 0.745954 0.70841
14874 0.745956 0.708454
14875 0.745954 0.708509
14876 0.745949 0.708543
14877 0.745942 0.708558
14878 0.745932 0.708587
14879 0.74592 0.708598
14880 0.745907 0.708592
14881 0.745891 0.708572
14882 0.745874 0.708538
14883 0.745856 0.708492
14884 0.745836 0.708435
14885 0.745815 0.708399
14886 0.745793 0.708352
14887 0.74577 0.708324
14888 0.745746 0.708315
14889 0.745738 0.7083
14890 0.745745 0.708279
14891 0.745766 0.708253
14892 0.745781 0.708245
14893 0.745791 0.708254
14894 0.745797 0.708276
14895 0.745799 0.708282
14896 0.745798 0.708271
14897 0.745794 0.708246
14898 0.745787 0.708239
14899 0.745778 0.708217
14900 0.745766 0.708212
14901 0.745752 0.708224
14902 0.745737 0.708249
14903 0.745719 0.708288
14904 0.7457 0.708337
14905 0.745679 0.708367
14906 0.745675 0.708386
14907 0.745685 0.708397
14908 0.745691 0.708391
14909 0.745693 0.708401
14910 0.745692 0.708395
14911 0.745688 0.708374
14912 0.745681 0.708339
14913 0.745671 0.708293
14914 0.74566 0.708236
14915 0.745646 0.70817
14916 0.74563 0.708125
14917 0.745613 0.7081
14918 0.745594 0.708093
14919 0.745573 0.708102
14920 0.745551 0.708126
14921 0.745528 0.708162
14922 0.745504 0.70821
14923 0.745479 0.708269
14924 0.74547 0.708315
14925 0.745476 0.708349
14926 0.745496 0.708372
14927 0.745528 0.708387
14928 0.74557 0.708393
14929 0.745623 0.708391
14930 0.745667 0.708404
14931 0.745703 0.708432
14932 0.745732 0.708472
14933 0.745754 0.708524
14934 0.745771 0.708586
14935 0.745784 0.708626
14936 0.745792 0.708647
14937 0.745796 0.70865
14938 0.745796 0.708668
14939 0.745794 0.7087
14940 0.745788 0.708744
14941 0.745779 0.708799
14942 0.745786 0.708841
14943 0.745805 0.708873
14944 0.74582 0.708886
14945 0.74583 0.708882
14946 0.745836 0.708863
14947 0.745839 0.70883
14948 0.745838 0.708786
14949 0.745834 0.708731
14950 0.745844 0.708674
14951 0.745868 0.708616
14952 0.745903 0.708557
14953 0.745932 0.708488
14954 0.745955 0.708411
14955 0.745973 0.708327
14956 0.745985 0.708235
14957 0.745994 0.708137
14958 0.745998 0.708065
14959 0.745999 0.708014
14960 0.745997 0.707985
14961 0.745992 0.707943
14962 0.745984 0.707889
14963 0.745975 0.707857
14964 0.745963 0.707843
14965 0.745949 0.707846
14966 0.745933 0.707864
14967 0.745916 0.707864
14968 0.745897 0.70785
14969 0.745878 0.707852
14970 0.745857 0.707869
14971 0.745835 0.7079
14972 0.745812 0.707943
14973 0.745788 0.707998
14974 0.745781 0.70804
14975 0.745789 0.708071
14976 0.74581 0.708091
14977 0.745842 0.708103
14978 0.745869 0.708129
14979 0.74589 0.708168
14980 0.745905 0.708219
14981 0.745916 0.70828
14982 0.745923 0.70835
14983 0.745926 0.708428
14984 0.745926 0.708514
14985 0.745923 0.708607
14986 0.745917 0.708676
14987 0.745908 0.708722
14988 0.745897 0.708748
14989 0.745902 0.708764
14990 0.74592 0.708773
14991 0.745933 0.708795
14992 0.745942 0.708831
14993 0.745948 0.708879
14994 0.74595 0.708937
14995 0.745949 0.709005
14996 0.745945 0.709082
14997 0.745955 0.709144
14998 0.745979 0.709193
14999 0.745997 0.709221
15000 0.746011 0.709232
