14000 0.814531 0.741517
14001 0.814547 0.741498
14002 0.814563 0.741465
14003 0.814578 0.74142
14004 0.814594 0.741395
14005 0.814608 0.741389
14006 0.814606 0.741384
14007 0.814588 0.741382
14008 0.814574 0.741365
14009 0.814562 0.741333
14010 0.814553 0.74129
14011 0.814546 0.741266
14012 0.814541 0.74126
14013 0.814538 0.741271
14014 0.814535 0.741296
14015 0.814535 0.741334
14016 0.814535 0.741352
14017 0.81452 0.741371
14018 0.814492 0.741389
14019 0.81445 0.741408
14020 0.814397 0.741426
14021 0.814334 0.741445
14022 0.814262 0.741463
14023 0.814181 0.741482
14024 0.81411 0.741483
14025 0.814047 0.741468
14026 0.813992 0.741439
14027 0.813943 0.741398
14028 0.813901 0.741345
14029 0.813864 0.741282
14030 0.813832 0.741209
14031 0.813804 0.741128
14032 0.813781 0.74104
14033 0.813744 0.740962
14034 0.813695 0.740894
14035 0.813636 0.740834
14036 0.813567 0.740782
14037 0.813489 0.740736
14038 0.813404 0.740696
14039 0.813328 0.740676
14040 0.813261 0.740674
14041 0.813201 0.740687
14042 0.813161 0.740693
14043 0.813139 0.740691
14044 0.813134 0.740682
14045 0.81313 0.740659
14046 0.813128 0.740623
14047 0.813126 0.740575
14048 0.813126 0.740516
14049 0.813127 0.740447
14050 0.813129 0.740401
14051 0.813131 0.740375
14052 0.813134 0.740367
14053 0.813138 0.740376
14054 0.813142 0.740399
14055 0.813146 0.740436
14056 0.813151 0.740485
14057 0.813156 0.740544
14058 0.813162 0.740613
14059 0.813167 0.740691
14060 0.813173 0.740777
14061 0.81318 0.74087
14062 0.813187 0.740937
14063 0.813194 0.740983
14064 0.813214 0.741017
14065 0.813247 0.741042
14066 0.813291 0.741057
14067 0.813331 0.741056
14068 0.813368 0.741038
14069 0.813403 0.741007
14070 0.813435 0.740995
14071 0.813465 0.741
14072 0.813493 0.740988
14073 0.813519 0.740994
14074 0.813544 0.740983
14075 0.813567 0.740957
14076 0.813589 0.740919
14077 0.81361 0.7409
14078 0.81363 0.740867
14079 0.813649 0.740822
14080 0.813667 0.740766
14081 0.813684 0.7407
14082 0.813701 0.740625
14083 0.813717 0.740573
14084 0.813733 0.740541
14085 0.813748 0.740498
14086 0.813763 0.740443
14087 0.813777 0.740378
14088 0.813791 0.740304
14089 0.813805 0.740253
14090 0.813818 0.740222
14091 0.813831 0.74021
14092 0.813844 0.740215
14093 0.813857 0.740235
14094 0.813869 0.740269
14095 0.813882 0.740315
14096 0.813894 0.740372
14097 0.813905 0.740439
14098 0.813917 0.740515
14099 0.813929 0.740599
14100 0.813941 0.74069
14101 0.813952 0.740788
14102 0.813964 0.74086
14103 0.813975 0.740909
14104 0.814 0.740947
14105 0.814036 0.740975
14106 0.814083 0.740993
14107 0.814127 0.740994
14108 0.814167 0.740979
14109 0.814204 0.74095
14110 0.814222 0.740926
14111 0.81424 0.740888
14112 0.814257 0.74087
14113 0.814273 0.740869
14114 0.814289 0.740884
14115 0.814305 0.740913
14116 0.81432 0.740954
14117 0.814335 0.740976
14118 0.814349 0.741011
14119 0.814363 0.741027
14120 0.814377 0.741026
14121 0.814391 0.74101
14122 0.814405 0.740979
14123 0.814418 0.740936
14124 0.814415 0.740899
14125 0.814397 0.740866
14126 0.814364 0.740839
14127 0.814336 0.740798
14128 0.814313 0.740747
14129 0.814292 0.740684
14130 0.814275 0.740613
14131 0.814261 0.740532
14132 0.81425 0.740476
14133 0.81424 0.740441
14134 0.814233 0.740393
14135 0.814227 0.740335
14136 0.814223 0.740298
14137 0.814221 0.74025
14138 0.81422 0.74019
14139 0.814221 0.740121
14140 0.814222 0.740044
14141 0.814224 0.739989
14142 0.814227 0.739956
14143 0.814231 0.739942
14144 0.814236 0.739944
14145 0.814241 0.739962
14146 0.814246 0.739994
14147 0.814252 0.740038
14148 0.814259 0.740094
14149 0.814265 0.740159
14150 0.814273 0.740202
14151 0.814264 0.740243
14152 0.814257 0.740263
14153 0.814252 0.740266
14154 0.814248 0.740254
14155 0.814246 0.740258
14156 0.814245 0.740277
14157 0.814245 0.74031
14158 0.814246 0.740355
14159 0.814248 0.740411
14160 0.814251 0.740446
14161 0.814255 0.740462
14162 0.814259 0.740461
14163 0.814264 0.740444
14164 0.81427 0.740414
14165 0.814276 0.740402
14166 0.814283 0.740376
14167 0.81429 0.740336
14168 0.814298 0.740317
14169 0.814305 0.740315
14170 0.814313 0.740328
14171 0.814321 0.740325
14172 0.81433 0.740306
14173 0.814338 0.740305
14174 0.814347 0.74032
14175 0.814356 0.740317
14176 0.814365 0.7403
14177 0.814375 0.740268
14178 0.814384 0.740224
14179 0.814394 0.740169
14180 0.814403 0.740135
14181 0.814413 0.74012
14182 0.814423 0.740122
14183 0.814433 0.740139
14184 0.814443 0.740171
14185 0.814453 0.740214
14186 0.814463 0.740269
14187 0.814473 0.740335
14188 0.814483 0.740409
14189 0.814493 0.740491
14190 0.814503 0.740581
14191 0.814513 0.740678
14192 0.814523 0.74078
14193 0.814534 0.740888
14194 0.814544 0.74097
14195 0.814554 0.741058
14196 0.814565 0.741154
14197 0.814575 0.741225
14198 0.814586 0.741272
14199 0.814597 0.7413
14200 0.814621 0.741318
14201 0.814656 0.741327
14202 0.814689 0.741351
14203 0.81472 0.741389
14204 0.814749 0.741438
14205 0.814776 0.741466
14206 0.814785 0.741494
14207 0.814794 0.741534
14208 0.814804 0.741586
14209 0.814813 0.741617
14210 0.814823 0.741629
14211 0.814833 0.741625
14212 0.814844 0.741605
14213 0.814854 0.741572
14214 0.814865 0.741526
14215 0.814875 0.741469
14216 0.814886 0.741403
14217 0.814897 0.741327
14218 0.814908 0.741243
14219 0.814903 0.741169
14220 0.814882 0.741104
14221 0.814878 0.741039
14222 0.814888 0.740973
14223 0.814911 0.740908
14224 0.814946 0.740842
14225 0.814991 0.740775
14226 0.815046 0.740709
14227 0.81508 0.740651
14228 0.815095 0.740599
14229 0.815093 0.740554
14230 0.815076 0.740515
14231 0.815045 0.740481
14232 0.815001 0.740452
14233 0.814963 0.740441
14234 0.814913 0.740432
14235 0.814853 0.740426
14236 0.814783 0.740422
14237 0.814704 0.740419
14238 0.814618 0.740417
14239 0.814525 0.740418
14240 0.814442 0.740402
14241 0.814368 0.740372
14242 0.814304 0.74033
14243 0.814246 0.740308
14244 0.814196 0.740303
14245 0.814151 0.740315
14246 0.814113 0.740341
14247 0.814079 0.74038
14248 0.814062 0.740408
14249 0.814062 0.740427
14250 0.814075 0.740437
14251 0.814102 0.74044
14252 0.814139 0.740435
14253 0.814188 0.740425
14254 0.814215 0.740417
14255 0.814225 0.74041
14256 0.814218 0.740406
14257 0.814196 0.740403
14258 0.81419 0.740394
14259 0.814199 0.740379
14260 0.814209 0.74035
14261 0.814218 0.740309
14262 0.814228 0.740256
14263 0.814238 0.740192
14264 0.814248 0.740151
14265 0.814258 0.740129
14266 0.814268 0.740125
14267 0.814292 0.740115
14268 0.814327 0.740099
14269 0.814359 0.740101
14270 0.81439 0.740117
14271 0.814419 0.740148
14272 0.814446 0.740191
14273 0.814472 0.740214
14274 0.814496 0.740251
14275 0.814519 0.740299
14276 0.814541 0.740359
14277 0.814562 0.740428
14278 0.814582 0.740505
14279 0.814601 0.740591
14280 0.81462 0.740684
14281 0.814638 0.740783
14282 0.814655 0.740887
14283 0.814672 0.740966
14284 0.814689 0.741021
14285 0.814705 0.741055
14286 0.814721 0.741101
14287 0.814736 0.741127
14288 0.814752 0.741135
14289 0.81475 0.741144
14290 0.814749 0.741136
14291 0.81475 0.741113
14292 0.814753 0.741077
14293 0.814756 0.741029
14294 0.81476 0.74097
14295 0.814765 0.740902
14296 0.814754 0.740841
14297 0.814728 0.740788
14298 0.81469 0.740742
14299 0.814639 0.740702
14300 0.814595 0.740649
14301 0.814557 0.740587
14302 0.814523 0.740515
14303 0.814494 0.740435
14304 0.814469 0.740347
14305 0.814431 0.740269
14306 0.814382 0.7402
14307 0.814351 0.740131
14308 0.814337 0.740062
14309 0.814339 0.739993
14310 0.814355 0.739924
14311 0.814353 0.739863
14312 0.814336 0.73981
14313 0.814306 0.739762
14314 0.814262 0.73972
14315 0.814208 0.739683
14316 0.81416 0.739666
14317 0.814118 0.739665
14318 0.814065 0.739666
14319 0.814001 0.739667
14320 0.813945 0.739684
14321 0.813879 0.7397
14322 0.813821 0.739699
14323 0.81377 0.739683
14324 0.813724 0.739652
14325 0.813668 0.739626
14326 0.813631 0.739595
14327 0.8136 0.739583
14328 0.813585 0.739565
14329 0.813573 0.739534
14330 0.813563 0.739521
14331 0.813555 0.739525
14332 0.813549 0.739544
14333 0.813544 0.739577
14334 0.813542 0.739622
14335 0.81354 0.739678
14336 0.81354 0.739744
14337 0.813541 0.739788
14338 0.813542 0.739812
14339 0.813545 0.73985
14340 0.813548 0.739899
14341 0.813552 0.739958
14342 0.813557 0.739996
14343 0.813562 0.740015
14344 0.813568 0.740016
14345 0.813574 0.740033
14346 0.81358 0.740064
14347 0.813588 0.740107
14348 0.813595 0.74013
14349 0.813602 0.740135
14350 0.81361 0.740125
14351 0.813618 0.740099
14352 0.813626 0.740061
14353 0.813634 0.740042
14354 0.813642 0.740009
14355 0.813651 0.739964
14356 0.813659 0.739908
14357 0.813668 0.739842
14358 0.813677 0.739766
14359 0.813686 0.739714
14360 0.813695 0.739683
14361 0.813704 0.739671
14362 0.813714 0.739675
14363 0.813724 0.739694
14364 0.813734 0.739696
14365 0.813744 0.739683
14366 0.813753 0.739654
14367 0.813763 0.739645
14368 0.813774 0.739652
14369 0.813767 0.739658
14370 0.813746 0.739665
14371 0.813711 0.739672
14372 0.813664 0.739679
14373 0.813636 0.739679
14374 0.813624 0.739671
14375 0.813628 0.739658
14376 0.813616 0.739646
14377 0.813606 0.73962
14378 0.813597 0.739581
14379 0.813591 0.73953
14380 0.813586 0.739469
14381 0.813582 0.739398
14382 0.813579 0.739319
14383 0.813578 0.739232
14384 0.813578 0.73917
14385 0.813579 0.739129
14386 0.813581 0.739108
14387 0.813585 0.739104
14388 0.813589 0.739117
14389 0.813594 0.739144
14390 0.813599 0.739152
14391 0.813605 0.739144
14392 0.813611 0.739153
14393 0.813618 0.739176
14394 0.813625 0.739213
14395 0.813633 0.739261
14396 0.813641 0.73932
14397 0.81365 0.739389
14398 0.813658 0.739467
14399 0.813667 0.739552
14400 0.813677 0.739644
14401 0.813686 0.739743
14402 0.813696 0.739848
14403 0.813705 0.739957
14404 0.813715 0.74004
14405 0.813725 0.7401
14406 0.813735 0.740137
14407 0.813744 0.740187
14408 0.813754 0.740247
14409 0.813764 0.740316
14410 0.813787 0.740372
14411 0.813822 0.740415
14412 0.813867 0.740447
14413 0.813893 0.740477
14414 0.813929 0.740497
14415 0.813963 0.740499
14416 0.813995 0.740485
14417 0.814024 0.740458
14418 0.814052 0.740417
14419 0.814077 0.740365
14420 0.814102 0.740333
14421 0.814125 0.740321
14422 0.814147 0.740325
14423 0.814168 0.740313
14424 0.814188 0.740287
14425 0.814206 0.740248
14426 0.814225 0.740228
14427 0.814242 0.740226
14428 0.814259 0.740239
14429 0.814276 0.740267
14430 0.814292 0.740308
14431 0.814308 0.740329
14432 0.814323 0.740332
14433 0.814321 0.740336
14434 0.814304 0.74034
14435 0.814272 0.740345
14436 0.814229 0.740351
14437 0.814174 0.740357
14438 0.814109 0.740363
14439 0.814035 0.740369
14440 0.813952 0.740376
14441 0.813879 0.740367
14442 0.813798 0.740359
14443 0.813738 0.740345
14444 0.813699 0.740326
14445 0.813678 0.740302
14446 0.813672 0.740273
14447 0.813682 0.74024
14448 0.813704 0.740203
14449 0.813738 0.740163
14450 0.813753 0.740128
14451 0.813768 0.740112
14452 0.813782 0.740114
14453 0.813796 0.74013
14454 0.81381 0.740161
14455 0.813823 0.740204
14456 0.813836 0.740259
14457 0.813849 0.740292
14458 0.813862 0.740306
14459 0.813874 0.740304
14460 0.813886 0.740317
14461 0.813898 0.740313
14462 0.813909 0.740326
14463 0.81392 0.740321
14464 0.813932 0.740301
14465 0.813943 0.740299
14466 0.813953 0.740313
14467 0.813964 0.740341
14468 0.813974 0.740382
14469 0.813985 0.740403
14470 0.813995 0.740406
14471 0.814005 0.740394
14472 0.814015 0.740398
14473 0.814025 0.740417
14474 0.814035 0.74045
14475 0.814045 0.740496
14476 0.814054 0.740553
14477 0.814064 0.740619
14478 0.814073 0.740695
14479 0.814082 0.740779
14480 0.814092 0.74087
14481 0.814101 0.740936
14482 0.81411 0.74098
14483 0.814119 0.741004
14484 0.814128 0.74101
14485 0.814137 0.740999
14486 0.814146 0.740974
14487 0.814156 0.740968
14488 0.814165 0.740946
14489 0.814173 0.740911
14490 0.814182 0.740864
14491 0.814191 0.740805
14492 0.8142 0.740769
14493 0.814209 0.740751
14494 0.814218 0.74072
14495 0.814227 0.740676
14496 0.814235 0.740652
14497 0.814244 0.740647
14498 0.814253 0.740657
14499 0.814261 0.740682
14500 0.814283 0.740698
14501 0.814317 0.740705
14502 0.814332 0.740713
14503 0.81433 0.74072
14504 0.814312 0.740729
14505 0.814297 0.74072
14506 0.814284 0.740697
14507 0.814257 0.740677
14508 0.814217 0.74066
14509 0.814182 0.740661
14510 0.814151 0.740677
14511 0.814124 0.740707
14512 0.8141 0.74075
14513 0.81408 0.740804
14514 0.814062 0.740868
14515 0.814047 0.740942
14516 0.814035 0.741024
14517 0.814024 0.741113
14518 0.814015 0.741209
14519 0.814008 0.74128
14520 0.814002 0.741328
14521 0.813997 0.741356
14522 0.813994 0.741365
14523 0.813992 0.741389
14524 0.813991 0.741426
14525 0.81399 0.741475
14526 0.81399 0.741535
14527 0.813991 0.741605
14528 0.813993 0.741652
14529 0.813995 0.741678
14530 0.813997 0.741687
14531 0.814 0.74171
14532 0.814003 0.741746
14533 0.814007 0.741795
14534 0.814011 0.741854
14535 0.814015 0.741923
14536 0.814019 0.742001
14537 0.814023 0.742087
14538 0.814027 0.74218
14539 0.814032 0.742279
14540 0.814036 0.742353
14541 0.814041 0.742404
14542 0.814047 0.742434
14543 0.814052 0.742476
14544 0.814057 0.74253
14545 0.814062 0.742595
14546 0.814068 0.742637
14547 0.814073 0.742659
14548 0.814079 0.742663
14549 0.814085 0.742652
14550 0.814091 0.742626
14551 0.814097 0.742586
14552 0.814103 0.742535
14553 0.81411 0.742474
14554 0.814116 0.742402
14555 0.814123 0.742323
14556 0.814129 0.742235
14557 0.814136 0.742141
14558 0.814143 0.74204
14559 0.814149 0.741934
14560 0.814156 0.741822
14561 0.814163 0.741706
14562 0.814153 0.741603
14563 0.814129 0.741512
14564 0.814091 0.74143
14565 0.814042 0.741358
14566 0.813998 0.741308
14567 0.813959 0.741279
14568 0.813924 0.741269
14569 0.813894 0.741244
14570 0.813867 0.741206
14571 0.813844 0.741156
14572 0.813823 0.741096
14573 0.813805 0.741057
14574 0.81379 0.741037
14575 0.813776 0.741036
14576 0.813764 0.74105
14577 0.813753 0.741078
14578 0.813744 0.741119
14579 0.813736 0.741172
14580 0.81373 0.741235
14581 0.813724 0.741308
14582 0.813719 0.741388
14583 0.813715 0.741477
14584 0.813712 0.741572
14585 0.81371 0.741642
14586 0.813708 0.741721
14587 0.813708 0.741776
14588 0.813708 0.74181
14589 0.813708 0.741856
14590 0.813709 0.741913
14591 0.81371 0.741981
14592 0.813711 0.742026
14593 0.813713 0.74205
14594 0.813715 0.742088
14595 0.813718 0.742138
14596 0.81372 0.742167
14597 0.813724 0.742178
14598 0.813727 0.742172
14599 0.813731 0.742151
14600 0.813735 0.742116
14601 0.81374 0.742069
14602 0.813744 0.742042
14603 0.813748 0.742034
14604 0.813752 0.742042
14605 0.813757 0.742034
14606 0.813761 0.742011
14607 0.813766 0.741975
14608 0.813771 0.741926
14609 0.813776 0.741899
14610 0.81378 0.741889
14611 0.813785 0.741865
14612 0.813804 0.741837
14613 0.813835 0.741804
14614 0.813876 0.741769
14615 0.813915 0.741721
14616 0.81395 0.741662
14617 0.813966 0.741611
14618 0.813965 0.741566
14619 0.813949 0.741526
14620 0.813934 0.741507
14621 0.813921 0.741504
14622 0.813909 0.741518
14623 0.8139 0.741515
14624 0.813892 0.741496
14625 0.813885 0.741495
14626 0.813878 0.74151
14627 0.813873 0.741539
14628 0.813869 0.741549
14629 0.813866 0.741543
14630 0.813864 0.741521
14631 0.813863 0.741487
14632 0.813862 0.74144
14633 0.813862 0.741413
14634 0.813862 0.741405
14635 0.813862 0.741413
14636 0.813861 0.741436
14637 0.813861 0.741472
14638 0.813861 0.741521
14639 0.813861 0.74158
14640 0.813861 0.741649
14641 0.813861 0.741727
14642 0.813862 0.741781
14643 0.813847 0.741831
14644 0.813833 0.741892
14645 0.813822 0.741931
14646 0.813812 0.741951
14647 0.813804 0.741953
14648 0.813798 0.741939
14649 0.813793 0.741911
14650 0.813788 0.741901
14651 0.813784 0.741908
14652 0.81378 0.74193
14653 0.813776 0.741965
14654 0.813773 0.742013
14655 0.813771 0.74204
14656 0.813769 0.742049
14657 0.813769 0.742041
14658 0.813769 0.742018
14659 0.81377 0.741982
14660 0.81377 0.741965
14661 0.813771 0.741966
14662 0.813771 0.741982
14663 0.813772 0.742012
14664 0.813772 0.742055
14665 0.813772 0.74211
14666 0.813772 0.742174
14667 0.813772 0.742248
14668 0.813772 0.74233
14669 0.813772 0.74242
14670 0.813772 0.742516
14671 0.813773 0.742587
14672 0.813774 0.742636
14673 0.813775 0.742663
14674 0.813778 0.742673
14675 0.81378 0.742665
14676 0.813783 0.742643
14677 0.813786 0.742608
14678 0.81379 0.74256
14679 0.813793 0.742532
14680 0.813796 0.742523
14681 0.813799 0.7425
14682 0.813801 0.742494
14683 0.813804 0.742505
14684 0.813806 0.74253
14685 0.813809 0.742537
14686 0.813811 0.742528
14687 0.813815 0.742504
14688 0.813817 0.742498
14689 0.81382 0.742508
14690 0.813822 0.742533
14691 0.813825 0.74254
14692 0.813828 0.74253
14693 0.813831 0.742506
14694 0.813848 0.742478
14695 0.813864 0.742468
14696 0.813877 0.742475
14697 0.81389 0.742496
14698 0.813902 0.7425
14699 0.813913 0.742488
14700 0.813924 0.742462
14701 0.813934 0.742422
14702 0.813943 0.742402
14703 0.813951 0.7424
14704 0.813959 0.742414
14705 0.813965 0.742441
14706 0.813971 0.742482
14707 0.813977 0.742535
14708 0.813982 0.742598
14709 0.813986 0.74267
14710 0.81399 0.742751
14711 0.813994 0.742839
14712 0.813998 0.742903
14713 0.814002 0.742945
14714 0.81402 0.742976
14715 0.81405 0.742998
14716 0.814092 0.743011
14717 0.814144 0.743016
14718 0.814205 0.743015
14719 0.814261 0.742998
14720 0.814311 0.742967
14721 0.814358 0.742923
14722 0.8144 0.742868
14723 0.814438 0.742803
14724 0.814473 0.74276
14725 0.814505 0.742737
14726 0.814534 0.742701
14727 0.814561 0.742653
14728 0.814586 0.742593
14729 0.814609 0.742524
14730 0.814631 0.742447
14731 0.814651 0.742393
14732 0.814669 0.742359
14733 0.814686 0.742314
14734 0.814702 0.742257
14735 0.814717 0.742191
14736 0.814731 0.742147
14737 0.814744 0.742122
14738 0.814756 0.742085
14739 0.814768 0.742036
14740 0.814779 0.742007
14741 0.814789 0.741997
14742 0.814799 0.741972
14743 0.814809 0.741965
14744 0.814817 0.741975
14745 0.814825 0.742
14746 0.814817 0.742023
14747 0.814793 0.742045
14748 0.814757 0.742067
14749 0.814708 0.742087
14750 0.814649 0.742107
14751 0.814596 0.742141
14752 0.814563 0.742164
14753 0.814546 0.742179
14754 0.814546 0.742185
14755 0.814546 0.742206
14756 0.814546 0.742241
14757 0.814547 0.742257
14758 0.814549 0.742255
14759 0.81455 0.74227
14760 0.814552 0.742298
14761 0.814554 0.74234
14762 0.814555 0.742393
14763 0.814558 0.742425
14764 0.81456 0.742469
14765 0.814562 0.742525
14766 0.814565 0.742591
14767 0.814551 0.742652
14768 0.814523 0.742708
14769 0.814483 0.74276
14770 0.81443 0.742809
14771 0.814384 0.742837
14772 0.814343 0.742846
14773 0.814307 0.742839
14774 0.814275 0.742817
14775 0.814247 0.742782
14776 0.814222 0.742765
14777 0.8142 0.742766
14778 0.81418 0.742783
14779 0.814163 0.742782
14780 0.814148 0.742766
14781 0.814134 0.742767
14782 0.814123 0.742752
14783 0.814113 0.742723
14784 0.814105 0.742681
14785 0.814098 0.742659
14786 0.814092 0.742655
14787 0.814086 0.742668
14788 0.814082 0.742694
14789 0.814077 0.742734
14790 0.814074 0.742754
14791 0.814072 0.742756
14792 0.81407 0.742743
14793 0.814069 0.742715
14794 0.814069 0.742674
14795 0.81407 0.742621
14796 0.814071 0.742558
14797 0.814072 0.742517
14798 0.814073 0.742496
14799 0.814074 0.742493
14800 0.814075 0.742505
14801 0.814076 0.742532
14802 0.814077 0.742573
14803 0.814078 0.742624
14804 0.814079 0.742687
14805 0.814079 0.742758
14806 0.81408 0.742839
14807 0.814081 0.742927
14808 0.814082 0.743022
14809 0.814083 0.743123
14810 0.814098 0.743207
14811 0.814126 0.743276
14812 0.814165 0.743332
14813 0.814215 0.743375
14814 0.814274 0.743408
14815 0.814311 0.743439
14816 0.814329 0.743468
14817 0.814329 0.743496
14818 0.814344 0.743515
14819 0.814358 0.743516
14820 0.814371 0.743501
14821 0.814384 0.743472
14822 0.814395 0.74343
14823 0.814406 0.743377
14824 0.814417 0.743313
14825 0.814427 0.74324
14826 0.814437 0.743159
14827 0.814446 0.74307
14828 0.814455 0.742974
14829 0.814464 0.742904
14830 0.814472 0.742824
14831 0.81448 0.742737
14832 0.814487 0.742644
14833 0.814494 0.742575
14834 0.814501 0.742497
14835 0.814508 0.742412
14836 0.814515 0.742319
14837 0.814521 0.74222
14838 0.814528 0.742115
14839 0.814534 0.742005
14840 0.81454 0.74189
14841 0.814546 0.741803
14842 0.814552 0.741739
14843 0.814557 0.741698
14844 0.814562 0.741677
14845 0.814566 0.741673
14846 0.814571 0.741686
14847 0.814559 0.741698
14848 0.814533 0.74171
14849 0.814523 0.741715
14850 0.814529 0.741712
14851 0.814519 0.741711
14852 0.814494 0.741711
14853 0.814455 0.741712
14854 0.814421 0.741729
14855 0.814391 0.74176
14856 0.814363 0.741803
14857 0.814339 0.741858
14858 0.814317 0.741923
14859 0.814298 0.741997
14860 0.81428 0.742079
14861 0.814265 0.742169
14862 0.814251 0.742266
14863 0.814239 0.742368
14864 0.814228 0.742476
14865 0.814219 0.742558
14866 0.814211 0.742615
14867 0.814204 0.742652
14868 0.814198 0.742669
14869 0.814193 0.7427
14870 0.814189 0.742743
14871 0.814185 0.742798
14872 0.814182 0.742832
14873 0.81418 0.742878
14874 0.814178 0.742935
14875 0.814176 0.743002
14876 0.814175 0.743047
14877 0.814174 0.743103
14878 0.814187 0.743146
14879 0.814213 0.743179
14880 0.814251 0.743202
14881 0.8143 0.743215
14882 0.814357 0.743221
14883 0.814394 0.743228
14884 0.814411 0.743235
14885 0.81441 0.743243
14886 0.814424 0.743243
14887 0.814451 0.743237
14888 0.81446 0.743232
14889 0.814452 0.74323
14890 0.814445 0.743212
14891 0.814439 0.74318
14892 0.814434 0.743135
14893 0.814431 0.74308
14894 0.814428 0.743014
14895 0.814425 0.74297
14896 0.814423 0.742947
14897 0.814422 0.74291
14898 0.814421 0.742861
14899 0.81442 0.742801
14900 0.81442 0.742732
14901 0.814421 0.742685
14902 0.814405 0.742644
14903 0.814376 0.742609
14904 0.81435 0.742561
14905 0.814326 0.742503
14906 0.814306 0.742434
14907 0.814288 0.742357
14908 0.814271 0.742272
14909 0.814257 0.74218
14910 0.814245 0.742112
14911 0.814234 0.742067
14912 0.814224 0.742042
14913 0.814215 0.742036
14914 0.814207 0.742045
14915 0.814201 0.74207
14916 0.814195 0.742076
14917 0.81419 0.742066
14918 0.814186 0.742041
14919 0.814182 0.742003
14920 0.81418 0.741953
14921 0.814177 0.741924
14922 0.814175 0.741914
14923 0.814158 0.741905
14924 0.814126 0.741899
14925 0.814098 0.741909
14926 0.814073 0.741902
14927 0.814051 0.741912
14928 0.814031 0.741936
14929 0.814013 0.741974
14930 0.813997 0.742024
14931 0.813983 0.742053
14932 0.81397 0.742063
14933 0.813959 0.742088
14934 0.813949 0.742126
14935 0.81394 0.742176
14936 0.813932 0.742237
14937 0.813925 0.742276
14938 0.813919 0.742327
14939 0.813914 0.742388
14940 0.813909 0.742459
14941 0.813904 0.742538
14942 0.813901 0.742626
14943 0.813912 0.742697
14944 0.813935 0.742755
14945 0.813971 0.7428
14946 0.814017 0.742834
14947 0.814043 0.742865
14948 0.81405 0.742895
14949 0.814071 0.742914
14950 0.814075 0.742933
14951 0.814092 0.742943
14952 0.814121 0.742946
14953 0.814162 0.742941
14954 0.814213 0.742931
14955 0.814259 0.742905
14956 0.814301 0.742867
14957 0.814338 0.742817
14958 0.814372 0.742756
14959 0.814403 0.742685
14960 0.814431 0.742606
14961 0.814457 0.74255
14962 0.81448 0.742516
14963 0.814501 0.742501
14964 0.814504 0.742488
14965 0.814507 0.742493
14966 0.81451 0.742512
14967 0.814513 0.742546
14968 0.814516 0.74256
14969 0.814519 0.742557
14970 0.814522 0.742539
14971 0.814524 0.742507
14972 0.814527 0.742462
14973 0.814529 0.742438
14974 0.814532 0.742432
14975 0.814534 0.742442
14976 0.814537 0.742467
14977 0.814539 0.742505
14978 0.814542 0.742554
14979 0.814544 0.742615
14980 0.814547 0.742685
14981 0.81455 0.742764
14982 0.814552 0.742851
14983 0.814555 0.742945
14984 0.814557 0.743045
14985 0.81456 0.743151
14986 0.814562 0.743231
14987 0.814565 0.743287
14988 0.814551 0.743338
14989 0.814523 0.743386
14990 0.814483 0.74343
14991 0.81443 0.743471
14992 0.814367 0.743509
14993 0.814295 0.743545
14994 0.81423 0.743561
14995 0.814172 0.74356
14996 0.814119 0.743543
14997 0.814072 0.743512
14998 0.81403 0.743469
14999 0.813991 0.743414
15000 0.813957 0.74335
