14000 0.808876 0.803604
14001 0.808886 0.803531
14002 0.808894 0.803481
14003 0.8089 0.803451
14004 0.808904 0.80344
14005 0.808906 0.803446
14006 0.808906 0.803467
14007 0.808908 0.80347
14008 0.808912 0.803458
14009 0.808914 0.803462
14010 0.808918 0.80345
14011 0.808923 0.803424
14012 0.808926 0.803416
14013 0.808928 0.803424
14014 0.808928 0.803447
14015 0.808926 0.803484
14016 0.808924 0.803532
14017 0.80892 0.803591
14018 0.808918 0.803629
14019 0.808919 0.803647
14020 0.808921 0.803648
14021 0.808922 0.803665
14022 0.808924 0.803664
14023 0.808928 0.803648
14024 0.80893 0.803649
14025 0.808934 0.803634
14026 0.80894 0.803606
14027 0.808946 0.803564
14028 0.808951 0.803543
14029 0.808957 0.803508
14030 0.808965 0.803461
14031 0.808973 0.803403
14032 0.808983 0.803336
14033 0.808994 0.803259
14034 0.809005 0.803175
14035 0.809014 0.803115
14036 0.809021 0.803077
14037 0.809029 0.803026
14038 0.809035 0.802997
14039 0.80904 0.802986
14040 0.809043 0.802991
14041 0.809045 0.803012
14042 0.809045 0.803046
14043 0.809048 0.803061
14044 0.809052 0.80306
14045 0.809058 0.803042
14046 0.809065 0.803012
14047 0.809073 0.802968
14048 0.809082 0.802914
14049 0.809093 0.802849
14050 0.809104 0.802776
14051 0.809114 0.802725
14052 0.809121 0.802695
14053 0.809127 0.802684
14054 0.809131 0.802689
14055 0.809133 0.80271
14056 0.809135 0.802744
14057 0.809135 0.80279
14058 0.809134 0.802847
14059 0.809132 0.802914
14060 0.80913 0.80299
14061 0.809126 0.803074
14062 0.809122 0.803166
14063 0.809121 0.803232
14064 0.809121 0.803277
14065 0.809124 0.803301
14066 0.809128 0.803308
14067 0.809133 0.803298
14068 0.809141 0.803274
14069 0.809149 0.803236
14070 0.809156 0.803219
14071 0.80916 0.803218
14072 0.809167 0.803202
14073 0.809174 0.803172
14074 0.80918 0.803161
14075 0.809187 0.803135
14076 0.809196 0.803096
14077 0.809206 0.803046
14078 0.809217 0.802985
14079 0.809225 0.802946
14080 0.809235 0.802896
14081 0.809243 0.802866
14082 0.809252 0.802823
14083 0.809262 0.802769
14084 0.809273 0.802705
14085 0.809282 0.802663
14086 0.809292 0.80261
14087 0.8093 0.802578
14088 0.809307 0.802564
14089 0.809314 0.802537
14090 0.80932 0.802528
14091 0.809324 0.802535
14092 0.809327 0.802557
14093 0.809331 0.802561
14094 0.809337 0.80255
14095 0.809341 0.802555
14096 0.809344 0.802575
14097 0.809345 0.802609
14098 0.809345 0.802655
14099 0.809344 0.802712
14100 0.809342 0.802779
14101 0.809339 0.802855
14102 0.809335 0.802939
14103 0.80933 0.80303
14104 0.809325 0.803128
14105 0.809322 0.803201
14106 0.809322 0.80325
14107 0.809323 0.803279
14108 0.809327 0.80329
14109 0.809332 0.803284
14110 0.809339 0.803264
14111 0.809347 0.80323
14112 0.809357 0.803184
14113 0.809364 0.803158
14114 0.809369 0.80315
14115 0.809373 0.803158
14116 0.809375 0.803182
14117 0.809379 0.803187
14118 0.809384 0.803177
14119 0.809392 0.803152
14120 0.809397 0.803145
14121 0.8094 0.803154
14122 0.809406 0.803147
14123 0.809413 0.803125
14124 0.809421 0.80309
14125 0.809431 0.803043
14126 0.809438 0.803016
14127 0.809447 0.802977
14128 0.809457 0.802925
14129 0.809469 0.802864
14130 0.809478 0.802824
14131 0.809488 0.802773
14132 0.809499 0.802711
14133 0.809511 0.80264
14134 0.809521 0.802592
14135 0.809532 0.802533
14136 0.809544 0.802465
14137 0.809554 0.802419
14138 0.809561 0.802393
14139 0.80957 0.802354
14140 0.80958 0.802304
14141 0.809592 0.802243
14142 0.809601 0.802204
14143 0.809608 0.802184
14144 0.809613 0.802182
14145 0.809616 0.802196
14146 0.809618 0.802224
14147 0.809619 0.802264
14148 0.809618 0.802317
14149 0.809616 0.802379
14150 0.809613 0.802451
14151 0.809613 0.802501
14152 0.809615 0.802529
14153 0.809619 0.80254
14154 0.809621 0.802565
14155 0.809622 0.802603
14156 0.809622 0.802653
14157 0.809635 0.802706
14158 0.809648 0.802739
14159 0.809663 0.802753
14160 0.809678 0.80275
14161 0.809694 0.802732
14162 0.809722 0.802725
14163 0.809748 0.802703
14164 0.809775 0.802668
14165 0.809801 0.80262
14166 0.809823 0.802593
14167 0.809846 0.802553
14168 0.809868 0.802502
14169 0.809887 0.802472
14170 0.809903 0.80246
14171 0.809917 0.802465
14172 0.809927 0.802485
14173 0.809936 0.802519
14174 0.809943 0.802564
14175 0.809951 0.80259
14176 0.809961 0.802598
14177 0.809972 0.80259
14178 0.809984 0.802567
14179 0.809994 0.802561
14180 0.810002 0.802572
14181 0.810011 0.802567
14182 0.810022 0.802546
14183 0.810033 0.802512
14184 0.810043 0.802497
14185 0.81005 0.8025
14186 0.810056 0.802517
14187 0.81006 0.802549
14188 0.810062 0.802592
14189 0.810063 0.802647
14190 0.810063 0.802713
14191 0.810062 0.802787
14192 0.81006 0.802869
14193 0.810056 0.802959
14194 0.810052 0.803056
14195 0.810048 0.803158
14196 0.810046 0.803235
14197 0.810046 0.803289
14198 0.810045 0.803353
14199 0.810044 0.803426
14200 0.810041 0.803507
14201 0.81004 0.803565
14202 0.810042 0.803601
14203 0.810046 0.803619
14204 0.810049 0.80365
14205 0.81005 0.803694
14206 0.810053 0.803718
14207 0.810058 0.803724
14208 0.810065 0.803714
14209 0.81007 0.80372
14210 0.810077 0.803711
14211 0.810085 0.803686
14212 0.810095 0.803649
14213 0.810107 0.8036
14214 0.810119 0.803541
14215 0.810132 0.803472
14216 0.810143 0.803425
14217 0.810166 0.803392
14218 0.8102 0.803371
14219 0.810232 0.803336
14220 0.810274 0.803314
14221 0.810325 0.803303
14222 0.810373 0.803278
14223 0.810401 0.803256
14224 0.810428 0.803221
14225 0.810454 0.803174
14226 0.810481 0.803117
14227 0.810489 0.803066
14228 0.810498 0.803005
14229 0.810491 0.802952
14230 0.81047 0.802905
14231 0.810434 0.802864
14232 0.810387 0.802828
14233 0.810329 0.802798
14234 0.810261 0.802771
14235 0.810185 0.802749
14236 0.810115 0.802744
14237 0.810054 0.802724
14238 0.810001 0.802691
14239 0.809956 0.802645
14240 0.809917 0.802589
14241 0.809882 0.802554
14242 0.809848 0.802538
14243 0.809817 0.802539
14244 0.809788 0.802556
14245 0.809761 0.802586
14246 0.809735 0.802629
14247 0.809711 0.802684
14248 0.809692 0.802717
14249 0.809676 0.802732
14250 0.809661 0.802761
14251 0.80965 0.802771
14252 0.809641 0.802765
14253 0.809636 0.802744
14254 0.80963 0.802741
14255 0.809624 0.802753
14256 0.80962 0.802749
14257 0.809619 0.80273
14258 0.80962 0.802697
14259 0.809623 0.802652
14260 0.809627 0.802597
14261 0.809633 0.802531
14262 0.809641 0.802456
14263 0.809646 0.802404
14264 0.80965 0.802373
14265 0.809652 0.802361
14266 0.809653 0.802366
14267 0.809653 0.802385
14268 0.809655 0.802388
14269 0.809658 0.802374
14270 0.809663 0.802346
14271 0.809667 0.802337
14272 0.809669 0.802344
14273 0.809669 0.802366
14274 0.809668 0.802402
14275 0.809667 0.802449
14276 0.809664 0.802508
14277 0.80966 0.802576
14278 0.809655 0.802653
14279 0.80965 0.802738
14280 0.809643 0.80283
14281 0.809637 0.802928
14282 0.809629 0.803032
14283 0.809621 0.803142
14284 0.809616 0.803225
14285 0.809613 0.803284
14286 0.809613 0.803321
14287 0.809614 0.80334
14288 0.809618 0.803341
14289 0.809623 0.803326
14290 0.809629 0.803297
14291 0.809637 0.803256
14292 0.809646 0.803203
14293 0.809656 0.80314
14294 0.809667 0.803068
14295 0.80969 0.803012
14296 0.809724 0.80297
14297 0.809756 0.802917
14298 0.809787 0.802854
14299 0.809817 0.802781
14300 0.809846 0.802701
14301 0.809871 0.802643
14302 0.809893 0.802608
14303 0.809914 0.80256
14304 0.809935 0.802501
14305 0.809953 0.802464
14306 0.809968 0.802447
14307 0.809983 0.802415
14308 0.809981 0.802388
14309 0.809964 0.802364
14310 0.809933 0.802344
14311 0.80989 0.802327
14312 0.809835 0.802312
14313 0.80977 0.8023
14314 0.809714 0.802274
14315 0.809676 0.802259
14316 0.809644 0.80223
14317 0.809617 0.802188
14318 0.809594 0.802135
14319 0.809587 0.802096
14320 0.809593 0.80207
14321 0.809601 0.802031
14322 0.809607 0.802011
14323 0.809611 0.802009
14324 0.809614 0.802022
14325 0.809618 0.802019
14326 0.809624 0.802001
14327 0.809632 0.801969
14328 0.809637 0.801956
14329 0.809655 0.801952
14330 0.809684 0.801958
14331 0.809712 0.801948
14332 0.80974 0.801923
14333 0.809764 0.801916
14334 0.809784 0.801926
14335 0.809801 0.80195
14336 0.809816 0.801987
14337 0.809828 0.802036
14338 0.809838 0.802096
14339 0.809847 0.802166
14340 0.809856 0.802213
14341 0.809867 0.80224
14342 0.809878 0.802248
14343 0.80989 0.802241
14344 0.809901 0.802249
14345 0.809909 0.802273
14346 0.809915 0.80231
14347 0.809923 0.802327
14348 0.809933 0.802327
14349 0.809943 0.802312
14350 0.809951 0.802314
14351 0.809961 0.8023
14352 0.809972 0.802272
14353 0.809984 0.802231
14354 0.809994 0.80221
14355 0.810004 0.802176
14356 0.810016 0.80213
14357 0.810029 0.802072
14358 0.810043 0.802005
14359 0.810058 0.80193
14360 0.81007 0.801877
14361 0.81008 0.801845
14362 0.810088 0.801832
14363 0.810094 0.801836
14364 0.810099 0.801856
14365 0.810103 0.801888
14366 0.810105 0.801934
14367 0.810106 0.80199
14368 0.810109 0.802025
14369 0.810114 0.802041
14370 0.81012 0.802041
14371 0.810125 0.802055
14372 0.810132 0.802053
14373 0.810137 0.802067
14374 0.810144 0.802064
14375 0.810152 0.802045
14376 0.810161 0.802013
14377 0.810172 0.801969
14378 0.810184 0.801914
14379 0.810197 0.801849
14380 0.810211 0.801774
14381 0.810207 0.801708
14382 0.810189 0.801649
14383 0.810157 0.801597
14384 0.81013 0.801534
14385 0.810108 0.801462
14386 0.810087 0.801413
14387 0.810068 0.801384
14388 0.810049 0.801374
14389 0.810032 0.801381
14390 0.810015 0.801402
14391 0.809999 0.801437
14392 0.809984 0.801484
14393 0.80997 0.801542
14394 0.809956 0.80161
14395 0.809956 0.801679
14396 0.809959 0.801726
14397 0.80996 0.801784
14398 0.809961 0.801852
14399 0.80996 0.801929
14400 0.809959 0.802013
14401 0.809957 0.802105
14402 0.809957 0.802172
14403 0.809959 0.802217
14404 0.809961 0.802272
14405 0.809961 0.802338
14406 0.80996 0.802413
14407 0.809958 0.802497
14408 0.809956 0.802587
14409 0.809956 0.802653
14410 0.809959 0.802697
14411 0.809963 0.802721
14412 0.80997 0.802727
14413 0.809978 0.802717
14414 0.809987 0.802692
14415 0.809998 0.802655
14416 0.810011 0.802606
14417 0.810024 0.802546
14418 0.810035 0.802508
14419 0.810047 0.802458
14420 0.810058 0.802429
14421 0.810066 0.802418
14422 0.810072 0.802424
14423 0.810077 0.802445
14424 0.81008 0.80248
14425 0.810081 0.802527
14426 0.810085 0.802553
14427 0.810092 0.802562
14428 0.810099 0.802554
14429 0.810106 0.802563
14430 0.81011 0.802586
14431 0.810113 0.802622
14432 0.810118 0.80264
14433 0.810125 0.80264
14434 0.810134 0.802625
14435 0.810141 0.802627
14436 0.810147 0.802645
14437 0.810154 0.802645
14438 0.810163 0.80263
14439 0.810174 0.8026
14440 0.810182 0.80259
14441 0.810189 0.802596
14442 0.810198 0.802586
14443 0.810208 0.802561
14444 0.810217 0.802555
14445 0.810227 0.802534
14446 0.810239 0.802499
14447 0.810248 0.802484
14448 0.810256 0.802486
14449 0.810247 0.802488
14450 0.810224 0.802491
14451 0.810187 0.802495
14452 0.810157 0.802483
14453 0.810132 0.802457
14454 0.810108 0.802449
14455 0.810086 0.802457
14456 0.810065 0.80248
14457 0.810049 0.802485
14458 0.810037 0.802475
14459 0.810028 0.80245
14460 0.810033 0.802436
14461 0.810051 0.802432
14462 0.81008 0.802437
14463 0.810105 0.802457
14464 0.810127 0.802491
14465 0.810145 0.802537
14466 0.810161 0.802594
14467 0.810177 0.802629
14468 0.810195 0.802646
14469 0.810213 0.802646
14470 0.810231 0.80263
14471 0.810261 0.802624
14472 0.810301 0.802628
14473 0.81035 0.802639
14474 0.810393 0.802665
14475 0.810431 0.802704
14476 0.810464 0.802755
14477 0.810493 0.802816
14478 0.810519 0.802887
14479 0.810544 0.802935
14480 0.810566 0.802994
14481 0.810584 0.803063
14482 0.8106 0.803141
14483 0.810617 0.803195
14484 0.810635 0.803229
14485 0.810654 0.803243
14486 0.810673 0.803241
14487 0.810693 0.803224
14488 0.810713 0.803192
14489 0.810734 0.803149
14490 0.810756 0.803094
14491 0.810778 0.80303
14492 0.810796 0.802988
14493 0.810813 0.802965
14494 0.810826 0.80296
14495 0.810841 0.802941
14496 0.810857 0.802908
14497 0.81087 0.802893
14498 0.810882 0.802896
14499 0.810891 0.802914
14500 0.810902 0.802915
14501 0.810914 0.802901
14502 0.810928 0.802872
14503 0.810943 0.802831
14504 0.810956 0.802809
14505 0.810966 0.802806
14506 0.810975 0.802818
14507 0.810982 0.802845
14508 0.810988 0.802885
14509 0.810995 0.802905
14510 0.811005 0.802908
14511 0.811012 0.802926
14512 0.811019 0.802958
14513 0.811023 0.803003
14514 0.811027 0.803058
14515 0.811029 0.803124
14516 0.811031 0.803199
14517 0.811031 0.803282
14518 0.811034 0.803341
14519 0.811037 0.80341
14520 0.811041 0.803457
14521 0.811045 0.803515
14522 0.811051 0.803551
14523 0.811055 0.8036
14524 0.811058 0.803659
14525 0.811061 0.803728
14526 0.811065 0.803775
14527 0.811073 0.803801
14528 0.811082 0.80381
14529 0.811093 0.803802
14530 0.811102 0.803811
14531 0.811113 0.803803
14532 0.811122 0.803812
14533 0.81113 0.803836
14534 0.811136 0.803872
14535 0.811141 0.803921
14536 0.811144 0.803981
14537 0.811147 0.804051
14538 0.811148 0.804129
14539 0.811149 0.804215
14540 0.811148 0.804308
14541 0.811148 0.804408
14542 0.811146 0.804513
14543 0.811147 0.804593
14544 0.811152 0.804649
14545 0.811158 0.804684
14546 0.811167 0.8047
14547 0.811178 0.804699
14548 0.81119 0.804682
14549 0.811204 0.804652
14550 0.81122 0.804609
14551 0.811237 0.804555
14552 0.811255 0.804491
14553 0.811275 0.804418
14554 0.811291 0.804368
14555 0.811309 0.804308
14556 0.811328 0.804238
14557 0.811349 0.80416
14558 0.81137 0.804074
14559 0.811391 0.803982
14560 0.811395 0.803899
14561 0.811383 0.803826
14562 0.811357 0.803762
14563 0.811317 0.803704
14564 0.811266 0.803654
14565 0.811223 0.803593
14566 0.811187 0.803523
14567 0.811157 0.803444
14568 0.81113 0.803389
14569 0.811105 0.803355
14570 0.811085 0.803309
14571 0.811069 0.803253
14572 0.811055 0.803217
14573 0.811041 0.803201
14574 0.811028 0.803202
14575 0.811016 0.803219
14576 0.811004 0.803249
14577 0.810992 0.803292
14578 0.810981 0.803347
14579 0.810971 0.803411
14580 0.810961 0.803485
14581 0.810951 0.803567
14582 0.810941 0.803657
14583 0.810932 0.803753
14584 0.810926 0.803824
14585 0.810923 0.803873
14586 0.810924 0.803901
14587 0.810923 0.803942
14588 0.810922 0.803995
14589 0.81092 0.804058
14590 0.810922 0.804099
14591 0.810925 0.804121
14592 0.810928 0.804156
14593 0.810929 0.804204
14594 0.810933 0.804231
14595 0.810936 0.804271
14596 0.810941 0.804291
14597 0.810949 0.804295
14598 0.810958 0.804282
14599 0.810966 0.804286
14600 0.810975 0.804275
14601 0.810986 0.804249
14602 0.810999 0.80421
14603 0.811009 0.804191
14604 0.811018 0.804189
14605 0.811029 0.804172
14606 0.811041 0.804141
14607 0.811054 0.804098
14608 0.811069 0.804044
14609 0.811082 0.804011
14610 0.811093 0.803996
14611 0.811102 0.803999
14612 0.811112 0.803986
14613 0.811125 0.803959
14614 0.811138 0.80392
14615 0.811153 0.803868
14616 0.811166 0.803838
14617 0.811176 0.803826
14618 0.81117 0.803816
14619 0.811149 0.803809
14620 0.811133 0.803787
14621 0.811121 0.803751
14622 0.811109 0.803735
14623 0.811098 0.803736
14624 0.811087 0.803752
14625 0.81108 0.803752
14626 0.811076 0.803736
14627 0.811072 0.803737
14628 0.811068 0.803754
14629 0.811066 0.803753
14630 0.811068 0.803738
14631 0.811071 0.803708
14632 0.811077 0.803666
14633 0.811082 0.803644
14634 0.811086 0.803639
14635 0.811088 0.803651
14636 0.81109 0.803677
14637 0.81109 0.803716
14638 0.81109 0.803767
14639 0.811089 0.803829
14640 0.811088 0.8039
14641 0.811086 0.803979
14642 0.811087 0.804035
14643 0.81109 0.80407
14644 0.811096 0.804086
14645 0.811104 0.804085
14646 0.811114 0.804069
14647 0.811122 0.80407
14648 0.811129 0.804087
14649 0.811138 0.804086
14650 0.811148 0.80407
14651 0.811157 0.804072
14652 0.811165 0.804088
14653 0.811174 0.804088
14654 0.811182 0.804104
14655 0.811192 0.804102
14656 0.811203 0.804085
14657 0.811213 0.804086
14658 0.811221 0.804102
14659 0.811228 0.804132
14660 0.811236 0.804144
14661 0.811244 0.80417
14662 0.811253 0.804178
14663 0.811261 0.804201
14664 0.811267 0.804238
14665 0.811272 0.804286
14666 0.811276 0.804345
14667 0.811279 0.804414
14668 0.811281 0.804492
14669 0.811282 0.804578
14670 0.811286 0.804639
14671 0.811293 0.804679
14672 0.811301 0.8047
14673 0.811308 0.804734
14674 0.811317 0.80475
14675 0.811328 0.804748
14676 0.811341 0.804731
14677 0.811355 0.804701
14678 0.811371 0.804658
14679 0.811388 0.804604
14680 0.811403 0.80457
14681 0.811415 0.804556
14682 0.811426 0.804559
14683 0.811435 0.804578
14684 0.811446 0.804579
14685 0.811459 0.804565
14686 0.811469 0.804567
14687 0.811479 0.804585
14688 0.811486 0.804617
14689 0.811492 0.804662
14690 0.811497 0.804718
14691 0.811505 0.804752
14692 0.811514 0.804768
14693 0.811525 0.804767
14694 0.811538 0.80475
14695 0.811552 0.80472
14696 0.811568 0.804677
14697 0.811585 0.804623
14698 0.811603 0.804559
14699 0.811619 0.804517
14700 0.811632 0.804495
14701 0.811644 0.804491
14702 0.811654 0.804503
14703 0.811662 0.80453
14704 0.811669 0.804569
14705 0.811678 0.804589
14706 0.811685 0.804623
14707 0.811691 0.804669
14708 0.811696 0.804726
14709 0.8117 0.804793
14710 0.811703 0.804869
14711 0.811705 0.804954
14712 0.811706 0.805045
14713 0.81171 0.805112
14714 0.811717 0.805157
14715 0.811725 0.805181
14716 0.811736 0.805188
14717 0.811748 0.805179
14718 0.811762 0.805155
14719 0.811777 0.805119
14720 0.811794 0.80507
14721 0.811794 0.805028
14722 0.811777 0.804991
14723 0.811747 0.80496
14724 0.811723 0.804916
14725 0.811704 0.804861
14726 0.811671 0.804814
14727 0.811626 0.804772
14728 0.811588 0.804719
14729 0.811557 0.804656
14730 0.811531 0.804584
14731 0.811511 0.804503
14732 0.811495 0.804415
14733 0.811484 0.804321
14734 0.811473 0.804251
14735 0.811462 0.804205
14736 0.811455 0.804147
14737 0.811448 0.804111
14738 0.811441 0.804094
14739 0.811434 0.804094
14740 0.81143 0.804079
14741 0.811425 0.804082
14742 0.811421 0.804099
14743 0.811416 0.804131
14744 0.81141 0.804175
14745 0.811404 0.80423
14746 0.811402 0.804264
14747 0.811402 0.804279
14748 0.811402 0.804309
14749 0.811404 0.80432
14750 0.811409 0.804315
14751 0.811412 0.804325
14752 0.811418 0.80432
14753 0.811426 0.804299
14754 0.811436 0.804265
14755 0.811444 0.80425
14756 0.81145 0.804252
14757 0.811455 0.80427
14758 0.811459 0.804302
14759 0.811465 0.804315
14760 0.81147 0.804342
14761 0.811473 0.804382
14762 0.811475 0.804434
14763 0.811477 0.804497
14764 0.811477 0.804569
14765 0.811477 0.804649
14766 0.811476 0.804737
14767 0.811477 0.804801
14768 0.811482 0.804843
14769 0.811488 0.804865
14770 0.811497 0.80487
14771 0.811508 0.804859
14772 0.811517 0.804864
14773 0.811528 0.804854
14774 0.81154 0.804829
14775 0.811554 0.804791
14776 0.81157 0.804741
14777 0.811583 0.804713
14778 0.811595 0.804702
14779 0.811604 0.804709
14780 0.811612 0.80473
14781 0.811622 0.804734
14782 0.811634 0.804722
14783 0.811648 0.804696
14784 0.811659 0.804688
14785 0.811669 0.804697
14786 0.811677 0.80472
14787 0.811687 0.804726
14788 0.8117 0.804716
14789 0.811713 0.804691
14790 0.811725 0.804684
14791 0.811735 0.804694
14792 0.811747 0.804687
14793 0.81176 0.804666
14794 0.811776 0.804631
14795 0.811789 0.804616
14796 0.8118 0.804617
14797 0.811813 0.804603
14798 0.811827 0.804575
14799 0.81184 0.804566
14800 0.811851 0.804573
14801 0.81186 0.804595
14802 0.811867 0.804631
14803 0.811874 0.804679
14804 0.811879 0.804737
14805 0.811883 0.804806
14806 0.811886 0.804883
14807 0.811888 0.804969
14808 0.81189 0.805061
14809 0.81189 0.80516
14810 0.811891 0.805265
14811 0.81189 0.805375
14812 0.811893 0.805459
14813 0.811898 0.805518
14814 0.811906 0.805557
14815 0.811916 0.805576
14816 0.811928 0.805578
14817 0.811942 0.805564
14818 0.811957 0.805536
14819 0.811971 0.805527
14820 0.811986 0.805503
14821 0.812003 0.805466
14822 0.812021 0.805418
14823 0.81204 0.805359
14824 0.81206 0.80529
14825 0.812082 0.805213
14826 0.812104 0.805128
14827 0.812124 0.805067
14828 0.812144 0.804998
14829 0.812166 0.804919
14830 0.812188 0.804833
14831 0.812208 0.804771
14832 0.812228 0.804701
14833 0.81225 0.804621
14834 0.812272 0.804535
14835 0.812291 0.804472
14836 0.812312 0.804401
14837 0.812333 0.804321
14838 0.812351 0.804265
14839 0.812371 0.804199
14840 0.812391 0.804124
14841 0.812412 0.804041
14842 0.812431 0.803983
14843 0.812447 0.803945
14844 0.812461 0.803927
14845 0.812473 0.803927
14846 0.812483 0.803942
14847 0.812492 0.803972
14848 0.812503 0.803983
14849 0.812515 0.803977
14850 0.81253 0.803957
14851 0.812542 0.803954
14852 0.812537 0.803953
14853 0.812533 0.803968
14854 0.812528 0.803996
14855 0.812523 0.804038
14856 0.812519 0.804091
14857 0.812514 0.804154
14858 0.812509 0.804227
14859 0.812505 0.804308
14860 0.8125 0.804397
14861 0.812496 0.804492
14862 0.812495 0.804563
14863 0.812496 0.804611
14864 0.812498 0.80467
14865 0.812498 0.804738
14866 0.812498 0.804816
14867 0.812501 0.80487
14868 0.812507 0.804904
14869 0.812515 0.804918
14870 0.812526 0.804916
14871 0.812534 0.80493
14872 0.812542 0.804958
14873 0.812548 0.804999
14874 0.812557 0.805021
14875 0.812564 0.805056
14876 0.812571 0.805103
14877 0.812576 0.805161
14878 0.81258 0.805229
14879 0.812587 0.805275
14880 0.812597 0.805301
14881 0.812608 0.805309
14882 0.812618 0.805332
14883 0.812626 0.805368
14884 0.812637 0.805385
14885 0.81265 0.805385
14886 0.812664 0.80537
14887 0.81268 0.805341
14888 0.812698 0.805299
14889 0.812717 0.805246
14890 0.812734 0.805214
14891 0.812748 0.805201
14892 0.812764 0.805174
14893 0.812782 0.805134
14894 0.812801 0.805083
14895 0.812821 0.805022
14896 0.812839 0.804982
14897 0.812854 0.804962
14898 0.812868 0.80496
14899 0.812883 0.804942
14900 0.8129 0.804911
14901 0.812918 0.804868
14902 0.812938 0.804814
14903 0.812959 0.804749
14904 0.81298 0.804676
14905 0.813 0.804626
14906 0.813017 0.804596
14907 0.813016 0.804571
14908 0.813019 0.804532
14909 0.813025 0.804483
14910 0.813033 0.804422
14911 0.813044 0.804353
14912 0.813056 0.804275
14913 0.813071 0.804189
14914 0.813083 0.804128
14915 0.813095 0.804089
14916 0.813104 0.804069
14917 0.813113 0.804067
14918 0.81312 0.804081
14919 0.813127 0.804109
14920 0.813132 0.80415
14921 0.81314 0.804171
14922 0.813151 0.804175
14923 0.813163 0.804164
14924 0.813178 0.804138
14925 0.813194 0.804099
14926 0.813208 0.80408
14927 0.813221 0.804079
14928 0.813232 0.804093
14929 0.813242 0.804122
14930 0.813251 0.804163
14931 0.813259 0.804216
14932 0.813265 0.804279
14933 0.813275 0.804321
14934 0.813287 0.804343
14935 0.813297 0.804379
14936 0.813306 0.804427
14937 0.813314 0.804485
14938 0.813325 0.804523
14939 0.813334 0.804572
14940 0.813343 0.804632
14941 0.81335 0.804702
14942 0.813356 0.804781
14943 0.813362 0.804867
14944 0.813367 0.804961
14945 0.813375 0.805029
14946 0.813385 0.805076
14947 0.813398 0.805103
14948 0.813413 0.805111
14949 0.81343 0.805104
14950 0.813445 0.805113
14951 0.813458 0.805136
14952 0.813473 0.805142
14953 0.813491 0.805132
14954 0.813509 0.805108
14955 0.81353 0.805071
14956 0.813551 0.805022
14957 0.813574 0.804963
14958 0.813599 0.804894
14959 0.813624 0.804817
14960 0.81365 0.804732
14961 0.813673 0.804672
14962 0.813693 0.804633
14963 0.813712 0.804614
14964 0.813728 0.804612
14965 0.813743 0.804626
14966 0.813759 0.804624
14967 0.813777 0.804606
14968 0.813793 0.804606
14969 0.813808 0.804621
14970 0.813821 0.804651
14971 0.813835 0.804663
14972 0.813852 0.804657
14973 0.81387 0.804638
14974 0.81389 0.804604
14975 0.813908 0.80459
14976 0.813924 0.804593
14977 0.813938 0.804611
14978 0.81395 0.804643
14979 0.813961 0.804688
14980 0.813971 0.804744
14981 0.81398 0.80481
14982 0.813988 0.804885
14983 0.813994 0.804969
14984 0.814 0.805059
14985 0.814006 0.805157
14986 0.81401 0.80526
14987 0.814018 0.805338
14988 0.814028 0.805393
14989 0.814041 0.805426
14990 0.814052 0.805473
14991 0.814062 0.80553
14992 0.814075 0.805566
14993 0.814089 0.805583
14994 0.814103 0.805615
14995 0.814118 0.805628
14996 0.814136 0.805624
14997 0.814155 0.805605
14998 0.814176 0.805573
14999 0.814198 0.805529
15000 0.814222 0.805474
