14000 0.744489 0.891074
14001 0.744475 0.891044
14002 0.744462 0.891001
14003 0.744451 0.890947
14004 0.744441 0.890883
14005 0.744432 0.89084
14006 0.744423 0.890818
14007 0.744416 0.890813
14008 0.744409 0.890825
14009 0.744403 0.89085
14010 0.744397 0.890889
14011 0.744392 0.890909
14012 0.744388 0.890911
14013 0.744384 0.890897
14014 0.744394 0.890877
14015 0.744389 0.890865
14016 0.744398 0.890846
14017 0.74442 0.890822
14018 0.744439 0.890816
14019 0.744442 0.890817
14020 0.744445 0.890833
14021 0.744448 0.890864
14022 0.74445 0.890906
14023 0.744452 0.890929
14024 0.744454 0.890934
14025 0.744457 0.890923
14026 0.744459 0.890898
14027 0.744461 0.89089
14028 0.744462 0.890899
14029 0.744464 0.890923
14030 0.744465 0.89096
14031 0.744466 0.891009
14032 0.744467 0.891068
14033 0.744468 0.891138
14034 0.74447 0.891184
14035 0.744471 0.891211
14036 0.744472 0.891219
14037 0.744473 0.891211
14038 0.744474 0.891219
14039 0.744475 0.891242
14040 0.744476 0.891247
14041 0.744477 0.891236
14042 0.744478 0.89121
14043 0.744479 0.891172
14044 0.74448 0.891153
14045 0.74448 0.891151
14046 0.744481 0.891165
14047 0.744482 0.891194
14048 0.744468 0.891226
14049 0.744456 0.891239
14050 0.744445 0.891235
14051 0.744435 0.891216
14052 0.744427 0.891184
14053 0.744419 0.891139
14054 0.744412 0.891114
14055 0.744406 0.891076
14056 0.744401 0.891026
14057 0.744396 0.890997
14058 0.744392 0.890955
14059 0.744389 0.890901
14060 0.744385 0.890869
14061 0.744368 0.890846
14062 0.744339 0.890832
14063 0.744298 0.890826
14064 0.744275 0.890813
14065 0.744268 0.890794
14066 0.744275 0.890768
14067 0.744295 0.890738
14068 0.744298 0.890717
14069 0.744302 0.890713
14070 0.744305 0.890726
14071 0.744307 0.890753
14072 0.74431 0.890793
14073 0.744312 0.890845
14074 0.744327 0.890883
14075 0.744355 0.890911
14076 0.74438 0.89092
14077 0.744388 0.890934
14078 0.744381 0.890954
14079 0.744375 0.890956
14080 0.74437 0.890973
14081 0.744365 0.891004
14082 0.74436 0.891048
14083 0.744356 0.891103
14084 0.744353 0.891137
14085 0.74435 0.891152
14086 0.744348 0.89115
14087 0.744346 0.891132
14088 0.744344 0.891101
14089 0.744342 0.891088
14090 0.744341 0.891061
14091 0.74434 0.891021
14092 0.744339 0.890969
14093 0.744338 0.890907
14094 0.744338 0.890867
14095 0.744337 0.890846
14096 0.744337 0.890843
14097 0.744336 0.890856
14098 0.74435 0.89086
14099 0.744375 0.890856
14100 0.744398 0.890837
14101 0.744405 0.890826
14102 0.744397 0.890823
14103 0.744375 0.890826
14104 0.744341 0.890836
14105 0.744297 0.890852
14106 0.74427 0.890858
14107 0.744232 0.89087
14108 0.744212 0.890873
14109 0.744207 0.890868
14110 0.744188 0.89087
14111 0.744157 0.890878
14112 0.744143 0.890878
14113 0.744143 0.890869
14114 0.744144 0.890878
14115 0.74413 0.890892
14116 0.744131 0.890897
14117 0.744132 0.890917
14118 0.744133 0.89095
14119 0.744133 0.890996
14120 0.744147 0.89103
14121 0.744173 0.891052
14122 0.744211 0.891065
14123 0.74423 0.891083
14124 0.744233 0.891105
14125 0.744222 0.891132
14126 0.744225 0.891149
14127 0.744242 0.891156
14128 0.744271 0.891155
14129 0.74431 0.891146
14130 0.744345 0.891153
14131 0.744377 0.891176
14132 0.744406 0.891212
14133 0.744432 0.89126
14134 0.744455 0.891287
14135 0.744476 0.891296
14136 0.744495 0.891289
14137 0.744512 0.891267
14138 0.744528 0.891231
14139 0.744542 0.891183
14140 0.744555 0.891125
14141 0.744553 0.891079
14142 0.744536 0.891045
14143 0.744508 0.89102
14144 0.744468 0.891005
14145 0.744418 0.890998
14146 0.744373 0.891007
14147 0.744332 0.891031
14148 0.744296 0.891068
14149 0.744263 0.891117
14150 0.744234 0.891176
14151 0.744221 0.891222
14152 0.744223 0.891256
14153 0.744225 0.89127
14154 0.744226 0.891268
14155 0.744228 0.89125
14156 0.744229 0.891218
14157 0.74423 0.891174
14158 0.744232 0.891118
14159 0.744233 0.891084
14160 0.744234 0.891069
14161 0.744234 0.891071
14162 0.744235 0.891088
14163 0.744236 0.891088
14164 0.744237 0.891073
14165 0.744251 0.891051
14166 0.744277 0.891024
14167 0.744287 0.891006
14168 0.744281 0.890997
14169 0.74429 0.89098
14170 0.744311 0.890958
14171 0.744316 0.890945
14172 0.744334 0.890925
14173 0.744351 0.890891
14174 0.744351 0.890868
14175 0.744352 0.890831
14176 0.744353 0.890814
14177 0.744354 0.890814
14178 0.744354 0.890829
14179 0.744355 0.890859
14180 0.744355 0.89087
14181 0.744369 0.890872
14182 0.744396 0.890867
14183 0.744433 0.890854
14184 0.744466 0.890858
14185 0.744497 0.890878
14186 0.744524 0.890911
14187 0.744548 0.890925
14188 0.744571 0.890922
14189 0.744591 0.890904
14190 0.74461 0.890872
14191 0.744626 0.890858
14192 0.744641 0.890862
14193 0.744655 0.890881
14194 0.744667 0.890914
14195 0.744678 0.890959
14196 0.744688 0.891016
14197 0.744682 0.891073
14198 0.744663 0.891131
14199 0.744632 0.89119
14200 0.74459 0.891249
14201 0.744537 0.89131
14202 0.744476 0.89137
14203 0.744434 0.891417
14204 0.744411 0.891452
14205 0.744403 0.891476
14206 0.74441 0.891489
14207 0.744429 0.891494
14208 0.744447 0.891514
14209 0.744463 0.891516
14210 0.744478 0.891503
14211 0.744492 0.891475
14212 0.744504 0.891465
14213 0.744515 0.891441
14214 0.744525 0.891403
14215 0.744535 0.891354
14216 0.744543 0.891325
14217 0.74455 0.891315
14218 0.744557 0.89129
14219 0.744564 0.891252
14220 0.74457 0.891202
14221 0.744575 0.891142
14222 0.744566 0.891094
14223 0.744544 0.891057
14224 0.744524 0.891009
14225 0.744506 0.890949
14226 0.74449 0.89088
14227 0.744475 0.890834
14228 0.744462 0.890808
14229 0.744451 0.890768
14230 0.74444 0.890718
14231 0.744431 0.890656
14232 0.744422 0.890616
14233 0.744415 0.890596
14234 0.744408 0.890594
14235 0.744402 0.890607
14236 0.744396 0.890635
14237 0.744391 0.890644
14238 0.744386 0.890637
14239 0.744383 0.890615
14240 0.744379 0.89061
14241 0.744376 0.890622
14242 0.744373 0.890617
14243 0.744371 0.890597
14244 0.744369 0.890594
14245 0.744367 0.890608
14246 0.744365 0.890604
14247 0.744364 0.890585
14248 0.744376 0.890561
14249 0.744401 0.890531
14250 0.744409 0.89051
14251 0.744402 0.890498
14252 0.74441 0.89048
14253 0.74443 0.890456
14254 0.744462 0.890427
14255 0.744504 0.890393
14256 0.744543 0.890378
14257 0.744577 0.89038
14258 0.744608 0.890398
14259 0.744636 0.890398
14260 0.744662 0.890382
14261 0.744685 0.890353
14262 0.744706 0.890342
14263 0.744725 0.890348
14264 0.744756 0.890345
14265 0.744797 0.890336
14266 0.744835 0.890311
14267 0.744869 0.890274
14268 0.7449 0.890256
14269 0.744927 0.890255
14270 0.744952 0.89027
14271 0.744975 0.890299
14272 0.744995 0.890341
14273 0.745013 0.890395
14274 0.745029 0.890458
14275 0.745044 0.890531
14276 0.745057 0.890612
14277 0.745069 0.890701
14278 0.745079 0.890797
14279 0.745089 0.890898
14280 0.745098 0.891005
14281 0.745106 0.891086
14282 0.745114 0.891143
14283 0.745121 0.891179
14284 0.745127 0.891226
14285 0.745134 0.891254
14286 0.74514 0.891263
14287 0.745146 0.891255
14288 0.745151 0.891232
14289 0.745156 0.891228
14290 0.745161 0.891239
14291 0.745166 0.891234
14292 0.74517 0.891214
14293 0.745175 0.89118
14294 0.745179 0.891133
14295 0.745184 0.891076
14296 0.745188 0.89104
14297 0.745192 0.890992
14298 0.745196 0.890933
14299 0.7452 0.890864
14300 0.745204 0.890787
14301 0.745208 0.890733
14302 0.745211 0.8907
14303 0.745215 0.890686
14304 0.745218 0.890689
14305 0.745221 0.890707
14306 0.745223 0.890739
14307 0.745226 0.890784
14308 0.745229 0.890808
14309 0.745231 0.890815
14310 0.745234 0.890836
14311 0.745237 0.89084
14312 0.745239 0.890827
14313 0.745242 0.890832
14314 0.745244 0.890851
14315 0.745247 0.890853
14316 0.745249 0.890871
14317 0.745252 0.890871
14318 0.745254 0.890887
14319 0.745257 0.890885
14320 0.745259 0.890868
14321 0.745262 0.890838
14322 0.745264 0.890825
14323 0.745267 0.890799
14324 0.74527 0.890791
14325 0.745272 0.890799
14326 0.745274 0.890791
14327 0.745277 0.890768
14328 0.74528 0.890731
14329 0.745283 0.890714
14330 0.745285 0.890714
14331 0.745288 0.89073
14332 0.74529 0.89076
14333 0.745292 0.890803
14334 0.745294 0.890825
14335 0.745297 0.89083
14336 0.745299 0.89085
14337 0.745302 0.890852
14338 0.745305 0.890839
14339 0.745307 0.890811
14340 0.74531 0.890802
14341 0.745313 0.890809
14342 0.745315 0.890831
14343 0.745318 0.890835
14344 0.745321 0.890855
14345 0.745323 0.890888
14346 0.745325 0.890933
14347 0.745328 0.89099
14348 0.74533 0.891025
14349 0.745333 0.891041
14350 0.745335 0.891071
14351 0.745338 0.891114
14352 0.74534 0.891137
14353 0.745343 0.891142
14354 0.745345 0.891162
14355 0.745348 0.891195
14356 0.745351 0.89121
14357 0.745353 0.891208
14358 0.745356 0.891221
14359 0.745359 0.891218
14360 0.745362 0.891199
14361 0.745365 0.891166
14362 0.745368 0.891122
14363 0.745371 0.891066
14364 0.745374 0.891
14365 0.745377 0.890956
14366 0.745366 0.890923
14367 0.745341 0.890901
14368 0.745306 0.890887
14369 0.745259 0.890882
14370 0.745203 0.890883
14371 0.745153 0.890869
14372 0.745109 0.890841
14373 0.745069 0.8908
14374 0.745033 0.890779
14375 0.745001 0.890776
14376 0.744972 0.890788
14377 0.744947 0.890815
14378 0.744924 0.890823
14379 0.744903 0.890847
14380 0.744885 0.890883
14381 0.744869 0.890932
14382 0.744854 0.89096
14383 0.744842 0.89097
14384 0.74483 0.890963
14385 0.744821 0.890941
14386 0.744812 0.890937
14387 0.744804 0.890949
14388 0.744797 0.890944
14389 0.744792 0.890924
14390 0.744787 0.89089
14391 0.744783 0.890844
14392 0.744779 0.890819
14393 0.744776 0.890811
14394 0.744773 0.89082
14395 0.74477 0.890844
14396 0.744767 0.890881
14397 0.744765 0.89093
14398 0.744763 0.890989
14399 0.744762 0.891059
14400 0.74476 0.891137
14401 0.744759 0.891223
14402 0.744758 0.891284
14403 0.744757 0.891324
14404 0.744757 0.891344
14405 0.744757 0.891347
14406 0.744757 0.891333
14407 0.744758 0.891306
14408 0.744758 0.891296
14409 0.744745 0.891295
14410 0.744718 0.8913
14411 0.74468 0.891312
14412 0.744632 0.891329
14413 0.744589 0.891329
14414 0.74455 0.891313
14415 0.744515 0.891284
14416 0.744484 0.891272
14417 0.744456 0.891278
14418 0.74443 0.891299
14419 0.744407 0.891333
14420 0.744372 0.891371
14421 0.744354 0.891397
14422 0.744351 0.891413
14423 0.744335 0.891434
14424 0.744306 0.89146
14425 0.744266 0.89149
14426 0.744216 0.891524
14427 0.744172 0.891539
14428 0.744145 0.891545
14429 0.744134 0.891543
14430 0.744111 0.891547
14431 0.744075 0.891558
14432 0.744057 0.89156
14433 0.744027 0.891569
14434 0.743999 0.891561
14435 0.743975 0.891539
14436 0.743966 0.89151
14437 0.743972 0.891477
14438 0.743977 0.891432
14439 0.743968 0.891397
14440 0.743973 0.891359
14441 0.743991 0.891316
14442 0.744021 0.89127
14443 0.744047 0.891244
14444 0.744071 0.891237
14445 0.744092 0.891246
14446 0.744111 0.891269
14447 0.744128 0.891306
14448 0.744143 0.891324
14449 0.744171 0.891332
14450 0.744209 0.891331
14451 0.744257 0.891323
14452 0.744314 0.891308
14453 0.744365 0.891279
14454 0.744411 0.891237
14455 0.744453 0.891215
14456 0.74449 0.891211
14457 0.744524 0.891223
14458 0.744554 0.891249
14459 0.744581 0.891288
14460 0.744606 0.89134
14461 0.744628 0.891401
14462 0.744648 0.891472
14463 0.744666 0.891552
14464 0.744682 0.891608
14465 0.744697 0.891643
14466 0.74471 0.89169
14467 0.744722 0.891748
14468 0.744733 0.891816
14469 0.744743 0.891861
14470 0.744752 0.891918
14471 0.74476 0.891984
14472 0.744768 0.892059
14473 0.744775 0.892112
14474 0.744781 0.892143
14475 0.744787 0.892156
14476 0.744793 0.892151
14477 0.744798 0.892132
14478 0.744803 0.892099
14479 0.744807 0.892084
14480 0.744811 0.892056
14481 0.744801 0.892037
14482 0.744778 0.892027
14483 0.744743 0.892025
14484 0.744697 0.892031
14485 0.744642 0.892042
14486 0.744592 0.892037
14487 0.744548 0.892016
14488 0.744508 0.891982
14489 0.744472 0.891936
14490 0.74444 0.891879
14491 0.744411 0.891811
14492 0.744386 0.891735
14493 0.744363 0.891651
14494 0.744342 0.891591
14495 0.744323 0.891521
14496 0.744292 0.891465
14497 0.744251 0.891422
14498 0.744213 0.891367
14499 0.744179 0.891302
14500 0.744149 0.891228
14501 0.744135 0.891169
14502 0.744137 0.891123
14503 0.744138 0.891098
14504 0.744138 0.891091
14505 0.744139 0.891101
14506 0.744139 0.891093
14507 0.74414 0.891071
14508 0.744141 0.891036
14509 0.744141 0.89102
14510 0.744127 0.891012
14511 0.744101 0.891011
14512 0.744062 0.891017
14513 0.744042 0.891015
14514 0.744037 0.891005
14515 0.744046 0.890989
14516 0.74404 0.890981
14517 0.74402 0.89098
14518 0.743989 0.890986
14519 0.743946 0.890998
14520 0.743893 0.891016
14521 0.743831 0.891038
14522 0.743762 0.891065
14523 0.743712 0.891082
14524 0.743682 0.891088
14525 0.743668 0.891087
14526 0.743669 0.891077
14527 0.743655 0.891075
14528 0.743629 0.89108
14529 0.743619 0.891077
14530 0.74361 0.891089
14531 0.743615 0.891092
14532 0.743633 0.891087
14533 0.743663 0.891075
14534 0.743676 0.89107
14535 0.743673 0.891073
14536 0.743656 0.891082
14537 0.743627 0.891096
14538 0.743586 0.891116
14539 0.743535 0.89114
14540 0.743503 0.891154
14541 0.743488 0.891158
14542 0.743487 0.891154
14543 0.743473 0.891157
14544 0.743445 0.891166
14545 0.743406 0.891181
14546 0.743356 0.891201
14547 0.743325 0.89121
14548 0.743311 0.891211
14549 0.743312 0.891204
14550 0.743298 0.891204
14551 0.743271 0.89121
14552 0.743233 0.891222
14553 0.743211 0.891225
14554 0.743206 0.89122
14555 0.743215 0.891207
14556 0.743236 0.891187
14557 0.743255 0.891185
14558 0.743271 0.891199
14559 0.743286 0.891227
14560 0.743313 0.891245
14561 0.74335 0.891252
14562 0.743398 0.891251
14563 0.743454 0.891242
14564 0.743518 0.891226
14565 0.743589 0.891204
14566 0.743667 0.891175
14567 0.74375 0.891142
14568 0.743811 0.891119
14569 0.743851 0.891104
14570 0.743888 0.891107
14571 0.74392 0.891125
14572 0.743949 0.891157
14573 0.743976 0.891202
14574 0.743999 0.891257
14575 0.74402 0.891323
14576 0.744053 0.891374
14577 0.744096 0.891412
14578 0.744134 0.891463
14579 0.744169 0.891523
14580 0.7442 0.891562
14581 0.744229 0.891582
14582 0.744254 0.891584
14583 0.744277 0.891601
14584 0.744298 0.891633
14585 0.744302 0.891667
14586 0.744292 0.891705
14587 0.744283 0.891724
14588 0.744275 0.891725
14589 0.744268 0.89171
14590 0.744247 0.891704
14591 0.744229 0.891682
14592 0.744212 0.891647
14593 0.744198 0.891599
14594 0.744185 0.891572
14595 0.744158 0.891555
14596 0.744135 0.891523
14597 0.744114 0.891479
14598 0.744081 0.891446
14599 0.744052 0.8914
14600 0.744025 0.891375
14601 0.744001 0.891368
14602 0.743979 0.891377
14603 0.743973 0.891378
14604 0.743982 0.891371
14605 0.744003 0.891356
14606 0.744036 0.891336
14607 0.744079 0.89131
14608 0.744131 0.891278
14609 0.744164 0.891257
14610 0.74418 0.891244
14611 0.744179 0.891239
14612 0.744165 0.89124
14613 0.744152 0.891258
14614 0.74414 0.891289
14615 0.744129 0.891333
14616 0.74412 0.891388
14617 0.744111 0.891422
14618 0.744103 0.891437
14619 0.744096 0.891435
14620 0.74409 0.891448
14621 0.744085 0.891476
14622 0.74408 0.891517
14623 0.744075 0.891569
14624 0.744071 0.891632
14625 0.744067 0.891673
14626 0.744064 0.891694
14627 0.744061 0.891697
14628 0.744058 0.891716
14629 0.744055 0.891748
14630 0.744053 0.891793
14631 0.744051 0.891818
14632 0.744063 0.891832
14633 0.744087 0.891838
14634 0.744123 0.891835
14635 0.744154 0.891816
14636 0.744183 0.891784
14637 0.744209 0.891771
14638 0.744232 0.891774
14639 0.744253 0.891793
14640 0.744272 0.891826
14641 0.744275 0.891862
14642 0.744263 0.891902
14643 0.744239 0.891944
14644 0.744217 0.891966
14645 0.744183 0.891992
14646 0.744138 0.892023
14647 0.744098 0.892035
14648 0.744075 0.892038
14649 0.744068 0.892033
14650 0.744076 0.892021
14651 0.744068 0.892016
14652 0.744048 0.892019
14653 0.744029 0.892006
14654 0.744012 0.891979
14655 0.743997 0.891938
14656 0.743983 0.891918
14657 0.743971 0.891915
14658 0.743974 0.891904
14659 0.743962 0.891902
14660 0.743937 0.891906
14661 0.7439 0.891916
14662 0.743867 0.89191
14663 0.743851 0.891897
14664 0.74385 0.891877
14665 0.743863 0.891851
14666 0.743888 0.89182
14667 0.743896 0.891799
14668 0.74389 0.891787
14669 0.743869 0.891782
14670 0.743837 0.891784
14671 0.743793 0.891793
14672 0.743768 0.891793
14673 0.743758 0.891786
14674 0.743764 0.891771
14675 0.743754 0.891764
14676 0.743731 0.891765
14677 0.743724 0.891757
14678 0.743731 0.891743
14679 0.743752 0.891722
14680 0.743783 0.891695
14681 0.743825 0.891663
14682 0.743849 0.891641
14683 0.74387 0.891637
14684 0.743889 0.891648
14685 0.743906 0.891675
14686 0.743921 0.891714
14687 0.743935 0.891734
14688 0.743947 0.891736
14689 0.743958 0.891722
14690 0.743954 0.891716
14691 0.743936 0.891718
14692 0.743933 0.891711
14693 0.743945 0.891697
14694 0.743968 0.891677
14695 0.743975 0.891665
14696 0.743967 0.891661
14697 0.74396 0.891642
14698 0.743954 0.891609
14699 0.743948 0.891563
14700 0.743929 0.891529
14701 0.743897 0.891504
14702 0.743882 0.891475
14703 0.743883 0.89144
14704 0.743896 0.891401
14705 0.743894 0.891372
14706 0.743878 0.891353
14707 0.74385 0.891342
14708 0.743837 0.891324
14709 0.74384 0.891301
14710 0.743856 0.891272
14711 0.743856 0.891252
14712 0.743842 0.89124
14713 0.743814 0.891236
14714 0.743775 0.891239
14715 0.743726 0.891248
14716 0.743667 0.891262
14717 0.743628 0.891267
14718 0.743606 0.891264
14719 0.7436 0.891253
14720 0.743608 0.891235
14721 0.743629 0.891227
14722 0.743661 0.891227
14723 0.743704 0.891236
14724 0.743742 0.891259
14725 0.743776 0.891296
14726 0.743807 0.891344
14727 0.743835 0.891404
14728 0.74386 0.891442
14729 0.743883 0.89146
14730 0.743903 0.891461
14731 0.743921 0.891446
14732 0.743937 0.891448
14733 0.743952 0.891466
14734 0.743965 0.891497
14735 0.743977 0.89151
14736 0.743988 0.891506
14737 0.743997 0.891487
14738 0.744006 0.891485
14739 0.744014 0.891499
14740 0.744021 0.891496
14741 0.744027 0.891477
14742 0.744033 0.891476
14743 0.744038 0.891491
14744 0.744056 0.891497
14745 0.744087 0.891494
14746 0.744127 0.891484
14747 0.74415 0.891482
14748 0.744156 0.891486
14749 0.744147 0.891496
14750 0.744139 0.891521
14751 0.744117 0.89155
14752 0.744098 0.891592
14753 0.744094 0.891622
14754 0.744091 0.891633
14755 0.744088 0.891627
14756 0.744085 0.891606
14757 0.744083 0.891603
14758 0.74408 0.891616
14759 0.744079 0.891644
14760 0.744077 0.891684
14761 0.744075 0.891736
14762 0.744074 0.891799
14763 0.744073 0.891871
14764 0.744072 0.89192
14765 0.744071 0.891948
14766 0.74407 0.891958
14767 0.74407 0.891983
14768 0.744069 0.892021
14769 0.744069 0.892071
14770 0.744068 0.8921
14771 0.744068 0.89211
14772 0.744068 0.892104
14773 0.744068 0.892082
14774 0.744068 0.892048
14775 0.744068 0.892
14776 0.744068 0.891942
14777 0.744069 0.891906
14778 0.744069 0.891888
14779 0.744069 0.891888
14780 0.744069 0.891904
14781 0.744069 0.891934
14782 0.74407 0.891977
14783 0.744056 0.892022
14784 0.744057 0.892055
14785 0.744071 0.892077
14786 0.744098 0.892088
14787 0.744136 0.892091
14788 0.74417 0.892078
14789 0.744186 0.892073
14790 0.744187 0.892075
14791 0.744173 0.892084
14792 0.744147 0.892098
14793 0.744109 0.892118
14794 0.74406 0.892143
14795 0.74403 0.892157
14796 0.744017 0.892162
14797 0.744019 0.892159
14798 0.744006 0.892163
14799 0.74398 0.892173
14800 0.743971 0.892174
14801 0.743976 0.892168
14802 0.743994 0.892154
14803 0.744024 0.892134
14804 0.744037 0.892123
14805 0.744035 0.892119
14806 0.744018 0.892123
14807 0.743989 0.892133
14808 0.743949 0.892148
14809 0.743898 0.892169
14810 0.743838 0.892194
14811 0.74377 0.892223
14812 0.743722 0.892242
14813 0.743693 0.892251
14814 0.74368 0.892251
14815 0.743682 0.892243
14816 0.74367 0.892243
14817 0.743645 0.892249
14818 0.743608 0.892261
14819 0.743588 0.892264
14820 0.743584 0.892259
14821 0.743594 0.892247
14822 0.743616 0.892228
14823 0.74365 0.892203
14824 0.743694 0.892172
14825 0.743748 0.892137
14826 0.743809 0.892097
14827 0.743879 0.892054
14828 0.743927 0.892022
14829 0.74397 0.892008
14830 0.744022 0.891988
14831 0.744083 0.891963
14832 0.744138 0.891955
14833 0.744187 0.891964
14834 0.744232 0.891988
14835 0.744272 0.891994
14836 0.744308 0.891983
14837 0.74434 0.891958
14838 0.744369 0.89192
14839 0.744396 0.891901
14840 0.74442 0.891868
14841 0.744441 0.891823
14842 0.744461 0.891767
14843 0.744478 0.891701
14844 0.744494 0.891626
14845 0.744509 0.891542
14846 0.744522 0.891452
14847 0.744534 0.891386
14848 0.744531 0.891333
14849 0.744513 0.891292
14850 0.744484 0.891262
14851 0.744443 0.891241
14852 0.744406 0.891238
14853 0.744373 0.891251
14854 0.744343 0.891278
14855 0.744317 0.891319
14856 0.744293 0.891339
14857 0.744272 0.891342
14858 0.744253 0.89136
14859 0.744235 0.891392
14860 0.74422 0.891437
14861 0.744206 0.891492
14862 0.744194 0.891558
14863 0.744183 0.891633
14864 0.744173 0.891716
14865 0.744164 0.891776
14866 0.744156 0.891813
14867 0.744149 0.891863
14868 0.744143 0.891891
14869 0.744138 0.891933
14870 0.744133 0.891955
14871 0.744129 0.891959
14872 0.744125 0.891947
14873 0.744122 0.89192
14874 0.744119 0.891912
14875 0.744116 0.89192
14876 0.744114 0.891943
14877 0.744111 0.891979
14878 0.744109 0.891997
14879 0.744108 0.891996
14880 0.744092 0.892003
14881 0.744064 0.892015
14882 0.744024 0.892033
14883 0.743973 0.892055
14884 0.743942 0.892067
14885 0.743927 0.892071
14886 0.743927 0.892066
14887 0.743941 0.892054
14888 0.743968 0.892035
14889 0.744005 0.892011
14890 0.744039 0.892004
14891 0.744069 0.892014
14892 0.744096 0.892039
14893 0.744106 0.892068
14894 0.744101 0.8921
14895 0.744096 0.892114
14896 0.744106 0.892118
14897 0.744128 0.892115
14898 0.744162 0.892104
14899 0.744192 0.892109
14900 0.744219 0.89213
14901 0.744244 0.892165
14902 0.744266 0.89218
14903 0.744286 0.892178
14904 0.744304 0.892161
14905 0.74432 0.892129
14906 0.744335 0.892085
14907 0.744348 0.892062
14908 0.74436 0.892056
14909 0.744371 0.892066
14910 0.744381 0.892091
14911 0.744389 0.892098
14912 0.744398 0.892089
14913 0.744405 0.892065
14914 0.744411 0.892059
14915 0.744417 0.892038
14916 0.744423 0.892003
14917 0.744428 0.891988
14918 0.744432 0.891989
14919 0.744436 0.892006
14920 0.74444 0.892038
14921 0.744443 0.892081
14922 0.744446 0.892136
14923 0.744449 0.892201
14924 0.744452 0.892244
14925 0.744454 0.892267
14926 0.744456 0.892304
14927 0.744458 0.892352
14928 0.744459 0.892411
14929 0.744461 0.89248
14930 0.744463 0.892527
14931 0.744464 0.892553
14932 0.744465 0.892561
14933 0.744466 0.892552
14934 0.744453 0.892551
14935 0.744427 0.892557
14936 0.74439 0.89257
14937 0.744357 0.892565
14938 0.744326 0.892546
14939 0.744285 0.892535
14940 0.744248 0.892509
14941 0.744215 0.892471
14942 0.744171 0.892443
14943 0.744117 0.892424
14944 0.744054 0.892415
14945 0.744012 0.892398
14946 0.743987 0.892376
14947 0.743978 0.892348
14948 0.743984 0.892315
14949 0.743976 0.892292
14950 0.743953 0.892278
14951 0.743919 0.892272
14952 0.743902 0.89226
14953 0.7439 0.89224
14954 0.743899 0.892207
14955 0.743898 0.892161
14956 0.743896 0.892104
14957 0.743895 0.892038
14958 0.743894 0.891993
14959 0.743893 0.891969
14960 0.743892 0.891931
14961 0.743904 0.89189
14962 0.743929 0.891845
14963 0.743965 0.891796
14964 0.744011 0.891745
14965 0.744039 0.891705
14966 0.744063 0.891654
14967 0.744085 0.891623
14968 0.744105 0.891611
14969 0.744123 0.891616
14970 0.744139 0.891637
14971 0.744153 0.891671
14972 0.744166 0.891717
14973 0.744177 0.891774
14974 0.744187 0.891841
14975 0.744197 0.891917
14976 0.744205 0.892002
14977 0.744212 0.892093
14978 0.744219 0.892191
14979 0.744239 0.892272
14980 0.74427 0.892336
14981 0.744312 0.892387
14982 0.74435 0.892417
14983 0.744384 0.892428
14984 0.7444 0.892445
14985 0.744401 0.892467
14986 0.744387 0.892494
14987 0.744361 0.892524
14988 0.744323 0.892559
14989 0.744275 0.892597
14990 0.744217 0.892637
14991 0.744179 0.892666
14992 0.744159 0.892685
14993 0.744154 0.892693
14994 0.744163 0.892694
14995 0.744172 0.89271
14996 0.744179 0.89274
14997 0.744186 0.892783
14998 0.744192 0.892837
14999 0.744183 0.892893
15000 0.744175 0.892927
