14000 0.801433 0.86551
14001 0.801449 0.865457
14002 0.801462 0.865426
14003 0.801469 0.865382
14004 0.801473 0.865359
14005 0.801476 0.865353
14006 0.801476 0.865363
14007 0.801474 0.865388
14008 0.801469 0.865395
14009 0.80146 0.865386
14010 0.80145 0.865394
14011 0.801439 0.865417
14012 0.801427 0.865452
14013 0.801431 0.865478
14014 0.801449 0.865495
14015 0.801479 0.865504
14016 0.801504 0.865527
14017 0.801525 0.865564
14018 0.801542 0.865613
14019 0.801553 0.865641
14020 0.801559 0.865652
14021 0.801561 0.865646
14022 0.801558 0.865626
14023 0.801552 0.865593
14024 0.801544 0.865578
14025 0.801536 0.865581
14026 0.801524 0.865568
14027 0.801509 0.865541
14028 0.801492 0.865502
14029 0.801491 0.865461
14030 0.801488 0.865439
14031 0.801482 0.865404
14032 0.801472 0.865358
14033 0.801459 0.865301
14034 0.801443 0.865235
14035 0.801425 0.86516
14036 0.801407 0.865108
14037 0.801389 0.865077
14038 0.801371 0.865065
14039 0.801352 0.865069
14040 0.801332 0.865058
14041 0.801309 0.865032
14042 0.801285 0.864994
14043 0.801262 0.864976
14044 0.801239 0.864975
14045 0.801216 0.864989
14046 0.801191 0.864987
14047 0.801166 0.86497
14048 0.801138 0.864939
14049 0.80111 0.864897
14050 0.801098 0.864852
14051 0.801102 0.864805
14052 0.80112 0.864756
14053 0.80115 0.864705
14054 0.801175 0.864675
14055 0.801195 0.864664
14056 0.801211 0.864669
14057 0.801224 0.864689
14058 0.801234 0.864723
14059 0.80124 0.864769
14060 0.801244 0.864825
14061 0.801246 0.864892
14062 0.801245 0.864967
14063 0.801243 0.865051
14064 0.801237 0.865111
14065 0.801228 0.865149
14066 0.801216 0.865169
14067 0.801202 0.865171
14068 0.801185 0.865158
14069 0.801166 0.865132
14070 0.801145 0.865092
14071 0.801141 0.86505
14072 0.801135 0.865028
14073 0.801126 0.864993
14074 0.801114 0.864946
14075 0.801101 0.86492
14076 0.801086 0.864881
14077 0.801068 0.86483
14078 0.801048 0.86477
14079 0.801029 0.864731
14080 0.801009 0.864711
14081 0.800987 0.864679
14082 0.800964 0.864634
14083 0.800939 0.864579
14084 0.800914 0.864514
14085 0.800888 0.864471
14086 0.800863 0.864447
14087 0.800839 0.864442
14088 0.800814 0.864452
14089 0.800807 0.864455
14090 0.800814 0.864451
14091 0.800834 0.864441
14092 0.800867 0.864425
14093 0.800911 0.864404
14094 0.800948 0.864401
14095 0.800979 0.864413
14096 0.801005 0.86444
14097 0.801025 0.864448
14098 0.801041 0.864472
14099 0.801053 0.864508
14100 0.801062 0.864557
14101 0.801067 0.864616
14102 0.801071 0.864685
14103 0.801071 0.864762
14104 0.80107 0.864847
14105 0.801067 0.864939
14106 0.801062 0.865038
14107 0.801053 0.865111
14108 0.801042 0.865162
14109 0.801028 0.865193
14110 0.801012 0.865205
14111 0.800994 0.865201
14112 0.800974 0.865182
14113 0.800952 0.86515
14114 0.800929 0.865106
14115 0.800904 0.865051
14116 0.800877 0.864986
14117 0.800852 0.864943
14118 0.800826 0.86492
14119 0.800801 0.864915
14120 0.800777 0.864926
14121 0.800751 0.864921
14122 0.800741 0.864909
14123 0.800747 0.864892
14124 0.800767 0.864871
14125 0.800799 0.864844
14126 0.800841 0.864814
14127 0.800894 0.864781
14128 0.800939 0.864766
14129 0.800976 0.864737
14130 0.801005 0.864696
14131 0.801028 0.864644
14132 0.801045 0.864583
14133 0.801056 0.864512
14134 0.801062 0.864433
14135 0.801063 0.864347
14136 0.801063 0.864285
14137 0.80106 0.864244
14138 0.801056 0.864224
14139 0.801049 0.86422
14140 0.80104 0.864202
14141 0.801028 0.864171
14142 0.801013 0.864127
14143 0.800997 0.864073
14144 0.800979 0.86404
14145 0.800962 0.864025
14146 0.800944 0.864027
14147 0.800925 0.864045
14148 0.800906 0.864076
14149 0.800887 0.86412
14150 0.800868 0.864175
14151 0.800848 0.864239
14152 0.800828 0.864313
14153 0.800808 0.864395
14154 0.800786 0.864454
14155 0.800763 0.864491
14156 0.800739 0.86451
14157 0.800713 0.864511
14158 0.800688 0.864528
14159 0.800679 0.864536
14160 0.800685 0.864537
14161 0.800705 0.864532
14162 0.800719 0.864511
14163 0.800728 0.864478
14164 0.800733 0.864432
14165 0.800733 0.864376
14166 0.800747 0.864319
14167 0.800758 0.864283
14168 0.800765 0.864266
14169 0.80077 0.864266
14170 0.800788 0.86426
14171 0.800818 0.864247
14172 0.800843 0.864252
14173 0.800863 0.864271
14174 0.800879 0.864304
14175 0.800891 0.864349
14176 0.8009 0.864405
14177 0.800922 0.864448
14178 0.800956 0.864481
14179 0.800983 0.864495
14180 0.801003 0.864493
14181 0.801018 0.864476
14182 0.801028 0.864445
14183 0.801033 0.864402
14184 0.801051 0.864357
14185 0.801082 0.86431
14186 0.801108 0.864283
14187 0.801129 0.864274
14188 0.801145 0.864281
14189 0.801158 0.864303
14190 0.801167 0.864339
14191 0.801173 0.864386
14192 0.801176 0.864445
14193 0.801177 0.864513
14194 0.801175 0.864589
14195 0.801171 0.864674
14196 0.801166 0.864765
14197 0.801158 0.864863
14198 0.801149 0.864967
14199 0.801139 0.865076
14200 0.801128 0.865189
14201 0.801114 0.865276
14202 0.801098 0.865339
14203 0.801079 0.865381
14204 0.801059 0.865403
14205 0.801037 0.865407
14206 0.801014 0.865396
14207 0.800989 0.865371
14208 0.800963 0.865333
14209 0.800935 0.865284
14210 0.800909 0.865255
14211 0.800899 0.865222
14212 0.800904 0.865186
14213 0.800923 0.865147
14214 0.800954 0.865105
14215 0.800996 0.865061
14216 0.801049 0.865015
14217 0.801093 0.864989
14218 0.801131 0.864981
14219 0.801163 0.864989
14220 0.80119 0.865012
14221 0.801228 0.865026
14222 0.801276 0.865032
14223 0.801316 0.865022
14224 0.801348 0.864998
14225 0.801373 0.864961
14226 0.801391 0.864913
14227 0.801404 0.864855
14228 0.801412 0.864787
14229 0.801417 0.864741
14230 0.801419 0.864716
14231 0.801419 0.864708
14232 0.801416 0.864717
14233 0.80141 0.86471
14234 0.801401 0.864688
14235 0.801389 0.864653
14236 0.801375 0.864606
14237 0.801358 0.864549
14238 0.80134 0.864483
14239 0.801321 0.864439
14240 0.801301 0.864414
14241 0.80128 0.864377
14242 0.801259 0.864359
14243 0.801238 0.864358
14244 0.801217 0.864373
14245 0.801196 0.864402
14246 0.801175 0.864443
14247 0.801154 0.864496
14248 0.801133 0.864559
14249 0.801128 0.864609
14250 0.801138 0.864648
14251 0.801161 0.864676
14252 0.801196 0.864695
14253 0.801242 0.864706
14254 0.801297 0.864709
14255 0.801361 0.864705
14256 0.801433 0.864695
14257 0.801494 0.864671
14258 0.801546 0.864635
14259 0.801589 0.864586
14260 0.801624 0.864528
14261 0.801652 0.86446
14262 0.801675 0.864414
14263 0.801694 0.864388
14264 0.801708 0.86435
14265 0.801718 0.864331
14266 0.801726 0.864329
14267 0.801729 0.864312
14268 0.801729 0.864313
14269 0.801727 0.864298
14270 0.801738 0.864278
14271 0.801763 0.864254
14272 0.801783 0.864247
14273 0.801799 0.864257
14274 0.801812 0.864281
14275 0.801822 0.864319
14276 0.801828 0.864368
14277 0.801832 0.864428
14278 0.801833 0.864497
14279 0.801833 0.864575
14280 0.80183 0.864661
14281 0.801826 0.864753
14282 0.80182 0.864852
14283 0.801813 0.864957
14284 0.801803 0.865036
14285 0.801791 0.865091
14286 0.801777 0.865126
14287 0.80176 0.865142
14288 0.801742 0.865141
14289 0.801721 0.865125
14290 0.8017 0.865095
14291 0.801677 0.865053
14292 0.801653 0.865
14293 0.801628 0.864937
14294 0.801619 0.864873
14295 0.801626 0.86481
14296 0.801646 0.864746
14297 0.801678 0.864682
14298 0.801721 0.864617
14299 0.801774 0.864553
14300 0.801836 0.864488
14301 0.80189 0.864446
14302 0.801936 0.864423
14303 0.801976 0.864418
14304 0.80201 0.864428
14305 0.802037 0.864423
14306 0.802057 0.864403
14307 0.802074 0.8644
14308 0.802086 0.864383
14309 0.802093 0.864352
14310 0.802097 0.86434
14311 0.802099 0.864344
14312 0.802097 0.864333
14313 0.802092 0.864307
14314 0.802084 0.864269
14315 0.802074 0.864219
14316 0.802061 0.86416
14317 0.802047 0.864121
14318 0.802033 0.864102
14319 0.802017 0.86407
14320 0.802001 0.864056
14321 0.801984 0.864059
14322 0.801966 0.864047
14323 0.801948 0.864051
14324 0.801929 0.864071
14325 0.801909 0.864073
14326 0.801888 0.86406
14327 0.801866 0.864033
14328 0.801842 0.863993
14329 0.801819 0.863973
14330 0.801796 0.86397
14331 0.80179 0.863961
14332 0.801798 0.863946
14333 0.801804 0.863948
14334 0.801805 0.863935
14335 0.801805 0.863938
14336 0.801802 0.863957
14337 0.801797 0.863958
14338 0.801789 0.863944
14339 0.80178 0.863947
14340 0.801769 0.863965
14341 0.801758 0.863997
14342 0.801745 0.864041
14343 0.801731 0.864066
14344 0.801715 0.864072
14345 0.801697 0.864063
14346 0.80168 0.86407
14347 0.80166 0.864061
14348 0.801641 0.864069
14349 0.80162 0.86406
14350 0.801599 0.864068
14351 0.801577 0.86406
14352 0.801554 0.864037
14353 0.80153 0.864001
14354 0.801505 0.863954
14355 0.801481 0.863926
14356 0.801456 0.863887
14357 0.801447 0.863844
14358 0.801453 0.863799
14359 0.801473 0.863751
14360 0.801505 0.863701
14361 0.801531 0.863672
14362 0.801553 0.863661
14363 0.80157 0.863667
14364 0.801583 0.863688
14365 0.801593 0.863722
14366 0.8016 0.863768
14367 0.801604 0.863825
14368 0.801604 0.863861
14369 0.801603 0.863909
14370 0.801598 0.863936
14371 0.80159 0.863946
14372 0.80158 0.86394
14373 0.801568 0.863918
14374 0.801554 0.863884
14375 0.801537 0.863838
14376 0.80152 0.863781
14377 0.801502 0.863745
14378 0.801483 0.863729
14379 0.801463 0.863698
14380 0.801442 0.863656
14381 0.80142 0.863602
14382 0.801397 0.863539
14383 0.801373 0.863466
14384 0.801348 0.863386
14385 0.801324 0.863329
14386 0.801299 0.863293
14387 0.801275 0.863276
14388 0.801252 0.863277
14389 0.801228 0.863293
14390 0.801204 0.863291
14391 0.801179 0.863306
14392 0.801156 0.863334
14393 0.801132 0.863375
14394 0.801108 0.863428
14395 0.801085 0.863491
14396 0.801062 0.863562
14397 0.801038 0.863643
14398 0.801014 0.863699
14399 0.800989 0.863735
14400 0.800964 0.863752
14401 0.800939 0.863783
14402 0.800914 0.863826
14403 0.800889 0.86388
14404 0.800864 0.863945
14405 0.80084 0.864018
14406 0.800816 0.8641
14407 0.800791 0.864189
14408 0.800766 0.864253
14409 0.800741 0.864296
14410 0.800714 0.86432
14411 0.800687 0.864325
14412 0.800659 0.864315
14413 0.80063 0.864291
14414 0.800601 0.864253
14415 0.800572 0.864204
14416 0.800542 0.864145
14417 0.800511 0.864076
14418 0.800482 0.86403
14419 0.800452 0.864004
14420 0.800424 0.863996
14421 0.800396 0.864004
14422 0.800368 0.864027
14423 0.80034 0.864063
14424 0.800313 0.86411
14425 0.800286 0.864169
14426 0.800258 0.864206
14427 0.80023 0.864225
14428 0.8002 0.864226
14429 0.80017 0.864212
14430 0.800157 0.864193
14431 0.800143 0.864191
14432 0.800128 0.864204
14433 0.800112 0.864232
14434 0.800094 0.864241
14435 0.800073 0.864235
14436 0.800052 0.864214
14437 0.800046 0.864188
14438 0.800055 0.864158
14439 0.800078 0.864124
14440 0.800095 0.864109
14441 0.800108 0.864111
14442 0.800134 0.864106
14443 0.800172 0.864095
14444 0.80022 0.864077
14445 0.80026 0.864078
14446 0.800294 0.864093
14447 0.800322 0.864122
14448 0.800362 0.864142
14449 0.800411 0.864153
14450 0.80047 0.864156
14451 0.80052 0.864174
14452 0.800579 0.864183
14453 0.800629 0.864177
14454 0.800671 0.864155
14455 0.800704 0.864121
14456 0.800731 0.864075
14457 0.800753 0.864049
14458 0.800771 0.864041
14459 0.800784 0.864049
14460 0.800794 0.864072
14461 0.8008 0.864108
14462 0.800802 0.864125
14463 0.800802 0.864156
14464 0.800798 0.864169
14465 0.800792 0.864196
14466 0.800785 0.864235
14467 0.800775 0.864256
14468 0.800762 0.864259
14469 0.800747 0.864246
14470 0.800731 0.864251
14471 0.800714 0.86427
14472 0.800696 0.864272
14473 0.800675 0.864259
14474 0.800653 0.864232
14475 0.800631 0.864223
14476 0.800609 0.86423
14477 0.800586 0.864252
14478 0.800563 0.864287
14479 0.80054 0.864335
14480 0.800517 0.864393
14481 0.800493 0.86446
14482 0.800469 0.864537
14483 0.800462 0.864599
14484 0.800469 0.864647
14485 0.80049 0.864684
14486 0.800505 0.864702
14487 0.800515 0.864703
14488 0.800521 0.864689
14489 0.800522 0.864661
14490 0.800519 0.86462
14491 0.800531 0.864577
14492 0.800555 0.864531
14493 0.800574 0.864475
14494 0.800588 0.86444
14495 0.800598 0.864423
14496 0.800605 0.864424
14497 0.800607 0.864409
14498 0.800605 0.864381
14499 0.800601 0.86434
14500 0.800593 0.864288
14501 0.800583 0.864257
14502 0.800572 0.864244
14503 0.800558 0.864217
14504 0.800543 0.864209
14505 0.800527 0.864216
14506 0.80051 0.864239
14507 0.800491 0.864244
14508 0.800471 0.864263
14509 0.800451 0.864297
14510 0.80043 0.864342
14511 0.800408 0.864367
14512 0.800384 0.864375
14513 0.800359 0.864367
14514 0.800334 0.864375
14515 0.800309 0.864398
14516 0.800284 0.864433
14517 0.800258 0.864481
14518 0.800232 0.864539
14519 0.800206 0.864607
14520 0.80018 0.864684
14521 0.800154 0.864769
14522 0.800128 0.86486
14523 0.8001 0.864927
14524 0.800072 0.864972
14525 0.800043 0.864998
14526 0.800031 0.865014
14527 0.800034 0.865022
14528 0.800052 0.865022
14529 0.800064 0.865008
14530 0.800071 0.864979
14531 0.800074 0.864969
14532 0.800075 0.864975
14533 0.800072 0.864996
14534 0.800067 0.865031
14535 0.80006 0.865077
14536 0.80005 0.865135
14537 0.800039 0.865202
14538 0.800026 0.865277
14539 0.800012 0.865361
14540 0.799995 0.865421
14541 0.799976 0.86546
14542 0.799956 0.86551
14543 0.799935 0.865571
14544 0.799913 0.86561
14545 0.799888 0.86563
14546 0.799863 0.865633
14547 0.799835 0.865621
14548 0.799807 0.865594
14549 0.799779 0.865586
14550 0.799749 0.865563
14551 0.799719 0.865528
14552 0.799687 0.86548
14553 0.799673 0.865431
14554 0.799675 0.86538
14555 0.79969 0.865328
14556 0.799719 0.865275
14557 0.799759 0.86522
14558 0.799809 0.865164
14559 0.79985 0.865099
14560 0.799883 0.865025
14561 0.79991 0.864974
14562 0.799931 0.864943
14563 0.799946 0.8649
14564 0.799974 0.864855
14565 0.800013 0.864808
14566 0.800063 0.864759
14567 0.800122 0.864708
14568 0.800189 0.864656
14569 0.800263 0.864602
14570 0.800328 0.864569
14571 0.800383 0.864554
14572 0.80043 0.864557
14573 0.800469 0.864575
14574 0.800502 0.864606
14575 0.80053 0.86465
14576 0.800551 0.864704
14577 0.800568 0.864769
14578 0.800581 0.864843
14579 0.80059 0.864924
14580 0.800594 0.864983
14581 0.800594 0.86502
14582 0.80059 0.865038
14583 0.800584 0.86507
14584 0.800576 0.865115
14585 0.800566 0.86517
14586 0.800554 0.865235
14587 0.80054 0.865279
14588 0.800525 0.865333
14589 0.800525 0.865376
14590 0.80054 0.865408
14591 0.800567 0.865429
14592 0.800589 0.865464
14593 0.800606 0.865512
14594 0.800618 0.865539
14595 0.800624 0.865548
14596 0.800628 0.865572
14597 0.800628 0.865609
14598 0.800642 0.865635
14599 0.800652 0.865644
14600 0.800656 0.865637
14601 0.800656 0.865615
14602 0.800652 0.86558
14603 0.800645 0.865534
14604 0.800634 0.865477
14605 0.800622 0.865441
14606 0.800608 0.865424
14607 0.80061 0.865403
14608 0.800626 0.865377
14609 0.800655 0.865347
14610 0.800695 0.865313
14611 0.800746 0.865277
14612 0.800788 0.865259
14613 0.800824 0.865259
14614 0.800854 0.865274
14615 0.800878 0.865303
14616 0.800896 0.865314
14617 0.800908 0.865309
14618 0.800915 0.865289
14619 0.800917 0.865256
14620 0.800916 0.865242
14621 0.800913 0.865244
14622 0.800907 0.865231
14623 0.800897 0.865205
14624 0.800885 0.865196
14625 0.800873 0.865204
14626 0.800857 0.865196
14627 0.800839 0.865173
14628 0.800819 0.865137
14629 0.800799 0.865121
14630 0.800778 0.865122
14631 0.800756 0.865138
14632 0.800733 0.865137
14633 0.800708 0.865121
14634 0.800682 0.865092
14635 0.800655 0.865081
14636 0.800629 0.865086
14637 0.800603 0.865106
14638 0.800576 0.86514
14639 0.80055 0.865186
14640 0.800524 0.865243
14641 0.800496 0.865279
14642 0.800467 0.865296
14643 0.800437 0.865296
14644 0.800408 0.865312
14645 0.800378 0.865341
14646 0.800348 0.865352
14647 0.800317 0.865348
14648 0.800286 0.865359
14649 0.800254 0.865353
14650 0.80024 0.865342
14651 0.800241 0.865325
14652 0.800238 0.865294
14653 0.800232 0.865252
14654 0.800223 0.865229
14655 0.800212 0.865224
14656 0.8002 0.865234
14657 0.800186 0.86526
14658 0.800171 0.865298
14659 0.800155 0.865347
14660 0.800154 0.865385
14661 0.800167 0.865413
14662 0.800176 0.865423
14663 0.80018 0.865447
14664 0.80018 0.865453
14665 0.800178 0.865475
14666 0.800172 0.865509
14667 0.800165 0.865556
14668 0.800155 0.865613
14669 0.800144 0.86568
14670 0.800129 0.865726
14671 0.800112 0.865751
14672 0.800094 0.86579
14673 0.800092 0.865818
14674 0.800104 0.865836
14675 0.800129 0.865846
14676 0.800167 0.865849
14677 0.800214 0.865845
14678 0.800253 0.865826
14679 0.800284 0.865794
14680 0.800307 0.86575
14681 0.800342 0.865704
14682 0.800371 0.865678
14683 0.800395 0.865669
14684 0.800413 0.865678
14685 0.800427 0.8657
14686 0.800436 0.865736
14687 0.800442 0.865784
14688 0.800444 0.865843
14689 0.800461 0.865889
14690 0.80049 0.865924
14691 0.800512 0.86594
14692 0.800527 0.86594
14693 0.800537 0.865924
14694 0.800542 0.865895
14695 0.800543 0.865853
14696 0.80054 0.865832
14697 0.800534 0.865797
14698 0.800524 0.86575
14699 0.80053 0.865702
14700 0.800532 0.865674
14701 0.800531 0.865664
14702 0.800527 0.865671
14703 0.800521 0.865692
14704 0.800513 0.865727
14705 0.800503 0.865774
14706 0.800508 0.865809
14707 0.800527 0.865835
14708 0.800541 0.865873
14709 0.800551 0.865923
14710 0.800557 0.865983
14711 0.80056 0.866053
14712 0.800559 0.866132
14713 0.800555 0.866187
14714 0.800546 0.866222
14715 0.800535 0.866238
14716 0.800522 0.866268
14717 0.800505 0.866279
14718 0.800487 0.866275
14719 0.800484 0.866264
14720 0.800496 0.866249
14721 0.800522 0.866228
14722 0.800559 0.866204
14723 0.800607 0.866175
14724 0.800664 0.866143
14725 0.800711 0.866099
14726 0.80075 0.866044
14727 0.800781 0.86598
14728 0.800806 0.865938
14729 0.800824 0.865884
14730 0.800836 0.865821
14731 0.800843 0.865749
14732 0.800846 0.865669
14733 0.800844 0.865582
14734 0.800838 0.865489
14735 0.80083 0.86542
14736 0.80082 0.865373
14737 0.800809 0.865347
14738 0.800796 0.865339
14739 0.800782 0.865347
14740 0.800766 0.86537
14741 0.800749 0.865405
14742 0.800731 0.865453
14743 0.800713 0.865512
14744 0.800692 0.865549
14745 0.800671 0.865598
14746 0.800666 0.865636
14747 0.800675 0.865663
14748 0.800698 0.865681
14749 0.800715 0.865682
14750 0.800726 0.865668
14751 0.800732 0.86564
14752 0.800734 0.8656
14753 0.800731 0.865548
14754 0.800725 0.865487
14755 0.800716 0.865447
14756 0.800706 0.865426
14757 0.800694 0.865423
14758 0.800681 0.865436
14759 0.800666 0.865463
14760 0.80065 0.865503
14761 0.800632 0.865554
14762 0.800614 0.865616
14763 0.800595 0.865687
14764 0.800575 0.865766
14765 0.800554 0.865853
14766 0.800531 0.865916
14767 0.800507 0.865957
14768 0.800481 0.865979
14769 0.800453 0.865984
14770 0.800425 0.865973
14771 0.800395 0.865948
14772 0.800364 0.86591
14773 0.800333 0.865892
14774 0.80032 0.865868
14775 0.800322 0.865841
14776 0.800339 0.865809
14777 0.800367 0.865774
14778 0.800389 0.865728
14779 0.800406 0.865701
14780 0.800419 0.865693
14781 0.800427 0.865701
14782 0.800432 0.865724
14783 0.800433 0.865759
14784 0.80043 0.865776
14785 0.800424 0.865776
14786 0.800414 0.865761
14787 0.800401 0.865733
14788 0.800385 0.865692
14789 0.800367 0.865639
14790 0.800348 0.865608
14791 0.800328 0.865595
14792 0.800307 0.865599
14793 0.800285 0.865618
14794 0.800263 0.86565
14795 0.800238 0.865664
14796 0.800212 0.865662
14797 0.800185 0.865644
14798 0.800174 0.865622
14799 0.800179 0.865595
14800 0.80018 0.865586
14801 0.800179 0.865594
14802 0.800174 0.865616
14803 0.800167 0.865652
14804 0.800158 0.865699
14805 0.800146 0.865757
14806 0.800133 0.865824
14807 0.800118 0.865901
14808 0.800102 0.865985
14809 0.800084 0.866076
14810 0.800065 0.866174
14811 0.800045 0.866277
14812 0.800023 0.866354
14813 0.799999 0.866409
14814 0.799973 0.866443
14815 0.799945 0.866459
14816 0.799934 0.866466
14817 0.799921 0.866458
14818 0.799904 0.866435
14819 0.799884 0.8664
14820 0.799881 0.866361
14821 0.799892 0.86632
14822 0.799917 0.866276
14823 0.799953 0.86623
14824 0.8 0.866182
14825 0.800057 0.866132
14826 0.800122 0.866081
14827 0.800195 0.866028
14828 0.800275 0.865974
14829 0.800362 0.865919
14830 0.800453 0.865862
14831 0.80055 0.865805
14832 0.800652 0.865747
14833 0.80074 0.86571
14834 0.800816 0.865661
14835 0.800879 0.865603
14836 0.800934 0.865565
14837 0.80098 0.865547
14838 0.801017 0.865515
14839 0.801047 0.865472
14840 0.80107 0.865418
14841 0.801086 0.865354
14842 0.801097 0.865281
14843 0.801103 0.865231
14844 0.801107 0.865201
14845 0.801107 0.86519
14846 0.801104 0.865195
14847 0.801098 0.865215
14848 0.80109 0.865218
14849 0.801078 0.865206
14850 0.801081 0.865188
14851 0.801081 0.865187
14852 0.801079 0.865202
14853 0.801073 0.865231
14854 0.801066 0.865272
14855 0.801056 0.865325
14856 0.801044 0.865387
14857 0.80103 0.865428
14858 0.801014 0.865481
14859 0.800997 0.865544
14860 0.800977 0.865585
14861 0.800956 0.865607
14862 0.800934 0.865642
14863 0.800911 0.865689
14864 0.800888 0.865747
14865 0.800864 0.865814
14866 0.800839 0.86589
14867 0.800813 0.865943
14868 0.800785 0.865976
14869 0.800757 0.86599
14870 0.800727 0.865988
14871 0.800696 0.865971
14872 0.800664 0.86594
14873 0.800632 0.865928
14874 0.8006 0.865932
14875 0.800569 0.865952
14876 0.800538 0.865985
14877 0.800506 0.86603
14878 0.800475 0.866086
14879 0.800444 0.866151
14880 0.80043 0.866204
14881 0.800432 0.866245
14882 0.800448 0.866275
14883 0.800458 0.866287
14884 0.800463 0.866283
14885 0.800464 0.866264
14886 0.800459 0.866232
14887 0.800452 0.866188
14888 0.800441 0.866163
14889 0.800446 0.866135
14890 0.800465 0.866103
14891 0.800496 0.866067
14892 0.800539 0.866029
14893 0.800574 0.86601
14894 0.800602 0.866008
14895 0.800624 0.865991
14896 0.800639 0.865961
14897 0.800648 0.865918
14898 0.800652 0.865865
14899 0.800652 0.865802
14900 0.800648 0.86576
14901 0.800642 0.865739
14902 0.800634 0.865734
14903 0.800622 0.865715
14904 0.800607 0.865683
14905 0.800589 0.865639
14906 0.800588 0.865593
14907 0.800601 0.865544
14908 0.800626 0.865494
14909 0.800645 0.865433
14910 0.800658 0.865364
14911 0.800667 0.865317
14912 0.800671 0.865259
14913 0.80067 0.865192
14914 0.800666 0.865117
14915 0.800659 0.865064
14916 0.800649 0.865032
14917 0.800638 0.865019
14918 0.800624 0.865022
14919 0.800608 0.865041
14920 0.800591 0.865072
14921 0.800572 0.865086
14922 0.800551 0.865083
14923 0.800527 0.865065
14924 0.800503 0.865064
14925 0.800479 0.865079
14926 0.800452 0.865077
14927 0.800425 0.86506
14928 0.800396 0.86503
14929 0.800367 0.865018
14930 0.800338 0.865022
14931 0.800308 0.865041
14932 0.800278 0.865074
14933 0.800247 0.865119
14934 0.800216 0.865144
14935 0.800184 0.865152
14936 0.800152 0.865174
14937 0.800119 0.865209
14938 0.800087 0.865256
14939 0.800072 0.865292
14940 0.800055 0.865339
14941 0.800036 0.865397
14942 0.800016 0.865464
14943 0.799994 0.86554
14944 0.799972 0.865624
14945 0.799965 0.865692
14946 0.799974 0.865747
14947 0.799996 0.86579
14948 0.80003 0.865822
14949 0.800056 0.865835
14950 0.800076 0.865832
14951 0.80009 0.865814
14952 0.800098 0.865782
14953 0.800102 0.865739
14954 0.800101 0.865684
14955 0.800096 0.86562
14956 0.800088 0.865578
14957 0.800078 0.865555
14958 0.800083 0.865528
14959 0.800101 0.865497
14960 0.800132 0.865462
14961 0.800174 0.865424
14962 0.800226 0.865383
14963 0.800287 0.86534
14964 0.800357 0.865294
14965 0.800415 0.865268
14966 0.800465 0.86526
14967 0.800506 0.865269
14968 0.80054 0.865291
14969 0.800567 0.865327
14970 0.800587 0.865344
14971 0.800602 0.865344
14972 0.80061 0.865329
14973 0.800615 0.865331
14974 0.800616 0.865348
14975 0.800613 0.865348
14976 0.800606 0.865363
14977 0.800597 0.865393
14978 0.800585 0.865404
14979 0.80057 0.865398
14980 0.800554 0.865409
14981 0.800535 0.865434
14982 0.800515 0.865472
14983 0.800494 0.865521
14984 0.800471 0.865581
14985 0.800447 0.86565
14986 0.800422 0.865728
14987 0.800396 0.865813
14988 0.800369 0.865874
14989 0.80034 0.865914
14990 0.80031 0.865935
14991 0.80028 0.865969
14992 0.800249 0.866015
14993 0.800217 0.866042
14994 0.800184 0.86605
14995 0.800151 0.866043
14996 0.800116 0.866021
14997 0.800081 0.865986
14998 0.800045 0.865939
14999 0.800009 0.865882
15000 0.79999 0.865824
