14000 0.87981 0.925758
14001 0.879837 0.925765
14002 0.879847 0.92578
14003 0.879844 0.925802
14004 0.879828 0.925831
14005 0.879818 0.925843
14006 0.879815 0.925838
14007 0.879817 0.925819
14008 0.879823 0.925787
14009 0.879845 0.925758
14010 0.87988 0.925733
14011 0.879927 0.925709
14012 0.879956 0.925697
14013 0.87997 0.925695
14014 0.87997 0.925703
14015 0.879985 0.925709
14016 0.879986 0.925724
14017 0.879973 0.925746
14018 0.87995 0.925774
14019 0.879915 0.925809
14020 0.8799 0.92584
14021 0.879874 0.925877
14022 0.879865 0.92591
14023 0.879863 0.925926
14024 0.879866 0.925924
14025 0.879873 0.925908
14026 0.879885 0.925879
14027 0.8799 0.925838
14028 0.879902 0.92581
14029 0.87989 0.925794
14030 0.879866 0.925788
14031 0.879832 0.925791
14032 0.879788 0.925803
14033 0.879736 0.925823
14034 0.879694 0.925826
14035 0.879661 0.925813
14036 0.879637 0.925787
14037 0.879619 0.925749
14038 0.879609 0.9257
14039 0.879604 0.925641
14040 0.879586 0.925596
14041 0.879558 0.925565
14042 0.879519 0.925546
14043 0.879472 0.925537
14044 0.879433 0.925514
14045 0.879404 0.925479
14046 0.879393 0.925447
14047 0.87937 0.925427
14048 0.879336 0.925418
14049 0.879293 0.925418
14050 0.879241 0.925427
14051 0.879181 0.925444
14052 0.879115 0.925467
14053 0.879041 0.925497
14054 0.878963 0.925533
14055 0.878896 0.92555
14056 0.878842 0.925551
14057 0.878797 0.925536
14058 0.878762 0.925509
14059 0.878735 0.925469
14060 0.878697 0.925441
14061 0.878651 0.925425
14062 0.878613 0.925396
14063 0.878584 0.925355
14064 0.878563 0.925303
14065 0.878559 0.925256
14066 0.878543 0.925222
14067 0.878543 0.925191
14068 0.87856 0.925164
14069 0.878561 0.925148
14070 0.878579 0.925133
14071 0.878581 0.925128
14072 0.87857 0.925132
14073 0.878576 0.925136
14074 0.878596 0.925139
14075 0.878602 0.925151
14076 0.878594 0.92517
14077 0.878573 0.925195
14078 0.878571 0.925218
14079 0.878555 0.925247
14080 0.878528 0.925282
14081 0.878491 0.925322
14082 0.878444 0.925367
14083 0.878389 0.925416
14084 0.878344 0.925445
14085 0.878308 0.925456
14086 0.87828 0.925451
14087 0.87826 0.925431
14088 0.878246 0.925399
14089 0.878239 0.925355
14090 0.878236 0.9253
14091 0.878239 0.925236
14092 0.878245 0.925163
14093 0.878238 0.925106
14094 0.878219 0.925063
14095 0.878188 0.925033
14096 0.878148 0.925015
14097 0.878098 0.925007
14098 0.878069 0.924999
14099 0.878058 0.924993
14100 0.878064 0.924986
14101 0.878085 0.924981
14102 0.87812 0.924976
14103 0.878167 0.924971
14104 0.878195 0.924976
14105 0.878208 0.924988
14106 0.878207 0.925007
14107 0.878192 0.925033
14108 0.878194 0.925056
14109 0.878212 0.925077
14110 0.878244 0.925096
14111 0.878288 0.925112
14112 0.878343 0.925127
14113 0.878409 0.92514
14114 0.878483 0.925152
14115 0.878537 0.925171
14116 0.878573 0.925197
14117 0.878592 0.925228
14118 0.878595 0.925265
14119 0.878586 0.925307
14120 0.878564 0.925353
14121 0.87856 0.925395
14122 0.878572 0.925432
14123 0.878598 0.925466
14124 0.878627 0.925481
14125 0.878657 0.92548
14126 0.878689 0.925464
14127 0.878722 0.925435
14128 0.878757 0.925394
14129 0.878774 0.925365
14130 0.878778 0.925348
14131 0.878767 0.925341
14132 0.878745 0.925343
14133 0.878729 0.925331
14134 0.878702 0.925328
14135 0.878665 0.925333
14136 0.878618 0.925347
14137 0.87858 0.925345
14138 0.878551 0.925328
14139 0.878529 0.925297
14140 0.878514 0.925255
14141 0.878505 0.925202
14142 0.878484 0.925163
14143 0.878452 0.925136
14144 0.87841 0.92512
14145 0.878359 0.925115
14146 0.878301 0.925118
14147 0.878252 0.925107
14148 0.878213 0.925081
14149 0.878183 0.925043
14150 0.878142 0.925018
14151 0.878093 0.925003
14152 0.878035 0.924999
14153 0.87797 0.925003
14154 0.877916 0.924992
14155 0.877871 0.924967
14156 0.877836 0.924929
14157 0.877819 0.924896
14158 0.87782 0.924865
14159 0.877837 0.924838
14160 0.877867 0.924813
14161 0.87791 0.92479
14162 0.877935 0.924778
14163 0.877945 0.924776
14164 0.877969 0.924774
14165 0.878007 0.924772
14166 0.878056 0.92477
14167 0.878087 0.924776
14168 0.878102 0.92479
14169 0.878103 0.924812
14170 0.87809 0.924839
14171 0.878094 0.924864
14172 0.878113 0.924886
14173 0.878117 0.924914
14174 0.878107 0.924948
14175 0.878086 0.924987
14176 0.878053 0.925031
14177 0.878011 0.925078
14178 0.877988 0.925121
14179 0.877984 0.92516
14180 0.877995 0.925195
14181 0.877992 0.925234
14182 0.877994 0.925255
14183 0.878 0.925259
14184 0.87801 0.925247
14185 0.878024 0.925222
14186 0.878041 0.925184
14187 0.878043 0.925158
14188 0.878049 0.92512
14189 0.878059 0.925071
14190 0.878055 0.925035
14191 0.878038 0.925011
14192 0.878038 0.92499
14193 0.878054 0.92497
14194 0.878084 0.924953
14195 0.878098 0.924945
14196 0.878097 0.924947
14197 0.878084 0.924957
14198 0.878087 0.924966
14199 0.878105 0.924974
14200 0.878138 0.924981
14201 0.878154 0.924995
14202 0.878183 0.925008
14203 0.878226 0.92502
14204 0.87828 0.92503
14205 0.878344 0.925039
14206 0.878389 0.925055
14207 0.878416 0.925079
14208 0.878427 0.925108
14209 0.878424 0.925143
14210 0.878408 0.925183
14211 0.878409 0.925219
14212 0.878426 0.925251
14213 0.878457 0.92528
14214 0.8785 0.925306
14215 0.878555 0.925329
14216 0.87862 0.92535
14217 0.878694 0.925369
14218 0.878747 0.925394
14219 0.878782 0.925426
14220 0.878818 0.925439
14221 0.878856 0.925436
14222 0.878876 0.925442
14223 0.878881 0.925456
14224 0.878873 0.925478
14225 0.878852 0.925505
14226 0.878821 0.925539
14227 0.878797 0.925554
14228 0.87878 0.925553
14229 0.87877 0.925536
14230 0.878765 0.925507
14231 0.878765 0.925465
14232 0.878752 0.925437
14233 0.878728 0.925419
14234 0.878692 0.925412
14235 0.878647 0.925414
14236 0.878594 0.925424
14237 0.87855 0.925419
14238 0.878516 0.925399
14239 0.878471 0.925389
14240 0.878418 0.925389
14241 0.878358 0.925398
14242 0.87829 0.925414
14243 0.878233 0.925413
14244 0.878187 0.925398
14245 0.87815 0.925369
14246 0.878104 0.925352
14247 0.878067 0.925321
14248 0.878038 0.925279
14249 0.878017 0.925225
14250 0.878013 0.925178
14251 0.877997 0.925143
14252 0.877969 0.92512
14253 0.877959 0.925099
14254 0.877966 0.925081
14255 0.877988 0.925064
14256 0.878024 0.925049
14257 0.878071 0.925035
14258 0.878101 0.925031
14259 0.878143 0.925027
14260 0.878168 0.925032
14261 0.878177 0.925045
14262 0.878201 0.925056
14263 0.878209 0.925075
14264 0.878203 0.9251
14265 0.878185 0.925131
14266 0.878155 0.925167
14267 0.878144 0.9252
14268 0.878121 0.925238
14269 0.878087 0.92528
14270 0.878061 0.925304
14271 0.878042 0.92531
14272 0.87803 0.9253
14273 0.878024 0.925277
14274 0.878022 0.925241
14275 0.878026 0.925193
14276 0.878033 0.925136
14277 0.878044 0.925069
14278 0.878041 0.925017
14279 0.878026 0.924979
14280 0.878027 0.924945
14281 0.878044 0.924914
14282 0.878046 0.924894
14283 0.878035 0.924885
14284 0.878011 0.924885
14285 0.877977 0.924893
14286 0.877933 0.924909
14287 0.877909 0.924924
14288 0.877903 0.924936
14289 0.877914 0.924947
14290 0.877939 0.924957
14291 0.877977 0.924966
14292 0.878027 0.924974
14293 0.878058 0.924989
14294 0.878103 0.925002
14295 0.878158 0.925015
14296 0.878224 0.925025
14297 0.878269 0.925044
14298 0.878297 0.925068
14299 0.878309 0.925099
14300 0.878336 0.925127
14301 0.878375 0.925151
14302 0.878398 0.925182
14303 0.878405 0.925218
14304 0.878398 0.925259
14305 0.878378 0.925304
14306 0.878348 0.925353
14307 0.878325 0.925383
14308 0.878309 0.925394
14309 0.878299 0.925389
14310 0.878294 0.92537
14311 0.878295 0.925338
14312 0.8783 0.925293
14313 0.878291 0.925262
14314 0.87827 0.925243
14315 0.878238 0.925234
14316 0.878196 0.925234
14317 0.878145 0.925243
14318 0.878104 0.925235
14319 0.878071 0.925214
14320 0.878029 0.925203
14321 0.877977 0.925202
14322 0.877936 0.925186
14323 0.877885 0.925179
14324 0.877843 0.925159
14325 0.877811 0.925126
14326 0.877768 0.925104
14327 0.877717 0.925092
14328 0.877657 0.92509
14329 0.87759 0.925097
14330 0.877534 0.925088
14331 0.877488 0.925065
14332 0.877434 0.925052
14333 0.877371 0.925049
14334 0.877302 0.925054
14335 0.877244 0.925044
14336 0.877196 0.925019
14337 0.877139 0.925006
14338 0.877075 0.925002
14339 0.877004 0.925006
14340 0.876944 0.924995
14341 0.876895 0.92497
14342 0.876855 0.924932
14343 0.876834 0.924899
14344 0.876831 0.924868
14345 0.876844 0.924841
14346 0.876871 0.924816
14347 0.876912 0.924794
14348 0.876963 0.924773
14349 0.876997 0.924763
14350 0.877013 0.924762
14351 0.877015 0.92477
14352 0.877003 0.924784
14353 0.877008 0.924798
14354 0.877028 0.924809
14355 0.877062 0.92482
14356 0.877079 0.924838
14357 0.877081 0.924862
14358 0.877069 0.924891
14359 0.877045 0.924926
14360 0.877039 0.924957
14361 0.877038 0.924971
14362 0.877042 0.924967
14363 0.877031 0.924973
14364 0.877026 0.924962
14365 0.877026 0.924938
14366 0.87703 0.924901
14367 0.877037 0.924853
14368 0.877031 0.924817
14369 0.877012 0.924793
14370 0.876981 0.92478
14371 0.87694 0.924776
14372 0.87689 0.92478
14373 0.87686 0.924784
14374 0.876849 0.924787
14375 0.876854 0.92479
14376 0.876875 0.924793
14377 0.87688 0.924804
14378 0.876872 0.924821
14379 0.87685 0.924845
14380 0.876818 0.924874
14381 0.876775 0.924909
14382 0.876723 0.924948
14383 0.876681 0.924968
14384 0.876647 0.924971
14385 0.876621 0.924958
14386 0.876601 0.924932
14387 0.876588 0.924894
14388 0.87658 0.924844
14389 0.87656 0.924807
14390 0.876528 0.924782
14391 0.876504 0.924745
14392 0.876486 0.924696
14393 0.876474 0.924637
14394 0.876468 0.924569
14395 0.876448 0.924516
14396 0.876418 0.924476
14397 0.876377 0.924448
14398 0.876326 0.92443
14399 0.876297 0.924415
14400 0.876286 0.924401
14401 0.876291 0.924388
14402 0.876312 0.924376
14403 0.876317 0.924374
14404 0.876308 0.924379
14405 0.876287 0.924392
14406 0.876283 0.924404
14407 0.876295 0.924414
14408 0.876322 0.924424
14409 0.876362 0.924432
14410 0.876413 0.924439
14411 0.876475 0.924445
14412 0.876546 0.92445
14413 0.876626 0.924455
14414 0.876684 0.924467
14415 0.876723 0.924486
14416 0.876745 0.924511
14417 0.876751 0.924542
14418 0.876744 0.924578
14419 0.876752 0.924609
14420 0.876775 0.924638
14421 0.876812 0.924664
14422 0.876861 0.924687
14423 0.87692 0.924708
14424 0.87696 0.924735
14425 0.876982 0.924767
14426 0.876989 0.924804
14427 0.876982 0.924845
14428 0.876963 0.92489
14429 0.876949 0.924916
14430 0.876952 0.924939
14431 0.876971 0.92496
14432 0.876992 0.924964
14433 0.877015 0.924952
14434 0.87704 0.924926
14435 0.877049 0.924911
14436 0.877061 0.924883
14437 0.877077 0.924842
14438 0.877106 0.924805
14439 0.877148 0.924772
14440 0.877173 0.924751
14441 0.877181 0.924739
14442 0.877176 0.924737
14443 0.877186 0.924736
14444 0.877183 0.924742
14445 0.877166 0.924756
14446 0.877138 0.924777
14447 0.877099 0.924803
14448 0.87708 0.924827
14449 0.877078 0.924849
14450 0.877063 0.924877
14451 0.877036 0.92491
14452 0.877016 0.924924
14453 0.877003 0.924922
14454 0.876995 0.924906
14455 0.876992 0.924876
14456 0.876993 0.924833
14457 0.876981 0.924804
14458 0.876986 0.924777
14459 0.877006 0.924753
14460 0.877039 0.924731
14461 0.877085 0.924711
14462 0.877142 0.924694
14463 0.877209 0.924678
14464 0.877256 0.924671
14465 0.877284 0.924674
14466 0.877297 0.924684
14467 0.877324 0.924694
14468 0.877364 0.924702
14469 0.877386 0.924717
14470 0.877393 0.92474
14471 0.877386 0.924768
14472 0.877396 0.924793
14473 0.87742 0.924816
14474 0.877428 0.924844
14475 0.877422 0.924878
14476 0.877433 0.924909
14477 0.877429 0.924945
14478 0.877412 0.924985
14479 0.877383 0.925029
14480 0.877361 0.925054
14481 0.877346 0.925061
14482 0.877319 0.925076
14483 0.877281 0.925097
14484 0.877234 0.925125
14485 0.877207 0.925149
14486 0.877198 0.925171
14487 0.877195 0.925176
14488 0.877178 0.925188
14489 0.877168 0.925185
14490 0.877144 0.925189
14491 0.877128 0.925178
14492 0.8771 0.925176
14493 0.877078 0.925159
14494 0.877063 0.925129
14495 0.877066 0.925102
14496 0.877072 0.925062
14497 0.877064 0.925035
14498 0.877044 0.925018
14499 0.877012 0.925011
14500 0.87697 0.925013
14501 0.876919 0.925023
14502 0.876877 0.925016
14503 0.876843 0.924996
14504 0.876817 0.924962
14505 0.876798 0.924916
14506 0.876785 0.92486
14507 0.876789 0.92481
14508 0.876779 0.924773
14509 0.876785 0.924739
14510 0.876778 0.924717
14511 0.876758 0.924705
14512 0.876756 0.924694
14513 0.876769 0.924684
14514 0.876797 0.924675
14515 0.876809 0.924676
14516 0.876835 0.924675
14517 0.876874 0.924675
14518 0.876896 0.924683
14519 0.876902 0.924698
14520 0.876894 0.92472
14521 0.876902 0.924739
14522 0.876926 0.924756
14523 0.876933 0.92478
14524 0.876927 0.924809
14525 0.876936 0.924835
14526 0.876931 0.924867
14527 0.876943 0.924895
14528 0.876969 0.92492
14529 0.877008 0.924943
14530 0.877029 0.924972
14531 0.877065 0.924997
14532 0.877083 0.925028
14533 0.877086 0.925064
14534 0.877104 0.925096
14535 0.877136 0.925125
14536 0.877181 0.925151
14537 0.877208 0.925183
14538 0.877247 0.925211
14539 0.877299 0.925236
14540 0.877361 0.925259
14541 0.877403 0.925288
14542 0.877446 0.925298
14543 0.877488 0.925293
14544 0.877531 0.925273
14545 0.877574 0.92524
14546 0.877599 0.925219
14547 0.877608 0.925207
14548 0.877603 0.925205
14549 0.877615 0.925204
14550 0.87764 0.925202
14551 0.877679 0.9252
14552 0.87773 0.925199
14553 0.877762 0.925206
14554 0.877778 0.92522
14555 0.877807 0.925233
14556 0.87785 0.925244
14557 0.877904 0.925255
14558 0.877939 0.925272
14559 0.877958 0.925296
14560 0.877961 0.925327
14561 0.877968 0.925339
14562 0.877979 0.925334
14563 0.877994 0.925316
14564 0.878012 0.925284
14565 0.878032 0.92524
14566 0.878054 0.925186
14567 0.878062 0.925145
14568 0.878055 0.925117
14569 0.878053 0.925077
14570 0.878038 0.925049
14571 0.878012 0.925032
14572 0.877975 0.925025
14573 0.877957 0.925019
14574 0.877957 0.925013
14575 0.877943 0.925017
14576 0.877918 0.925028
14577 0.87791 0.925038
14578 0.877891 0.925055
14579 0.877888 0.925071
14580 0.877873 0.925093
14581 0.877875 0.925113
14582 0.877863 0.925139
14583 0.87784 0.925171
14584 0.877834 0.925199
14585 0.877815 0.925233
14586 0.877814 0.925264
14587 0.877829 0.925291
14588 0.877858 0.925316
14589 0.8779 0.925338
14590 0.877925 0.925366
14591 0.877962 0.925391
14592 0.878012 0.925414
14593 0.878072 0.925434
14594 0.878142 0.925452
14595 0.878191 0.925477
14596 0.878223 0.925507
14597 0.878238 0.925543
14598 0.878238 0.925584
14599 0.878254 0.92562
14600 0.878284 0.925653
14601 0.878326 0.925683
14602 0.878381 0.925709
14603 0.878445 0.925733
14604 0.878519 0.925755
14605 0.87859 0.925759
14606 0.87864 0.925771
14607 0.878691 0.925768
14608 0.878741 0.92575
14609 0.878791 0.925718
14610 0.878823 0.925699
14611 0.878839 0.92569
14612 0.87884 0.92569
14613 0.878828 0.925699
14614 0.878804 0.925715
14615 0.878787 0.925715
14616 0.878777 0.9257
14617 0.878754 0.925696
14618 0.878721 0.9257
14619 0.878706 0.925703
14620 0.878709 0.925707
14621 0.878716 0.925695
14622 0.878727 0.925669
14623 0.878742 0.925631
14624 0.87876 0.925582
14625 0.878763 0.925546
14626 0.878752 0.925523
14627 0.87873 0.92551
14628 0.878714 0.925483
14629 0.878705 0.925445
14630 0.878701 0.925395
14631 0.878702 0.925335
14632 0.878689 0.92529
14633 0.878665 0.925257
14634 0.87863 0.925236
14635 0.878585 0.925226
14636 0.878532 0.925225
14637 0.878499 0.925224
14638 0.878457 0.925232
14639 0.878405 0.925247
14640 0.878346 0.92527
14641 0.878308 0.92529
14642 0.878289 0.925308
14643 0.878289 0.925324
14644 0.878303 0.925338
14645 0.878321 0.925336
14646 0.878342 0.925319
14647 0.878365 0.925289
14648 0.878372 0.925271
14649 0.878366 0.925262
14650 0.878347 0.925263
14651 0.878317 0.925272
14652 0.878276 0.925289
14653 0.878255 0.925304
14654 0.878252 0.925318
14655 0.878265 0.92533
14656 0.878293 0.92534
14657 0.878304 0.925359
14658 0.878301 0.925383
14659 0.878314 0.925406
14660 0.878341 0.925426
14661 0.878381 0.925444
14662 0.878422 0.925445
14663 0.878463 0.925431
14664 0.878505 0.925403
14665 0.878547 0.925364
14666 0.8786 0.925328
14667 0.878664 0.925295
14668 0.878708 0.925275
14669 0.878735 0.925265
14670 0.878746 0.925264
14671 0.878742 0.925272
14672 0.878726 0.925287
14673 0.878726 0.925301
14674 0.878743 0.925314
14675 0.878773 0.925324
14676 0.878788 0.925343
14677 0.878787 0.925368
14678 0.878802 0.92539
14679 0.878832 0.92541
14680 0.878874 0.925428
14681 0.878899 0.925453
14682 0.878908 0.925483
14683 0.878903 0.925519
14684 0.878885 0.92556
14685 0.878856 0.925605
14686 0.878846 0.925646
14687 0.878852 0.925683
14688 0.878873 0.925716
14689 0.878908 0.925745
14690 0.878926 0.92578
14691 0.878929 0.925821
14692 0.878919 0.925865
14693 0.878915 0.925891
14694 0.878916 0.925899
14695 0.878932 0.925906
14696 0.878963 0.925912
14697 0.878977 0.925927
14698 0.878995 0.925925
14699 0.879016 0.925908
14700 0.879039 0.925878
14701 0.879066 0.925836
14702 0.879076 0.925807
14703 0.879072 0.92579
14704 0.879056 0.925783
14705 0.879028 0.925785
14706 0.879008 0.925772
14707 0.879005 0.92576
14708 0.879019 0.925749
14709 0.879017 0.925748
14710 0.879003 0.925756
14711 0.878977 0.925771
14712 0.87897 0.925785
14713 0.878978 0.925798
14714 0.879002 0.925809
14715 0.879039 0.925819
14716 0.879088 0.925828
14717 0.879119 0.925844
14718 0.879134 0.925868
14719 0.879163 0.925889
14720 0.879204 0.925907
14721 0.879229 0.925933
14722 0.879237 0.925964
14723 0.879232 0.926001
14724 0.879214 0.926043
14725 0.879185 0.92609
14726 0.879163 0.926116
14727 0.879149 0.926125
14728 0.879141 0.926119
14729 0.879139 0.926098
14730 0.879142 0.926064
14731 0.879149 0.926019
14732 0.879161 0.925963
14733 0.879177 0.925898
14734 0.879177 0.925848
14735 0.879165 0.925812
14736 0.879141 0.925788
14737 0.879106 0.925775
14738 0.879061 0.925772
14739 0.879008 0.925778
14740 0.878947 0.925792
14741 0.878897 0.925789
14742 0.878857 0.925772
14743 0.878825 0.925742
14744 0.878802 0.9257
14745 0.878785 0.925647
14746 0.878757 0.925608
14747 0.878719 0.925581
14748 0.878671 0.925566
14749 0.878644 0.925552
14750 0.878635 0.925539
14751 0.878643 0.925527
14752 0.878666 0.925517
14753 0.878673 0.925516
14754 0.878666 0.925524
14755 0.878647 0.925539
14756 0.878645 0.925553
14757 0.87866 0.925566
14758 0.878688 0.925577
14759 0.878718 0.925572
14760 0.87875 0.925553
14761 0.878766 0.925544
14762 0.878767 0.925544
14763 0.878754 0.925553
14764 0.87873 0.92557
14765 0.878695 0.925593
14766 0.87865 0.925622
14767 0.878615 0.925634
14768 0.878587 0.925629
14769 0.878579 0.925625
14770 0.878586 0.925622
14771 0.87858 0.925626
14772 0.878561 0.925639
14773 0.878531 0.925659
14774 0.878519 0.925677
14775 0.878524 0.925693
14776 0.878516 0.925716
14777 0.878495 0.925745
14778 0.878463 0.92578
14779 0.878421 0.925819
14780 0.878387 0.92584
14781 0.878362 0.925843
14782 0.878344 0.925832
14783 0.878332 0.925806
14784 0.878327 0.925768
14785 0.878326 0.925718
14786 0.87833 0.925659
14787 0.878349 0.925605
14788 0.878383 0.925557
14789 0.878399 0.925522
14790 0.878401 0.925499
14791 0.878389 0.925486
14792 0.878394 0.925475
14793 0.878414 0.925465
14794 0.878448 0.925456
14795 0.878465 0.925456
14796 0.878468 0.925464
14797 0.878456 0.92548
14798 0.878451 0.92548
14799 0.87845 0.925464
14800 0.878454 0.925435
14801 0.878474 0.925409
14802 0.878507 0.925385
14803 0.878523 0.925373
14804 0.878554 0.925361
14805 0.878597 0.925351
14806 0.878652 0.925341
14807 0.878717 0.925332
14808 0.878791 0.925325
14809 0.878844 0.925326
14810 0.878879 0.925336
14811 0.878897 0.925353
14812 0.878929 0.925368
14813 0.878974 0.925382
14814 0.879001 0.925403
14815 0.879012 0.92543
14816 0.879009 0.925463
14817 0.878993 0.925501
14818 0.878994 0.925536
14819 0.879011 0.925567
14820 0.879042 0.925594
14821 0.879085 0.925619
14822 0.87914 0.925641
14823 0.879205 0.925661
14824 0.879279 0.925679
14825 0.879362 0.925695
14826 0.879423 0.925718
14827 0.879465 0.925747
14828 0.879518 0.925774
14829 0.879553 0.925806
14830 0.879572 0.925844
14831 0.879575 0.925887
14832 0.879566 0.925934
14833 0.879562 0.925961
14834 0.879563 0.925971
14835 0.879569 0.925965
14836 0.879579 0.925945
14837 0.879593 0.925911
14838 0.879611 0.925866
14839 0.879614 0.925835
14840 0.879603 0.925815
14841 0.879599 0.925782
14842 0.879581 0.925762
14843 0.879553 0.925752
14844 0.879514 0.925751
14845 0.879466 0.92576
14846 0.879428 0.925753
14847 0.879398 0.925731
14848 0.879359 0.92572
14849 0.87931 0.925719
14850 0.879253 0.925727
14851 0.879189 0.925743
14852 0.879135 0.925742
14853 0.879092 0.925727
14854 0.879058 0.925698
14855 0.879032 0.925656
14856 0.879014 0.925605
14857 0.878984 0.925566
14858 0.878944 0.925541
14859 0.878895 0.925526
14860 0.878838 0.925522
14861 0.878773 0.925526
14862 0.878731 0.92553
14863 0.878708 0.925534
14864 0.878703 0.925537
14865 0.878715 0.92554
14866 0.878741 0.925542
14867 0.87878 0.925544
14868 0.878802 0.925554
14869 0.878838 0.925564
14870 0.878857 0.92558
14871 0.878889 0.925596
14872 0.878934 0.925609
14873 0.878991 0.925621
14874 0.879057 0.925632
14875 0.879104 0.92565
14876 0.879132 0.925675
14877 0.879145 0.925706
14878 0.879173 0.925735
14879 0.879213 0.92576
14880 0.879265 0.925782
14881 0.879298 0.925811
14882 0.879344 0.925837
14883 0.87939 0.925846
14884 0.879437 0.925839
14885 0.879465 0.925841
14886 0.879478 0.925852
14887 0.879476 0.92587
14888 0.87948 0.925871
14889 0.879498 0.925873
14890 0.879502 0.925882
14891 0.879493 0.9259
14892 0.879471 0.925925
14893 0.879456 0.925932
14894 0.879447 0.925923
14895 0.879444 0.9259
14896 0.879447 0.925865
14897 0.879436 0.925842
14898 0.879412 0.92583
14899 0.879379 0.925827
14900 0.879335 0.925834
14901 0.879283 0.925848
14902 0.879222 0.92587
14903 0.879173 0.925875
14904 0.879133 0.925864
14905 0.879102 0.925839
14906 0.879079 0.925802
14907 0.879062 0.925753
14908 0.879053 0.925694
14909 0.879049 0.925627
14910 0.879032 0.925574
14911 0.879004 0.925536
14912 0.878965 0.92551
14913 0.878917 0.925495
14914 0.878861 0.92549
14915 0.878797 0.925494
14916 0.878727 0.925506
14917 0.878668 0.925502
14918 0.87862 0.925483
14919 0.878581 0.925452
14920 0.87855 0.925408
14921 0.878527 0.925354
14922 0.878511 0.92529
14923 0.878483 0.925241
14924 0.878445 0.925205
14925 0.878397 0.925182
14926 0.878341 0.925169
14927 0.878307 0.925158
14928 0.878291 0.925147
14929 0.878293 0.925138
14930 0.87831 0.925129
14931 0.878341 0.925121
14932 0.878356 0.925123
14933 0.878356 0.925133
14934 0.878343 0.92515
14935 0.878318 0.925174
14936 0.878282 0.925204
14937 0.878265 0.92523
14938 0.878266 0.925255
14939 0.878253 0.925285
14940 0.878229 0.92532
14941 0.878193 0.92536
14942 0.878148 0.925405
14943 0.878094 0.925453
14944 0.87805 0.925482
14945 0.878015 0.925492
14946 0.877987 0.925487
14947 0.877967 0.925467
14948 0.877954 0.925434
14949 0.877957 0.925404
14950 0.877976 0.925377
14951 0.878008 0.925352
14952 0.878054 0.92533
14953 0.87811 0.925311
14954 0.878176 0.925293
14955 0.878251 0.925276
14956 0.878335 0.925262
14957 0.878397 0.925257
14958 0.878439 0.925261
14959 0.878464 0.925273
14960 0.878474 0.925292
14961 0.878498 0.925309
14962 0.878535 0.925324
14963 0.878584 0.925338
14964 0.878615 0.925359
14965 0.87863 0.925386
14966 0.87863 0.925418
14967 0.878617 0.925456
14968 0.878591 0.925499
14969 0.878584 0.925537
14970 0.878583 0.925556
14971 0.878586 0.925559
14972 0.878575 0.925569
14973 0.878552 0.925587
14974 0.878536 0.925589
14975 0.878527 0.925575
14976 0.878522 0.925547
14977 0.878505 0.92553
14978 0.878494 0.9255
14979 0.878471 0.925482
14980 0.878437 0.925474
14981 0.878393 0.925475
14982 0.87834 0.925484
14983 0.878308 0.925492
14984 0.878296 0.9255
14985 0.8783 0.925506
14986 0.878319 0.925512
14987 0.878352 0.925518
14988 0.878398 0.925523
14989 0.878454 0.925527
14990 0.878492 0.925539
14991 0.878531 0.925535
14992 0.87857 0.925517
14993 0.878592 0.925509
14994 0.878599 0.92551
14995 0.878591 0.925519
14996 0.8786 0.925527
14997 0.878624 0.925535
14998 0.878662 0.925541
14999 0.878711 0.925547
15000 0.878771 0.925553
