14000 0.722488 0.469432
14001 0.722511 0.469403
14002 0.722518 0.469384
14003 0.722511 0.469375
14004 0.722491 0.469375
14005 0.722459 0.469383
14006 0.722417 0.469398
14007 0.722366 0.469419
14008 0.722307 0.469447
14009 0.722269 0.469471
14010 0.722251 0.469494
14011 0.72225 0.469514
14012 0.722265 0.469533
14013 0.722294 0.46955
14014 0.722336 0.469566
14015 0.722389 0.469581
14016 0.722452 0.469594
14017 0.722509 0.46959
14018 0.722561 0.469572
14019 0.722607 0.469539
14020 0.722649 0.469494
14021 0.722686 0.469438
14022 0.722706 0.46938
14023 0.722711 0.469319
14024 0.722702 0.469273
14025 0.72268 0.46924
14026 0.722647 0.469217
14027 0.722617 0.469182
14028 0.722591 0.469134
14029 0.722567 0.469076
14030 0.722545 0.469008
14031 0.722512 0.468954
14032 0.72247 0.468914
14033 0.722447 0.468879
14034 0.722442 0.468847
14035 0.722453 0.468818
14036 0.722478 0.468793
14037 0.722517 0.46877
14038 0.722567 0.46875
14039 0.722628 0.468731
14040 0.722698 0.468716
14041 0.722777 0.468701
14042 0.722864 0.468689
14043 0.722929 0.46867
14044 0.722973 0.468645
14045 0.723 0.468614
14046 0.723011 0.468579
14047 0.723007 0.468539
14048 0.72299 0.468495
14049 0.722961 0.468448
14050 0.722921 0.468397
14051 0.722872 0.468344
14052 0.722815 0.468288
14053 0.72275 0.46823
14054 0.722678 0.468169
14055 0.722629 0.468115
14056 0.7226 0.468066
14057 0.72259 0.468022
14058 0.722596 0.467983
14059 0.722588 0.467956
14060 0.722568 0.467939
14061 0.722536 0.467932
14062 0.722494 0.467933
14063 0.722472 0.467935
14064 0.722467 0.467936
14065 0.722479 0.467937
14066 0.722505 0.467939
14067 0.722544 0.46794
14068 0.722595 0.467941
14069 0.722627 0.467934
14070 0.722643 0.46792
14071 0.722643 0.4679
14072 0.722659 0.467881
14073 0.72269 0.467865
14074 0.722703 0.467842
14075 0.722731 0.467822
14076 0.722772 0.467804
14077 0.722795 0.46778
14078 0.722803 0.46775
14079 0.722825 0.467724
14080 0.722861 0.4677
14081 0.722909 0.46768
14082 0.722938 0.467653
14083 0.722952 0.467621
14084 0.72295 0.467584
14085 0.722936 0.467543
14086 0.722909 0.467498
14087 0.722872 0.46745
14088 0.722825 0.467398
14089 0.722769 0.467344
14090 0.722735 0.467295
14091 0.72272 0.467252
14092 0.722721 0.467213
14093 0.722738 0.467179
14094 0.72274 0.467139
14095 0.722729 0.467096
14096 0.722705 0.467049
14097 0.72267 0.466999
14098 0.722647 0.466967
14099 0.722633 0.466952
14100 0.722636 0.466939
14101 0.722655 0.466928
14102 0.722687 0.466918
14103 0.722731 0.466909
14104 0.722787 0.466901
14105 0.722824 0.466886
14106 0.722843 0.466865
14107 0.722877 0.466845
14108 0.722893 0.46682
14109 0.722895 0.466789
14110 0.722912 0.466762
14111 0.722943 0.466737
14112 0.722987 0.466716
14113 0.723012 0.466688
14114 0.723022 0.466655
14115 0.723017 0.466617
14116 0.723 0.466576
14117 0.722971 0.46653
14118 0.722931 0.466481
14119 0.722882 0.466428
14120 0.722825 0.466373
14121 0.722781 0.466337
14122 0.722749 0.466318
14123 0.722728 0.466315
14124 0.722716 0.466326
14125 0.722714 0.466349
14126 0.722719 0.466384
14127 0.722732 0.466429
14128 0.722751 0.466483
14129 0.722776 0.466545
14130 0.722806 0.466615
14131 0.722819 0.466669
14132 0.722818 0.466711
14133 0.722804 0.46674
14134 0.722777 0.466758
14135 0.72274 0.466767
14136 0.722693 0.466766
14137 0.722638 0.466758
14138 0.722603 0.466751
14139 0.722588 0.466745
14140 0.722589 0.46674
14141 0.722607 0.466735
14142 0.722638 0.466732
14143 0.722681 0.466729
14144 0.722736 0.466727
14145 0.722772 0.466717
14146 0.72279 0.4667
14147 0.722794 0.466677
14148 0.722784 0.466648
14149 0.722761 0.466614
14150 0.722728 0.466576
14151 0.722705 0.466555
14152 0.722692 0.46655
14153 0.722688 0.466559
14154 0.722692 0.46658
14155 0.722682 0.466607
14156 0.72266 0.466639
14157 0.722626 0.466676
14158 0.722582 0.466716
14159 0.722558 0.466753
14160 0.722552 0.466786
14161 0.722562 0.466817
14162 0.722587 0.466845
14163 0.722596 0.466862
14164 0.722591 0.466869
14165 0.722572 0.466868
14166 0.722542 0.466859
14167 0.722501 0.466844
14168 0.72248 0.46683
14169 0.722477 0.466818
14170 0.722461 0.466799
14171 0.722432 0.466774
14172 0.722393 0.466744
14173 0.722345 0.466709
14174 0.722317 0.466677
14175 0.722299 0.466663
14176 0.722291 0.466663
14177 0.722291 0.466678
14178 0.722278 0.466682
14179 0.722252 0.466679
14180 0.722237 0.466689
14181 0.722231 0.466713
14182 0.722212 0.466725
14183 0.72221 0.466737
14184 0.722224 0.466748
14185 0.722253 0.466758
14186 0.722294 0.466767
14187 0.722347 0.466775
14188 0.72241 0.466782
14189 0.722483 0.466789
14190 0.722564 0.466795
14191 0.722623 0.466793
14192 0.722663 0.466783
14193 0.722685 0.466766
14194 0.722692 0.466743
14195 0.722685 0.466714
14196 0.722665 0.46668
14197 0.722633 0.466642
14198 0.722591 0.466599
14199 0.722561 0.466574
14200 0.722542 0.466566
14201 0.722532 0.466571
14202 0.722531 0.46659
14203 0.722517 0.466599
14204 0.722491 0.466599
14205 0.722483 0.4666
14206 0.722491 0.4666
14207 0.722514 0.4666
14208 0.722551 0.466601
14209 0.722599 0.466601
14210 0.722658 0.466602
14211 0.722698 0.46661
14212 0.72272 0.466626
14213 0.722756 0.466639
14214 0.722803 0.466652
14215 0.722862 0.466663
14216 0.72293 0.466674
14217 0.723007 0.466684
14218 0.723063 0.4667
14219 0.723113 0.466699
14220 0.723158 0.466683
14221 0.723199 0.466653
14222 0.723236 0.46661
14223 0.723256 0.466579
14224 0.723261 0.466559
14225 0.723251 0.466549
14226 0.723229 0.466548
14227 0.723196 0.466555
14228 0.723152 0.466569
14229 0.723121 0.466595
14230 0.723079 0.466626
14231 0.723057 0.466655
14232 0.723053 0.46668
14233 0.723065 0.466704
14234 0.723062 0.466733
14235 0.723046 0.466751
14236 0.723018 0.466759
14237 0.722979 0.466759
14238 0.722931 0.466766
14239 0.722895 0.466786
14240 0.722863 0.466789
14241 0.722834 0.466776
14242 0.722809 0.466748
14243 0.722785 0.466708
14244 0.722765 0.466656
14245 0.722732 0.466617
14246 0.72269 0.466589
14247 0.722637 0.466572
14248 0.722577 0.466564
14249 0.722509 0.466564
14250 0.722434 0.466572
14251 0.722382 0.46658
14252 0.722351 0.466587
14253 0.722338 0.466594
14254 0.722343 0.4666
14255 0.722362 0.466606
14256 0.722396 0.466611
14257 0.722412 0.466624
14258 0.722413 0.466642
14259 0.7224 0.466667
14260 0.722404 0.46669
14261 0.722424 0.46671
14262 0.722457 0.466729
14263 0.722502 0.466746
14264 0.722559 0.466762
14265 0.722625 0.466776
14266 0.722701 0.46679
14267 0.722784 0.466802
14268 0.722875 0.466813
14269 0.722973 0.466823
14270 0.723076 0.466833
14271 0.723185 0.466842
14272 0.723298 0.46685
14273 0.723387 0.466849
14274 0.723453 0.46684
14275 0.7235 0.466824
14276 0.723528 0.466802
14277 0.72354 0.466773
14278 0.723537 0.46674
14279 0.723521 0.466701
14280 0.723514 0.466681
14281 0.723516 0.466676
14282 0.723525 0.466685
14283 0.723541 0.466707
14284 0.723562 0.466741
14285 0.723589 0.466785
14286 0.723629 0.466825
14287 0.723681 0.466861
14288 0.723743 0.466893
14289 0.723815 0.466923
14290 0.723895 0.466949
14291 0.723954 0.466965
14292 0.723993 0.466971
14293 0.724015 0.466969
14294 0.724051 0.466966
14295 0.724098 0.466965
14296 0.724157 0.466963
14297 0.724225 0.466961
14298 0.724273 0.466952
14299 0.724324 0.466958
14300 0.724377 0.466976
14301 0.724432 0.467007
14302 0.724489 0.467048
14303 0.724547 0.467099
14304 0.724607 0.467159
14305 0.724662 0.467197
14306 0.724711 0.467216
14307 0.724756 0.467217
14308 0.724797 0.467203
14309 0.724834 0.467174
14310 0.724868 0.467132
14311 0.724899 0.467079
14312 0.724927 0.467016
14313 0.724953 0.466943
14314 0.724976 0.466862
14315 0.724998 0.466773
14316 0.725018 0.466678
14317 0.725044 0.466605
14318 0.725074 0.466554
14319 0.725109 0.466522
14320 0.725127 0.466501
14321 0.72513 0.46649
14322 0.725119 0.466488
14323 0.725095 0.466494
14324 0.725061 0.466508
14325 0.725017 0.466529
14326 0.724963 0.466555
14327 0.724931 0.466579
14328 0.724918 0.4666
14329 0.724921 0.466619
14330 0.72494 0.466636
14331 0.724973 0.466651
14332 0.725018 0.466665
14333 0.725074 0.466677
14334 0.72514 0.466688
14335 0.725216 0.466698
14336 0.72527 0.466699
14337 0.725334 0.466699
14338 0.725408 0.4667
14339 0.72549 0.4667
14340 0.725551 0.466692
14341 0.725592 0.466677
14342 0.725615 0.466655
14343 0.725623 0.466627
14344 0.725617 0.466594
14345 0.725618 0.466578
14346 0.725627 0.466578
14347 0.725641 0.466591
14348 0.725641 0.466595
14349 0.725628 0.466591
14350 0.725602 0.466579
14351 0.725566 0.466559
14352 0.72552 0.466534
14353 0.725486 0.466525
14354 0.725462 0.466531
14355 0.725427 0.466528
14356 0.725383 0.466517
14357 0.725329 0.466499
14358 0.725288 0.466496
14359 0.725258 0.466508
14360 0.725238 0.466533
14361 0.725226 0.46657
14362 0.725223 0.466617
14363 0.725227 0.466673
14364 0.725237 0.466738
14365 0.725253 0.46681
14366 0.725268 0.46686
14367 0.725282 0.466889
14368 0.725295 0.466899
14369 0.725308 0.466893
14370 0.72532 0.466871
14371 0.725338 0.466866
14372 0.72536 0.466876
14373 0.725381 0.466869
14374 0.725407 0.466877
14375 0.725417 0.466875
14376 0.725413 0.466866
14377 0.725396 0.466849
14378 0.725387 0.466848
14379 0.725386 0.466861
14380 0.725393 0.466887
14381 0.725405 0.466924
14382 0.725423 0.466972
14383 0.725447 0.467029
14384 0.725454 0.467072
14385 0.725468 0.467124
14386 0.725487 0.467186
14387 0.725505 0.467226
14388 0.725522 0.467246
14389 0.725538 0.467248
14390 0.725559 0.467265
14391 0.725585 0.467293
14392 0.725609 0.467304
14393 0.725637 0.467327
14394 0.72567 0.467362
14395 0.725706 0.467408
14396 0.725739 0.467433
14397 0.72577 0.46744
14398 0.725784 0.467439
14399 0.725783 0.467429
14400 0.725769 0.467412
14401 0.725743 0.467389
14402 0.725706 0.46736
14403 0.72568 0.467348
14404 0.725663 0.467352
14405 0.725655 0.467369
14406 0.725634 0.467376
14407 0.725602 0.467375
14408 0.725559 0.467365
14409 0.725508 0.467348
14410 0.725448 0.467325
14411 0.725381 0.467296
14412 0.725307 0.467261
14413 0.725257 0.467229
14414 0.725226 0.4672
14415 0.725215 0.467172
14416 0.725221 0.467147
14417 0.725241 0.467122
14418 0.725275 0.467099
14419 0.725322 0.467078
14420 0.72537 0.467073
14421 0.725421 0.467082
14422 0.725473 0.467105
14423 0.725526 0.467139
14424 0.725581 0.467185
14425 0.725637 0.46724
14426 0.725674 0.467297
14427 0.725694 0.467358
14428 0.725699 0.46742
14429 0.725704 0.467461
14430 0.72571 0.467482
14431 0.725715 0.467485
14432 0.725721 0.467472
14433 0.725727 0.467445
14434 0.725739 0.467435
14435 0.725757 0.46744
14436 0.725779 0.467458
14437 0.725806 0.467489
14438 0.725837 0.467531
14439 0.725871 0.467583
14440 0.725889 0.467622
14441 0.725892 0.467648
14442 0.725881 0.467664
14443 0.725857 0.467669
14444 0.725843 0.467689
14445 0.725837 0.46772
14446 0.725838 0.467763
14447 0.725845 0.467816
14448 0.725839 0.467855
14449 0.725819 0.467882
14450 0.725817 0.467905
14451 0.725831 0.467925
14452 0.72586 0.467942
14453 0.725901 0.467956
14454 0.725953 0.467967
14455 0.726016 0.467977
14456 0.72606 0.467977
14457 0.726115 0.467976
14458 0.72617 0.467989
14459 0.726227 0.468015
14460 0.726284 0.468053
14461 0.726342 0.468102
14462 0.726381 0.468137
14463 0.726432 0.468168
14464 0.726493 0.468194
14465 0.726535 0.46821
14466 0.726589 0.468223
14467 0.726652 0.468234
14468 0.726716 0.468258
14469 0.72678 0.468293
14470 0.726843 0.46834
14471 0.726887 0.468373
14472 0.726914 0.468395
14473 0.726924 0.468406
14474 0.726921 0.468408
14475 0.726904 0.468401
14476 0.726896 0.468409
14477 0.726894 0.468431
14478 0.726899 0.468465
14479 0.726891 0.468487
14480 0.72687 0.468498
14481 0.726838 0.468501
14482 0.726824 0.468501
14483 0.726828 0.468501
14484 0.726847 0.4685
14485 0.72688 0.468497
14486 0.726896 0.468487
14487 0.726897 0.468469
14488 0.726885 0.468445
14489 0.726889 0.468423
14490 0.7269 0.468416
14491 0.726916 0.468425
14492 0.726936 0.468448
14493 0.726961 0.468482
14494 0.726989 0.468527
14495 0.727021 0.468583
14496 0.727056 0.468647
14497 0.727103 0.468704
14498 0.727161 0.468754
14499 0.7272 0.46879
14500 0.727221 0.468815
14501 0.727227 0.468829
14502 0.72722 0.468833
14503 0.727228 0.468836
14504 0.727252 0.468837
14505 0.72726 0.46883
14506 0.727253 0.468815
14507 0.727234 0.468793
14508 0.727223 0.468788
14509 0.72722 0.468798
14510 0.727223 0.468822
14511 0.727231 0.468857
14512 0.727245 0.468904
14513 0.727245 0.468937
14514 0.727231 0.468959
14515 0.727225 0.468993
14516 0.727225 0.469038
14517 0.727232 0.469093
14518 0.727244 0.469156
14519 0.727261 0.469228
14520 0.727263 0.469285
14521 0.727252 0.469327
14522 0.727248 0.46938
14523 0.72725 0.469441
14524 0.727258 0.469511
14525 0.727252 0.469566
14526 0.727234 0.469607
14527 0.727204 0.469635
14528 0.727164 0.469652
14529 0.727143 0.469667
14530 0.72714 0.469678
14531 0.727124 0.46968
14532 0.727097 0.469673
14533 0.727078 0.469681
14534 0.727067 0.469703
14535 0.727044 0.469715
14536 0.72703 0.46974
14537 0.727022 0.469776
14538 0.727003 0.469801
14539 0.726972 0.469815
14540 0.726931 0.469819
14541 0.7269 0.469837
14542 0.726878 0.469868
14543 0.726845 0.469887
14544 0.726821 0.469919
14545 0.726787 0.469939
14546 0.726742 0.469949
14547 0.726689 0.46995
14548 0.726647 0.469965
14549 0.726616 0.469993
14550 0.726593 0.470032
14551 0.726578 0.470083
14552 0.726571 0.470143
14553 0.72657 0.470211
14554 0.726575 0.470287
14555 0.726566 0.470348
14556 0.726574 0.470401
14557 0.726597 0.470447
14558 0.726633 0.470487
14559 0.726681 0.470522
14560 0.72674 0.470552
14561 0.726808 0.470577
14562 0.726857 0.470592
14563 0.726887 0.470597
14564 0.726901 0.470593
14565 0.7269 0.470582
14566 0.726886 0.470563
14567 0.726879 0.470561
14568 0.726879 0.470573
14569 0.726884 0.470599
14570 0.726894 0.470637
14571 0.72689 0.470663
14572 0.726903 0.470684
14573 0.726919 0.470718
14574 0.72694 0.470764
14575 0.726964 0.470819
14576 0.726991 0.470884
14577 0.727032 0.47094
14578 0.727069 0.470975
14579 0.727104 0.470991
14580 0.727122 0.470997
14581 0.727125 0.470994
14582 0.727114 0.470983
14583 0.72711 0.470987
14584 0.727112 0.471006
14585 0.72712 0.471038
14586 0.727132 0.471081
14587 0.727149 0.471134
14588 0.72717 0.471197
14589 0.72719 0.471238
14590 0.727209 0.471259
14591 0.727228 0.471262
14592 0.727245 0.471249
14593 0.727267 0.471253
14594 0.727292 0.47127
14595 0.727321 0.4713
14596 0.727333 0.471319
14597 0.727331 0.471328
14598 0.727316 0.471328
14599 0.727308 0.471342
14600 0.727306 0.471369
14601 0.727311 0.471409
14602 0.727321 0.471459
14603 0.727335 0.471518
14604 0.727354 0.471586
14605 0.727377 0.471662
14606 0.727384 0.471722
14607 0.727377 0.471768
14608 0.727357 0.471802
14609 0.727326 0.471823
14610 0.727284 0.471835
14611 0.727263 0.471843
14612 0.727259 0.471849
14613 0.727271 0.471852
14614 0.727297 0.471853
14615 0.727308 0.471846
14616 0.727304 0.471832
14617 0.727287 0.47181
14618 0.727277 0.471806
14619 0.727274 0.471816
14620 0.727257 0.471818
14621 0.727229 0.471811
14622 0.727191 0.471796
14623 0.727142 0.471775
14624 0.727105 0.471771
14625 0.727076 0.471782
14626 0.727056 0.471806
14627 0.727039 0.471812
14628 0.72701 0.47181
14629 0.726971 0.471799
14630 0.726922 0.471782
14631 0.726865 0.471757
14632 0.726819 0.47175
14633 0.726783 0.471759
14634 0.726756 0.471781
14635 0.726737 0.471816
14636 0.726706 0.471839
14637 0.726665 0.471852
14638 0.726615 0.471855
14639 0.726557 0.47185
14640 0.726509 0.47186
14641 0.726472 0.471884
14642 0.726454 0.471903
14643 0.726425 0.471912
14644 0.726413 0.471918
14645 0.726419 0.471921
14646 0.72644 0.471922
14647 0.726474 0.471921
14648 0.72652 0.471917
14649 0.726548 0.471906
14650 0.72656 0.471887
14651 0.726576 0.471886
14652 0.726596 0.471899
14653 0.726619 0.471925
14654 0.726644 0.471964
14655 0.726683 0.471997
14656 0.726733 0.472024
14657 0.726794 0.472046
14658 0.726864 0.472063
14659 0.726932 0.472094
14660 0.726999 0.472136
14661 0.727064 0.472189
14662 0.727127 0.472252
14663 0.727171 0.4723
14664 0.727197 0.472335
14665 0.727208 0.472358
14666 0.727204 0.47237
14667 0.727205 0.472396
14668 0.727211 0.472434
14669 0.727232 0.472467
14670 0.727238 0.472487
14671 0.727259 0.472504
14672 0.727264 0.47251
14673 0.727274 0.472531
14674 0.727287 0.472565
14675 0.727304 0.47261
14676 0.727306 0.472642
14677 0.727295 0.472663
14678 0.727271 0.472673
14679 0.727237 0.472674
14680 0.727192 0.472667
14681 0.727139 0.472652
14682 0.727092 0.472623
14683 0.727052 0.472581
14684 0.727031 0.472541
14685 0.727027 0.472504
14686 0.72704 0.472468
14687 0.727067 0.472434
14688 0.727107 0.472401
14689 0.727148 0.472387
14690 0.727189 0.472389
14691 0.727227 0.472375
14692 0.727264 0.472347
14693 0.727301 0.472337
14694 0.727339 0.472343
14695 0.727378 0.472363
14696 0.727418 0.472396
14697 0.727458 0.472441
14698 0.727499 0.472497
14699 0.727538 0.472531
14700 0.727574 0.472546
14701 0.727608 0.472544
14702 0.72764 0.472527
14703 0.72767 0.472495
14704 0.727699 0.472451
14705 0.727726 0.472396
14706 0.727737 0.472338
14707 0.727734 0.472278
14708 0.727718 0.472215
14709 0.727691 0.472149
14710 0.727653 0.472082
14711 0.727634 0.47202
14712 0.727604 0.471956
14713 0.727564 0.471889
14714 0.727533 0.471844
14715 0.727509 0.471819
14716 0.727474 0.471788
14717 0.72743 0.471751
14718 0.727394 0.471733
14719 0.727367 0.471732
14720 0.727329 0.471723
14721 0.727282 0.471706
14722 0.727226 0.471682
14723 0.727191 0.471658
14724 0.727176 0.471636
14725 0.727178 0.471613
14726 0.727184 0.471608
14727 0.727194 0.471619
14728 0.727207 0.471643
14729 0.727224 0.47168
14730 0.727226 0.471705
14731 0.727232 0.471743
14732 0.727253 0.471774
14733 0.727287 0.471801
14734 0.727334 0.471824
14735 0.727363 0.471835
14736 0.727376 0.471837
14737 0.727374 0.471831
14738 0.727359 0.471816
14739 0.72735 0.471818
14740 0.727346 0.471836
14741 0.727358 0.471849
14742 0.727356 0.471853
14743 0.727341 0.471848
14744 0.727313 0.471835
14745 0.727276 0.471815
14746 0.727229 0.471788
14747 0.727202 0.471762
14748 0.727193 0.471737
14749 0.727201 0.471713
14750 0.727224 0.471689
14751 0.72726 0.471666
14752 0.727309 0.471643
14753 0.727368 0.47162
14754 0.727437 0.471598
14755 0.727514 0.471576
14756 0.7276 0.471555
14757 0.727664 0.471527
14758 0.727708 0.471494
14759 0.727734 0.471455
14760 0.727745 0.471412
14761 0.72777 0.471371
14762 0.727809 0.471332
14763 0.727859 0.471295
14764 0.727919 0.47126
14765 0.72799 0.471227
14766 0.72804 0.471188
14767 0.728072 0.471145
14768 0.728105 0.471121
14769 0.728138 0.471114
14770 0.728156 0.4711
14771 0.728175 0.471102
14772 0.728197 0.471119
14773 0.728203 0.471126
14774 0.728196 0.471123
14775 0.728176 0.471111
14776 0.728162 0.471116
14777 0.728154 0.471136
14778 0.728133 0.471145
14779 0.728102 0.471144
14780 0.72806 0.471134
14781 0.72801 0.471117
14782 0.727981 0.471099
14783 0.727969 0.471081
14784 0.727947 0.471056
14785 0.72793 0.471048
14786 0.727901 0.471033
14787 0.727863 0.47101
14788 0.727832 0.471005
14789 0.727792 0.470991
14790 0.727759 0.470994
14791 0.727716 0.470988
14792 0.727665 0.470973
14793 0.727606 0.470951
14794 0.727539 0.470923
14795 0.727467 0.470888
14796 0.727389 0.470848
14797 0.727306 0.470804
14798 0.727218 0.470755
14799 0.727142 0.470726
14800 0.727061 0.470691
14801 0.726991 0.470675
14802 0.726932 0.470676
14803 0.726882 0.470692
14804 0.72684 0.470722
14805 0.726806 0.470764
14806 0.726762 0.470793
14807 0.72671 0.470811
14808 0.72665 0.470818
14809 0.726599 0.47084
14810 0.726557 0.470875
14811 0.726522 0.470922
14812 0.726494 0.470979
14813 0.726472 0.471046
14814 0.726439 0.471097
14815 0.726397 0.471135
14816 0.726362 0.471185
14817 0.726334 0.471244
14818 0.726312 0.471313
14819 0.726279 0.471367
14820 0.726236 0.471406
14821 0.726184 0.471434
14822 0.726125 0.471449
14823 0.726058 0.471455
14824 0.725985 0.471452
14825 0.725906 0.47144
14826 0.725838 0.471445
14827 0.72578 0.471465
14828 0.725714 0.471474
14829 0.725642 0.471474
14830 0.725565 0.471466
14831 0.725481 0.471449
14832 0.725409 0.47145
14833 0.725348 0.471466
14834 0.725296 0.471496
14835 0.725252 0.471538
14836 0.725215 0.471591
14837 0.725169 0.471631
14838 0.725131 0.471682
14839 0.725099 0.471743
14840 0.725058 0.47179
14841 0.725007 0.471823
14842 0.724962 0.471838
14843 0.724923 0.471836
14844 0.724888 0.471818
14845 0.724857 0.471786
14846 0.724832 0.471773
14847 0.724813 0.471776
14848 0.724799 0.471795
14849 0.724787 0.471796
14850 0.724777 0.471781
14851 0.724769 0.471752
14852 0.724764 0.471742
14853 0.724763 0.471748
14854 0.724765 0.471768
14855 0.724754 0.471779
14856 0.72473 0.47178
14857 0.724695 0.471773
14858 0.724679 0.471765
14859 0.72468 0.471755
14860 0.724697 0.471744
14861 0.724727 0.471731
14862 0.724758 0.471736
14863 0.724788 0.471755
14864 0.724818 0.471788
14865 0.724832 0.471809
14866 0.72483 0.471821
14867 0.724845 0.471829
14868 0.724874 0.471833
14869 0.724886 0.47183
14870 0.724912 0.471824
14871 0.724952 0.471817
14872 0.724974 0.471802
14873 0.724981 0.471781
14874 0.724973 0.471754
14875 0.724953 0.471721
14876 0.724922 0.471683
14877 0.724909 0.471647
14878 0.724913 0.471612
14879 0.724903 0.471573
14880 0.72491 0.471535
14881 0.724931 0.471499
14882 0.724938 0.471458
14883 0.72493 0.471413
14884 0.724938 0.471371
14885 0.724933 0.471324
14886 0.724943 0.47128
14887 0.72494 0.471231
14888 0.724923 0.47118
14889 0.72491 0.471148
14890 0.724886 0.471112
14891 0.724879 0.471077
14892 0.724875 0.471061
14893 0.724874 0.471063
14894 0.724875 0.471079
14895 0.724879 0.47111
14896 0.724897 0.471135
14897 0.724929 0.471156
14898 0.724974 0.471173
14899 0.725016 0.471204
14900 0.725041 0.471223
14901 0.72505 0.471232
14902 0.725045 0.471231
14903 0.725027 0.471223
14904 0.724997 0.471207
14905 0.724973 0.471208
14906 0.724953 0.471224
14907 0.724951 0.471237
14908 0.724964 0.471247
14909 0.724992 0.471254
14910 0.725033 0.471258
14911 0.725085 0.47126
14912 0.725147 0.47126
14913 0.725219 0.471259
14914 0.72527 0.471249
14915 0.725303 0.471231
14916 0.72532 0.471207
14917 0.725321 0.471177
14918 0.72531 0.471142
14919 0.725301 0.471125
14920 0.725295 0.471126
14921 0.725291 0.471143
14922 0.725275 0.471149
14923 0.725247 0.471146
14924 0.725208 0.471136
14925 0.725175 0.471141
14926 0.725148 0.471162
14927 0.725138 0.471179
14928 0.725145 0.471192
14929 0.725167 0.471202
14930 0.725203 0.471208
14931 0.725221 0.471205
14932 0.72524 0.471219
14933 0.725272 0.471229
14934 0.725316 0.471235
14935 0.725343 0.471233
14936 0.725353 0.471223
14937 0.725349 0.471206
14938 0.725333 0.471182
14939 0.725333 0.471158
14940 0.725349 0.471134
14941 0.725379 0.471111
14942 0.725421 0.471088
14943 0.725461 0.471082
14944 0.725499 0.471093
14945 0.725534 0.471119
14946 0.725567 0.471157
14947 0.725598 0.471207
14948 0.725613 0.471244
14949 0.725613 0.471269
14950 0.7256 0.471283
14951 0.725575 0.471288
14952 0.725539 0.471283
14953 0.725493 0.471271
14954 0.725452 0.471245
14955 0.725432 0.471219
14956 0.725429 0.471194
14957 0.725441 0.471169
14958 0.725454 0.471162
14959 0.725467 0.47114
14960 0.725479 0.471137
14961 0.725492 0.471149
14962 0.725505 0.471175
14963 0.725517 0.471183
14964 0.725529 0.471175
14965 0.725541 0.471183
14966 0.725554 0.471206
14967 0.725552 0.471219
14968 0.725536 0.471222
14969 0.725524 0.47124
14970 0.725514 0.471272
14971 0.725506 0.471285
14972 0.725499 0.471281
14973 0.725495 0.471294
14974 0.725477 0.471296
14975 0.725448 0.47129
14976 0.725423 0.471301
14977 0.725402 0.471325
14978 0.725384 0.471364
14979 0.725369 0.471414
14980 0.725343 0.47145
14981 0.725305 0.471475
14982 0.725258 0.471488
14983 0.725232 0.471499
14984 0.725223 0.471505
14985 0.725216 0.471496
14986 0.725211 0.471472
14987 0.725207 0.471434
14988 0.725204 0.471385
14989 0.725203 0.471356
14990 0.725202 0.471346
14991 0.725203 0.471321
14992 0.725204 0.471282
14993 0.725206 0.471232
14994 0.725209 0.471203
14995 0.725212 0.471192
14996 0.725216 0.471198
14997 0.72522 0.471219
14998 0.725211 0.47123
14999 0.725189 0.471231
15000 0.725171 0.471248
