14000 0.812915 0.616914
14001 0.812916 0.616928
14002 0.812931 0.616934
14003 0.812959 0.616933
14004 0.812977 0.616946
14005 0.812995 0.616942
14006 0.813011 0.616923
14007 0.81302 0.61692
14008 0.813028 0.616902
14009 0.813037 0.61687
14010 0.813045 0.616825
14011 0.813046 0.616799
14012 0.813042 0.616791
14013 0.813038 0.616767
14014 0.813049 0.616739
14015 0.813072 0.616707
14016 0.813087 0.616693
14017 0.813095 0.616694
14018 0.813095 0.61671
14019 0.81309 0.616738
14020 0.813079 0.616778
14021 0.81307 0.616798
14022 0.813062 0.616801
14023 0.813056 0.616788
14024 0.813051 0.616761
14025 0.813048 0.61672
14026 0.813045 0.616669
14027 0.813037 0.616636
14028 0.81303 0.616592
14029 0.813025 0.616536
14030 0.813021 0.61647
14031 0.813018 0.616395
14032 0.813016 0.616312
14033 0.813009 0.616252
14034 0.813002 0.616182
14035 0.812991 0.616134
14036 0.812974 0.616104
14037 0.812952 0.616092
14038 0.812934 0.616066
14039 0.812931 0.616035
14040 0.812942 0.616
14041 0.812967 0.615962
14042 0.812989 0.615911
14043 0.81301 0.615851
14044 0.81303 0.61578
14045 0.813042 0.615731
14046 0.813046 0.615702
14047 0.813044 0.615689
14048 0.813035 0.615692
14049 0.813021 0.61571
14050 0.813003 0.615739
14051 0.81298 0.615781
14052 0.812953 0.615832
14053 0.812923 0.615893
14054 0.812889 0.615962
14055 0.812853 0.616038
14056 0.812814 0.616122
14057 0.812793 0.616189
14058 0.812788 0.616243
14059 0.812797 0.616285
14060 0.812807 0.616307
14061 0.812816 0.616311
14062 0.812825 0.616299
14063 0.812834 0.616272
14064 0.812836 0.616263
14065 0.812831 0.616269
14066 0.812821 0.616289
14067 0.812806 0.616321
14068 0.812785 0.616364
14069 0.812761 0.616417
14070 0.81274 0.616449
14071 0.812722 0.616463
14072 0.81272 0.616468
14073 0.812731 0.616465
14074 0.812756 0.616456
14075 0.812792 0.61644
14076 0.812838 0.61642
14077 0.812894 0.616394
14078 0.812945 0.616355
14079 0.812992 0.616304
14080 0.813035 0.616243
14081 0.813074 0.616172
14082 0.813111 0.616093
14083 0.813137 0.616036
14084 0.813154 0.615999
14085 0.813164 0.61598
14086 0.813173 0.615947
14087 0.813182 0.615902
14088 0.813184 0.615875
14089 0.813179 0.615866
14090 0.813168 0.615872
14091 0.813152 0.615891
14092 0.813132 0.615923
14093 0.813107 0.615966
14094 0.813078 0.61602
14095 0.813045 0.616082
14096 0.813009 0.616152
14097 0.812971 0.61623
14098 0.812937 0.616284
14099 0.812908 0.616317
14100 0.812882 0.616331
14101 0.81286 0.616328
14102 0.812841 0.61631
14103 0.812824 0.616278
14104 0.812803 0.616264
14105 0.812797 0.616244
14106 0.812807 0.616219
14107 0.812829 0.616189
14108 0.812863 0.616155
14109 0.812887 0.616139
14110 0.812902 0.616139
14111 0.81291 0.616153
14112 0.81291 0.61618
14113 0.812924 0.616197
14114 0.81295 0.616205
14115 0.812967 0.616227
14116 0.812977 0.61626
14117 0.812978 0.616305
14118 0.812973 0.616359
14119 0.81297 0.616393
14120 0.812967 0.616407
14121 0.812966 0.616404
14122 0.812965 0.616386
14123 0.812965 0.616354
14124 0.812966 0.61631
14125 0.812967 0.616255
14126 0.812969 0.616189
14127 0.812972 0.616115
14128 0.812967 0.616062
14129 0.812957 0.616028
14130 0.812941 0.616013
14131 0.812927 0.615983
14132 0.812916 0.61594
14133 0.812906 0.615886
14134 0.812898 0.615822
14135 0.812891 0.615749
14136 0.812879 0.615697
14137 0.812861 0.615664
14138 0.812838 0.615649
14139 0.812819 0.61562
14140 0.812802 0.615578
14141 0.812787 0.615525
14142 0.812767 0.615491
14143 0.812742 0.615475
14144 0.812713 0.615474
14145 0.812688 0.615458
14146 0.812666 0.615428
14147 0.812639 0.615415
14148 0.812629 0.615396
14149 0.812634 0.615372
14150 0.812631 0.615364
14151 0.812622 0.615371
14152 0.812607 0.615392
14153 0.812587 0.615424
14154 0.812563 0.615468
14155 0.812541 0.615491
14156 0.812522 0.615497
14157 0.812498 0.615516
14158 0.81247 0.615547
14159 0.812446 0.615559
14160 0.812424 0.615555
14161 0.812398 0.615565
14162 0.812367 0.615588
14163 0.812333 0.615624
14164 0.812296 0.615669
14165 0.812256 0.615724
14166 0.812213 0.615788
14167 0.812174 0.61583
14168 0.812141 0.615852
14169 0.81211 0.615856
14170 0.812084 0.615844
14171 0.81206 0.615818
14172 0.812039 0.615778
14173 0.812021 0.615727
14174 0.812005 0.615666
14175 0.811991 0.615595
14176 0.811971 0.615545
14177 0.811947 0.615514
14178 0.811918 0.6155
14179 0.811886 0.615502
14180 0.811849 0.615518
14181 0.81181 0.615546
14182 0.811767 0.615586
14183 0.811722 0.615635
14184 0.811675 0.615694
14185 0.811625 0.615761
14186 0.811574 0.615835
14187 0.811521 0.615916
14188 0.811466 0.616003
14189 0.81141 0.616095
14190 0.81136 0.616163
14191 0.811308 0.616237
14192 0.811255 0.616319
14193 0.8112 0.616406
14194 0.811144 0.616499
14195 0.811107 0.616575
14196 0.811088 0.616636
14197 0.811085 0.616684
14198 0.811096 0.616721
14199 0.811119 0.616746
14200 0.811155 0.616761
14201 0.811186 0.61676
14202 0.811208 0.616772
14203 0.811221 0.616798
14204 0.811226 0.616835
14205 0.811224 0.616882
14206 0.811222 0.616909
14207 0.811221 0.616918
14208 0.811234 0.616919
14209 0.811259 0.616912
14210 0.811296 0.616899
14211 0.811342 0.61688
14212 0.811398 0.616856
14213 0.811462 0.616827
14214 0.81152 0.616785
14215 0.811573 0.616732
14216 0.811614 0.616698
14217 0.81165 0.616652
14218 0.811684 0.616595
14219 0.811715 0.616528
14220 0.811743 0.616452
14221 0.811768 0.616368
14222 0.811792 0.616277
14223 0.811813 0.616179
14224 0.811833 0.616076
14225 0.811844 0.615997
14226 0.811847 0.615939
14227 0.811843 0.615902
14228 0.811833 0.615883
14229 0.811817 0.615879
14230 0.811795 0.61589
14231 0.811776 0.615884
14232 0.811753 0.615893
14233 0.811732 0.615885
14234 0.811713 0.615863
14235 0.811697 0.615827
14236 0.811683 0.615779
14237 0.811663 0.61575
14238 0.811639 0.615738
14239 0.81161 0.615741
14240 0.811577 0.615757
14241 0.81154 0.615786
14242 0.8115 0.615827
14243 0.811465 0.615847
14244 0.811433 0.61585
14245 0.811405 0.615837
14246 0.811381 0.61581
14247 0.811359 0.615769
14248 0.811339 0.615717
14249 0.811315 0.615685
14250 0.811293 0.61564
14251 0.811267 0.615613
14252 0.811236 0.615603
14253 0.811209 0.615578
14254 0.811185 0.615541
14255 0.811164 0.615491
14256 0.811137 0.615461
14257 0.811107 0.615447
14258 0.811072 0.615449
14259 0.811034 0.615464
14260 0.811013 0.615471
14261 0.811009 0.61547
14262 0.811019 0.615462
14263 0.811021 0.615469
14264 0.811015 0.615489
14265 0.811003 0.615521
14266 0.810986 0.615563
14267 0.810963 0.615616
14268 0.810943 0.615648
14269 0.810925 0.61566
14270 0.810901 0.615686
14271 0.810874 0.615723
14272 0.810842 0.61577
14273 0.810806 0.615827
14274 0.810767 0.615892
14275 0.810725 0.615965
14276 0.81068 0.616044
14277 0.810633 0.61613
14278 0.810604 0.6162
14279 0.810579 0.616247
14280 0.810556 0.616274
14281 0.810536 0.616283
14282 0.810518 0.616275
14283 0.810502 0.616252
14284 0.81048 0.616245
14285 0.810454 0.616253
14286 0.810424 0.616275
14287 0.810396 0.616278
14288 0.810372 0.616266
14289 0.81035 0.616239
14290 0.810331 0.616199
14291 0.810313 0.616148
14292 0.810298 0.616086
14293 0.810277 0.616045
14294 0.810251 0.616021
14295 0.81022 0.616013
14296 0.810193 0.615991
14297 0.810182 0.615964
14298 0.810186 0.615932
14299 0.810204 0.615896
14300 0.810233 0.615856
14301 0.810274 0.615813
14302 0.810324 0.615767
14303 0.810383 0.615718
14304 0.81045 0.615667
14305 0.810524 0.615614
14306 0.810591 0.61555
14307 0.810652 0.615478
14308 0.810706 0.615396
14309 0.810756 0.615308
14310 0.810801 0.615212
14311 0.810834 0.61514
14312 0.810857 0.615089
14313 0.810877 0.615028
14314 0.810896 0.614957
14315 0.810906 0.614906
14316 0.810907 0.614875
14317 0.810901 0.614861
14318 0.810888 0.614861
14319 0.81089 0.614855
14320 0.810906 0.614841
14321 0.810934 0.614822
14322 0.810973 0.614797
14323 0.811001 0.614789
14324 0.811018 0.614795
14325 0.811048 0.614793
14326 0.811088 0.614784
14327 0.811118 0.61479
14328 0.811136 0.614809
14329 0.811146 0.61484
14330 0.811147 0.614881
14331 0.811149 0.614903
14332 0.811151 0.614907
14333 0.811145 0.614925
14334 0.811133 0.614954
14335 0.811115 0.614994
14336 0.811091 0.615044
14337 0.811062 0.615103
14338 0.81105 0.615149
14339 0.811053 0.615183
14340 0.811048 0.615227
14341 0.811036 0.615281
14342 0.811018 0.615343
14343 0.810995 0.615412
14344 0.810988 0.615468
14345 0.810995 0.615511
14346 0.810994 0.615563
14347 0.810994 0.615594
14348 0.810994 0.615607
14349 0.810995 0.615602
14350 0.810996 0.615583
14351 0.810997 0.61555
14352 0.810999 0.615504
14353 0.810993 0.615477
14354 0.810981 0.615466
14355 0.810962 0.615471
14356 0.810946 0.615459
14357 0.810931 0.615432
14358 0.810911 0.615422
14359 0.810885 0.615427
14360 0.810855 0.615445
14361 0.810828 0.615446
14362 0.810804 0.615431
14363 0.810783 0.615402
14364 0.810764 0.61536
14365 0.810748 0.615307
14366 0.810734 0.615243
14367 0.810722 0.61517
14368 0.810711 0.615089
14369 0.810702 0.615
14370 0.810703 0.614933
14371 0.810695 0.614887
14372 0.810681 0.614859
14373 0.810661 0.614847
14374 0.810635 0.614851
14375 0.810626 0.614847
14376 0.810632 0.614835
14377 0.81065 0.614818
14378 0.810681 0.614795
14379 0.810722 0.614767
14380 0.810752 0.614755
14381 0.810771 0.614758
14382 0.810781 0.614775
14383 0.81079 0.614774
14384 0.810799 0.614758
14385 0.810807 0.614727
14386 0.810815 0.614684
14387 0.810823 0.61463
14388 0.810839 0.614594
14389 0.810861 0.614575
14390 0.810874 0.614572
14391 0.810877 0.614583
14392 0.810873 0.614606
14393 0.810862 0.614641
14394 0.810844 0.614686
14395 0.81082 0.61474
14396 0.810791 0.614802
14397 0.810758 0.614872
14398 0.810728 0.614919
14399 0.810694 0.614976
14400 0.810655 0.61504
14401 0.810613 0.615112
14402 0.810568 0.61519
14403 0.810541 0.615253
14404 0.81053 0.615302
14405 0.810535 0.615338
14406 0.810552 0.615364
14407 0.810561 0.615401
14408 0.810561 0.615447
14409 0.810553 0.615503
14410 0.810539 0.615568
14411 0.810519 0.615639
14412 0.810515 0.615696
14413 0.810512 0.615731
14414 0.810509 0.615748
14415 0.81052 0.615755
14416 0.810544 0.615755
14417 0.810558 0.615768
14418 0.810563 0.615793
14419 0.810561 0.61583
14420 0.810572 0.615856
14421 0.810597 0.615872
14422 0.810632 0.615879
14423 0.810657 0.615899
14424 0.81068 0.615902
14425 0.810701 0.615889
14426 0.81072 0.615861
14427 0.810737 0.61582
14428 0.810753 0.615768
14429 0.810768 0.615705
14430 0.810782 0.615634
14431 0.810803 0.615582
14432 0.81083 0.615549
14433 0.810863 0.615532
14434 0.8109 0.61553
14435 0.810943 0.615542
14436 0.81099 0.615566
14437 0.81104 0.6156
14438 0.811094 0.615645
14439 0.811143 0.615669
14440 0.811187 0.615675
14441 0.81122 0.615694
14442 0.811242 0.615726
14443 0.811263 0.615738
14444 0.811282 0.615734
14445 0.8113 0.615715
14446 0.811316 0.615682
14447 0.811332 0.615636
14448 0.811346 0.61558
14449 0.81136 0.615513
14450 0.811372 0.615438
14451 0.811377 0.615384
14452 0.811374 0.615349
14453 0.811364 0.615332
14454 0.811347 0.61533
14455 0.811326 0.615343
14456 0.811299 0.615368
14457 0.811268 0.615405
14458 0.811232 0.615451
14459 0.811193 0.615507
14460 0.811151 0.615572
14461 0.811106 0.615643
14462 0.811079 0.6157
14463 0.811068 0.615744
14464 0.811073 0.615776
14465 0.81109 0.615796
14466 0.811119 0.615808
14467 0.811146 0.615802
14468 0.811179 0.61581
14469 0.811216 0.615831
14470 0.811259 0.615862
14471 0.811306 0.615904
14472 0.811356 0.615954
14473 0.811411 0.616013
14474 0.811468 0.616079
14475 0.811528 0.616151
14476 0.811591 0.61623
14477 0.811647 0.616285
14478 0.811698 0.616319
14479 0.811745 0.616333
14480 0.811787 0.616331
14481 0.811833 0.616342
14482 0.811883 0.616365
14483 0.811937 0.616399
14484 0.811985 0.616414
14485 0.812029 0.616412
14486 0.812069 0.616394
14487 0.812105 0.616363
14488 0.812138 0.616319
14489 0.812168 0.616263
14490 0.812204 0.616227
14491 0.812244 0.616207
14492 0.812289 0.616203
14493 0.812337 0.616212
14494 0.81239 0.616233
14495 0.812445 0.616266
14496 0.812496 0.616279
14497 0.812541 0.616276
14498 0.812583 0.616257
14499 0.812629 0.616253
14500 0.812679 0.616263
14501 0.812737 0.616264
14502 0.812804 0.616258
14503 0.812877 0.616245
14504 0.812952 0.616247
14505 0.813028 0.616262
14506 0.813105 0.616288
14507 0.813182 0.616325
14508 0.813261 0.616371
14509 0.81334 0.616426
14510 0.813412 0.616459
14511 0.813477 0.616474
14512 0.813537 0.616471
14513 0.813599 0.616482
14514 0.813663 0.616505
14515 0.813729 0.616539
14516 0.813798 0.616582
14517 0.813868 0.616635
14518 0.81394 0.616695
14519 0.814013 0.616762
14520 0.814087 0.616836
14521 0.814163 0.616915
14522 0.814231 0.616971
14523 0.814294 0.617005
14524 0.814351 0.617021
14525 0.814395 0.617048
14526 0.814428 0.617088
14527 0.814451 0.617137
14528 0.814465 0.617196
14529 0.81447 0.617262
14530 0.814468 0.617337
14531 0.814459 0.617417
14532 0.814445 0.617504
14533 0.814425 0.617597
14534 0.8144 0.617694
14535 0.814371 0.617796
14536 0.814337 0.617902
14537 0.814322 0.617989
14538 0.814321 0.618061
14539 0.814335 0.618119
14540 0.814362 0.618164
14541 0.814399 0.618197
14542 0.814447 0.61822
14543 0.814475 0.618241
14544 0.814484 0.618262
14545 0.814476 0.618282
14546 0.814454 0.618301
14547 0.814448 0.618312
14548 0.814456 0.618314
14549 0.814478 0.618309
14550 0.814511 0.618297
14551 0.814542 0.61827
14552 0.81457 0.618231
14553 0.814596 0.61818
14554 0.814604 0.618135
14555 0.814611 0.618079
14556 0.814619 0.618014
14557 0.814626 0.617939
14558 0.814634 0.617855
14559 0.814641 0.617765
14560 0.814648 0.617668
14561 0.814648 0.617594
14562 0.814648 0.617513
14563 0.814649 0.617424
14564 0.81465 0.617328
14565 0.814652 0.617226
14566 0.814639 0.617135
14567 0.81461 0.617055
14568 0.814569 0.616984
14569 0.814517 0.616921
14570 0.814463 0.616878
14571 0.814423 0.616853
14572 0.814396 0.616843
14573 0.814381 0.616848
14574 0.814377 0.616864
14575 0.814373 0.616863
14576 0.814371 0.616847
14577 0.814369 0.616816
14578 0.814376 0.616802
14579 0.814392 0.616801
14580 0.814415 0.616814
14581 0.814445 0.616838
14582 0.814481 0.616873
14583 0.814522 0.616917
14584 0.814568 0.616969
14585 0.814619 0.617029
14586 0.814658 0.617098
14587 0.814686 0.617173
14588 0.814705 0.617256
14589 0.814716 0.617344
14590 0.814719 0.617438
14591 0.814715 0.617536
14592 0.814712 0.617609
14593 0.81471 0.617659
14594 0.814708 0.617689
14595 0.814708 0.6177
14596 0.814721 0.617702
14597 0.814734 0.617689
14598 0.814745 0.617661
14599 0.81475 0.61765
14600 0.814747 0.617655
14601 0.814738 0.617673
14602 0.81473 0.617674
14603 0.814708 0.617676
14604 0.814701 0.617671
14605 0.814709 0.617659
14606 0.814731 0.61764
14607 0.814764 0.617616
14608 0.814807 0.617587
14609 0.81486 0.617554
14610 0.814921 0.617517
14611 0.814991 0.617475
14612 0.815037 0.61744
14613 0.815064 0.617409
14614 0.815072 0.617383
14615 0.815079 0.617344
14616 0.815087 0.617293
14617 0.815094 0.617232
14618 0.815094 0.617191
14619 0.815088 0.617168
14620 0.815083 0.617132
14621 0.815078 0.617084
14622 0.815075 0.617025
14623 0.815056 0.616973
14624 0.815024 0.616928
14625 0.814979 0.616889
14626 0.814948 0.616866
14627 0.814929 0.616858
14628 0.814922 0.616864
14629 0.814924 0.616882
14630 0.814935 0.616911
14631 0.814954 0.61695
14632 0.814956 0.616986
14633 0.814942 0.61702
14634 0.814929 0.617035
14635 0.814918 0.617033
14636 0.814909 0.617015
14637 0.81491 0.617012
14638 0.814919 0.617021
14639 0.814937 0.617043
14640 0.814962 0.617075
14641 0.81497 0.617105
14642 0.81496 0.617134
14643 0.814936 0.617161
14644 0.814899 0.617187
14645 0.814875 0.617223
14646 0.814862 0.617268
14647 0.81486 0.617322
14648 0.814867 0.617383
14649 0.814882 0.61745
14650 0.814905 0.617523
14651 0.814926 0.617574
14652 0.814945 0.617604
14653 0.814963 0.617615
14654 0.814979 0.617609
14655 0.815002 0.617617
14656 0.815033 0.617636
14657 0.815069 0.617666
14658 0.815111 0.617707
14659 0.815158 0.617755
14660 0.8152 0.617783
14661 0.815239 0.617793
14662 0.815283 0.617815
14663 0.815332 0.617847
14664 0.815376 0.61786
14665 0.815425 0.617884
14666 0.815479 0.617919
14667 0.815527 0.617934
14668 0.815555 0.61795
14669 0.815565 0.617966
14670 0.815583 0.617992
14671 0.815583 0.618018
14672 0.815568 0.618043
14673 0.815539 0.618067
14674 0.815522 0.618101
14675 0.815516 0.618144
14676 0.81552 0.618196
14677 0.815537 0.618235
14678 0.815537 0.618273
14679 0.815521 0.618307
14680 0.815491 0.618341
14681 0.815465 0.618355
14682 0.815442 0.618352
14683 0.815421 0.618333
14684 0.815403 0.618301
14685 0.815387 0.618256
14686 0.815373 0.6182
14687 0.815369 0.618163
14688 0.815375 0.618142
14689 0.81539 0.618135
14690 0.815388 0.618131
14691 0.81537 0.618129
14692 0.815354 0.618111
14693 0.81534 0.618079
14694 0.815337 0.618064
14695 0.815343 0.618062
14696 0.815358 0.618073
14697 0.815381 0.618096
14698 0.815411 0.61813
14699 0.815447 0.618172
14700 0.815464 0.618212
14701 0.815463 0.61825
14702 0.815463 0.618268
14703 0.815463 0.618268
14704 0.815464 0.618253
14705 0.815474 0.618252
14706 0.815492 0.618264
14707 0.815517 0.618287
14708 0.815524 0.61831
14709 0.815515 0.618332
14710 0.815491 0.618353
14711 0.815454 0.618374
14712 0.815405 0.618394
14713 0.815375 0.618405
14714 0.815362 0.618407
14715 0.815335 0.618411
14716 0.815294 0.618416
14717 0.815242 0.618422
14718 0.81518 0.618429
14719 0.815137 0.618428
14720 0.815113 0.61842
14721 0.815105 0.618405
14722 0.815112 0.618385
14723 0.815132 0.618359
14724 0.815164 0.618328
14725 0.815207 0.618294
14726 0.815229 0.618264
14727 0.815234 0.618239
14728 0.815223 0.618218
14729 0.815197 0.6182
14730 0.815158 0.618186
14731 0.815108 0.618174
14732 0.815062 0.618148
14733 0.815022 0.618109
14734 0.814995 0.618087
14735 0.814979 0.618079
14736 0.814966 0.618057
14737 0.814954 0.618021
14738 0.814943 0.617974
14739 0.814934 0.617915
14740 0.814926 0.617846
14741 0.814919 0.617769
14742 0.814913 0.617683
14743 0.814917 0.617619
14744 0.81493 0.617574
14745 0.81495 0.617547
14746 0.814977 0.617534
14747 0.814996 0.617538
14748 0.815005 0.617555
14749 0.815008 0.617585
14750 0.815003 0.617626
14751 0.814993 0.617677
14752 0.814977 0.617738
14753 0.814956 0.617806
14754 0.814931 0.617882
14755 0.814902 0.617965
14756 0.814889 0.618032
14757 0.814892 0.618085
14758 0.814908 0.618125
14759 0.814937 0.618154
14760 0.814962 0.618164
14761 0.814986 0.618158
14762 0.815008 0.618136
14763 0.815036 0.618129
14764 0.815071 0.618136
14765 0.815111 0.618155
14766 0.815157 0.618185
14767 0.815207 0.618224
14768 0.815261 0.618273
14769 0.815319 0.618329
14770 0.815381 0.618392
14771 0.815445 0.618462
14772 0.815512 0.618538
14773 0.815557 0.618607
14774 0.815582 0.618672
14775 0.815588 0.618731
14776 0.815595 0.618769
14777 0.815601 0.618787
14778 0.815607 0.618788
14779 0.815613 0.618773
14780 0.815619 0.618744
14781 0.815618 0.618732
14782 0.81561 0.618736
14783 0.815597 0.618753
14784 0.815586 0.618753
14785 0.815576 0.618738
14786 0.815568 0.618708
14787 0.815561 0.618665
14788 0.815555 0.618611
14789 0.81555 0.618547
14790 0.815546 0.618473
14791 0.815536 0.618421
14792 0.815521 0.618389
14793 0.8155 0.618374
14794 0.815475 0.618375
14795 0.815447 0.61839
14796 0.815414 0.618418
14797 0.815399 0.618436
14798 0.815399 0.618444
14799 0.815392 0.618466
14800 0.81538 0.6185
14801 0.815362 0.618545
14802 0.815346 0.61857
14803 0.815333 0.618576
14804 0.815314 0.618596
14805 0.815291 0.618629
14806 0.815263 0.618672
14807 0.815232 0.618726
14808 0.815197 0.618788
14809 0.81515 0.618846
14810 0.815122 0.61889
14811 0.81511 0.618923
14812 0.815114 0.618945
14813 0.815101 0.618966
14814 0.815074 0.618987
14815 0.815034 0.619007
14816 0.814983 0.619027
14817 0.81492 0.619046
14818 0.814849 0.619066
14819 0.814769 0.619084
14820 0.814711 0.619094
14821 0.814673 0.619095
14822 0.814652 0.619089
14823 0.814618 0.619085
14824 0.814587 0.619066
14825 0.81456 0.619033
14826 0.814536 0.618988
14827 0.814514 0.618931
14828 0.814495 0.618865
14829 0.814478 0.618789
14830 0.814462 0.618705
14831 0.814449 0.618614
14832 0.814437 0.618516
14833 0.814426 0.618413
14834 0.814417 0.618304
14835 0.814409 0.61819
14836 0.814401 0.618072
14837 0.814395 0.61795
14838 0.81439 0.617824
14839 0.814385 0.617695
14840 0.814389 0.617592
14841 0.814403 0.617513
14842 0.814424 0.617454
14843 0.814443 0.617385
14844 0.814453 0.617337
14845 0.814456 0.617308
14846 0.814452 0.617297
14847 0.814441 0.617301
14848 0.814425 0.617318
14849 0.814424 0.617326
14850 0.814437 0.617326
14851 0.814463 0.617319
14852 0.814479 0.617327
14853 0.814487 0.617348
14854 0.814488 0.617381
14855 0.814482 0.617425
14856 0.81446 0.617465
14857 0.814455 0.617495
14858 0.814443 0.617535
14859 0.814426 0.617586
14860 0.814404 0.617646
14861 0.814377 0.617714
14862 0.814367 0.617767
14863 0.814371 0.617808
14864 0.814368 0.617859
14865 0.814359 0.617919
14866 0.814344 0.617987
14867 0.814324 0.618063
14868 0.814299 0.618145
14869 0.81427 0.618233
14870 0.814257 0.618304
14871 0.81426 0.618361
14872 0.814255 0.618427
14873 0.814244 0.6185
14874 0.814228 0.61858
14875 0.814206 0.618666
14876 0.81418 0.618758
14877 0.81417 0.618833
14878 0.814161 0.618885
14879 0.814153 0.618916
14880 0.814146 0.618928
14881 0.81414 0.618924
14882 0.814135 0.618904
14883 0.81413 0.61887
14884 0.814126 0.618824
14885 0.814116 0.618797
14886 0.8141 0.618787
14887 0.814079 0.618792
14888 0.814074 0.618789
14889 0.814083 0.61878
14890 0.814105 0.618764
14891 0.814139 0.618742
14892 0.814154 0.618724
14893 0.814152 0.618709
14894 0.814134 0.618697
14895 0.814103 0.618687
14896 0.814059 0.61868
14897 0.814033 0.618666
14898 0.81401 0.618638
14899 0.813989 0.618597
14900 0.813971 0.618544
14901 0.813954 0.618481
14902 0.81394 0.618409
14903 0.813926 0.618328
14904 0.813915 0.618239
14905 0.813904 0.618144
14906 0.813895 0.618043
14907 0.81388 0.617965
14908 0.813859 0.61791
14909 0.813834 0.617875
14910 0.813804 0.617857
14911 0.813771 0.617855
14912 0.813734 0.617867
14913 0.8137 0.617863
14914 0.81367 0.617843
14915 0.813652 0.617838
14916 0.813645 0.617847
14917 0.813638 0.617839
14918 0.813633 0.617816
14919 0.813627 0.61778
14920 0.813622 0.617731
14921 0.813611 0.617702
14922 0.813601 0.61766
14923 0.813585 0.617636
14924 0.813571 0.617599
14925 0.813551 0.617579
14926 0.813526 0.617576
14927 0.813497 0.617587
14928 0.813464 0.617611
14929 0.813448 0.617625
14930 0.813447 0.61763
14931 0.813439 0.617649
14932 0.813425 0.61768
14933 0.813406 0.617722
14934 0.813381 0.617773
14935 0.813352 0.617834
14936 0.813326 0.617873
14937 0.813295 0.617922
14938 0.813261 0.61798
14939 0.813223 0.618046
14940 0.813202 0.618098
14941 0.813197 0.618138
14942 0.813207 0.618166
14943 0.813224 0.618204
14944 0.813248 0.618251
14945 0.813278 0.618307
14946 0.813306 0.618342
14947 0.81333 0.618357
14948 0.813352 0.618355
14949 0.813372 0.618338
14950 0.813398 0.618336
14951 0.813422 0.618318
14952 0.813443 0.618286
14953 0.813462 0.618242
14954 0.813473 0.618216
14955 0.813475 0.618207
14956 0.81347 0.618213
14957 0.813459 0.618232
14958 0.813441 0.618263
14959 0.813419 0.618306
14960 0.813391 0.618358
14961 0.813381 0.618397
14962 0.813385 0.618426
14963 0.813389 0.618436
14964 0.813393 0.618429
14965 0.813396 0.618407
14966 0.813398 0.618372
14967 0.813401 0.618324
14968 0.813403 0.618266
14969 0.813398 0.618227
14970 0.813386 0.618207
14971 0.813369 0.618202
14972 0.813347 0.618212
14973 0.81332 0.618235
14974 0.813288 0.61827
14975 0.813253 0.618316
14976 0.813214 0.618371
14977 0.813172 0.618435
14978 0.813128 0.618506
14979 0.813081 0.618584
14980 0.813031 0.618669
14981 0.81298 0.618759
14982 0.812947 0.618833
14983 0.812918 0.618883
14984 0.812891 0.618913
14985 0.812867 0.618925
14986 0.812838 0.618949
14987 0.812806 0.618985
14988 0.812784 0.61903
14989 0.812774 0.619084
14990 0.812764 0.619117
14991 0.812756 0.619131
14992 0.812748 0.619127
14993 0.81274 0.619109
14994 0.812733 0.619076
14995 0.812727 0.619032
14996 0.812729 0.619005
14997 0.81274 0.618993
14998 0.81275 0.618967
14999 0.812759 0.618928
15000 0.812766 0.618878
