14000 0.892061 0.529412
14001 0.892067 0.52939
14002 0.892063 0.529358
14003 0.892045 0.529338
14004 0.892016 0.529327
14005 0.891976 0.529325
14006 0.891953 0.529332
14007 0.891946 0.529346
14008 0.891953 0.529367
14009 0.891973 0.529394
14010 0.892004 0.529426
14011 0.892046 0.529463
14012 0.892097 0.529489
14013 0.892156 0.529505
14014 0.8922 0.529507
14015 0.89223 0.529497
14016 0.892247 0.529475
14017 0.892253 0.529443
14018 0.892271 0.529423
14019 0.892301 0.529412
14020 0.892318 0.529391
14021 0.892324 0.529359
14022 0.89232 0.529318
14023 0.892307 0.529269
14024 0.892308 0.529233
14025 0.892322 0.529209
14026 0.892349 0.529195
14027 0.892386 0.529191
14028 0.892409 0.529175
14029 0.892421 0.529148
14030 0.892422 0.529111
14031 0.892414 0.529066
14032 0.892419 0.529033
14033 0.892438 0.529012
14034 0.892468 0.529001
14035 0.892508 0.528984
14036 0.892559 0.528961
14037 0.892618 0.528932
14038 0.892685 0.528899
14039 0.892731 0.528878
14040 0.89276 0.528866
14041 0.892772 0.528863
14042 0.892769 0.528869
14043 0.892754 0.528882
14044 0.892753 0.528886
14045 0.892739 0.528898
14046 0.892713 0.528917
14047 0.892677 0.528941
14048 0.892657 0.528956
14049 0.892654 0.528962
14050 0.892637 0.528975
14051 0.892608 0.528995
14052 0.892573 0.529
14053 0.892532 0.528993
14054 0.892486 0.528973
14055 0.892435 0.528944
14056 0.892379 0.528904
14057 0.892343 0.528877
14058 0.892323 0.528861
14059 0.892319 0.528854
14060 0.892328 0.528856
14061 0.89235 0.528866
14062 0.892361 0.528863
14063 0.892361 0.528847
14064 0.892351 0.528821
14065 0.892333 0.528784
14066 0.892307 0.528739
14067 0.892298 0.528707
14068 0.892302 0.528685
14069 0.89232 0.528674
14070 0.892349 0.528672
14071 0.892389 0.528678
14072 0.892438 0.528692
14073 0.892473 0.528692
14074 0.892495 0.528679
14075 0.892505 0.528655
14076 0.892528 0.528626
14077 0.892562 0.528593
14078 0.892606 0.528554
14079 0.89266 0.528513
14080 0.892694 0.528482
14081 0.892712 0.528463
14082 0.892714 0.528453
14083 0.892702 0.528452
14084 0.892705 0.528443
14085 0.892721 0.528427
14086 0.892722 0.52842
14087 0.892709 0.528422
14088 0.892683 0.528431
14089 0.892646 0.528446
14090 0.8926 0.528468
14091 0.892544 0.528495
14092 0.89248 0.528526
14093 0.892436 0.528547
14094 0.89241 0.528558
14095 0.8924 0.52856
14096 0.892405 0.528555
14097 0.892423 0.528542
14098 0.892453 0.528522
14099 0.892466 0.528512
14100 0.892464 0.528511
14101 0.892448 0.528517
14102 0.892448 0.528515
14103 0.892461 0.528505
14104 0.892486 0.528488
14105 0.892523 0.528466
14106 0.89257 0.528438
14107 0.892625 0.528404
14108 0.892689 0.528367
14109 0.892732 0.528341
14110 0.892758 0.528324
14111 0.892767 0.528317
14112 0.892761 0.528319
14113 0.89277 0.528312
14114 0.892791 0.528298
14115 0.892824 0.528278
14116 0.892867 0.528252
14117 0.892919 0.52822
14118 0.892979 0.5282
14119 0.89302 0.528189
14120 0.893043 0.528187
14121 0.893078 0.528178
14122 0.893095 0.528177
14123 0.893097 0.528183
14124 0.893085 0.528197
14125 0.89306 0.528216
14126 0.893052 0.528226
14127 0.893057 0.528227
14128 0.893076 0.528221
14129 0.893107 0.528207
14130 0.893148 0.528186
14131 0.893198 0.52816
14132 0.893257 0.528129
14133 0.893296 0.528109
14134 0.893318 0.528098
14135 0.893324 0.528096
14136 0.893316 0.528101
14137 0.893322 0.528099
14138 0.893341 0.528089
14139 0.893372 0.528072
14140 0.893413 0.528049
14141 0.893463 0.52802
14142 0.893495 0.528002
14143 0.89351 0.527994
14144 0.89351 0.527994
14145 0.893496 0.528001
14146 0.89347 0.528016
14147 0.893461 0.528021
14148 0.893465 0.528018
14149 0.893483 0.528007
14150 0.893513 0.52799
14151 0.893526 0.527982
14152 0.893524 0.527983
14153 0.893509 0.527991
14154 0.893482 0.528006
14155 0.893443 0.528028
14156 0.893395 0.528055
14157 0.893366 0.528071
14158 0.893326 0.528094
14159 0.893276 0.528122
14160 0.893244 0.528139
14161 0.89323 0.528147
14162 0.893203 0.528162
14163 0.893165 0.528183
14164 0.893118 0.52821
14165 0.893062 0.528242
14166 0.893024 0.528263
14167 0.893004 0.528274
14168 0.893 0.528276
14169 0.89301 0.52827
14170 0.893032 0.528257
14171 0.893065 0.528237
14172 0.893082 0.528227
14173 0.893083 0.528226
14174 0.893071 0.528233
14175 0.893046 0.528246
14176 0.893037 0.528251
14177 0.893043 0.528247
14178 0.893034 0.528251
14179 0.893013 0.528262
14180 0.89298 0.52828
14181 0.892937 0.528304
14182 0.892884 0.528333
14183 0.892823 0.528367
14184 0.892754 0.528405
14185 0.892679 0.528447
14186 0.892597 0.528492
14187 0.89251 0.52854
14188 0.892418 0.528592
14189 0.892321 0.528645
14190 0.89222 0.528701
14191 0.892143 0.528743
14192 0.892087 0.528789
14193 0.89205 0.528838
14194 0.892031 0.528891
14195 0.892026 0.528946
14196 0.892036 0.529004
14197 0.892058 0.529064
14198 0.892064 0.529126
14199 0.892056 0.529189
14200 0.892062 0.529238
14201 0.892081 0.529274
14202 0.892112 0.529299
14203 0.892153 0.529329
14204 0.892204 0.529364
14205 0.892262 0.529404
14206 0.892328 0.529449
14207 0.892401 0.529496
14208 0.89248 0.529532
14209 0.892565 0.529556
14210 0.892655 0.529569
14211 0.892722 0.52959
14212 0.892769 0.529615
14213 0.892825 0.529631
14214 0.892889 0.529637
14215 0.89296 0.529635
14216 0.893038 0.529626
14217 0.893098 0.529605
14218 0.893166 0.529594
14219 0.89324 0.529592
14220 0.893297 0.529578
14221 0.893336 0.529573
14222 0.893356 0.529577
14223 0.893366 0.529567
14224 0.893365 0.529546
14225 0.893378 0.52952
14226 0.893403 0.529489
14227 0.893439 0.529453
14228 0.893486 0.529413
14229 0.893541 0.529369
14230 0.893578 0.529338
14231 0.893597 0.529318
14232 0.893605 0.529287
14233 0.893599 0.529267
14234 0.893607 0.529241
14235 0.8936 0.529226
14236 0.893581 0.52922
14237 0.89355 0.529223
14238 0.893536 0.529218
14239 0.893537 0.529206
14240 0.893551 0.529187
14241 0.893551 0.529178
14242 0.893537 0.529177
14243 0.893511 0.529185
14244 0.893478 0.529179
14245 0.893439 0.529161
14246 0.893395 0.529133
14247 0.893369 0.5291
14248 0.893358 0.529062
14249 0.893363 0.529021
14250 0.893381 0.528976
14251 0.89341 0.528927
14252 0.89345 0.528876
14253 0.893473 0.528838
14254 0.89348 0.528811
14255 0.893472 0.528795
14256 0.893452 0.528789
14257 0.89342 0.52879
14258 0.893378 0.528799
14259 0.893326 0.528816
14260 0.893266 0.528838
14261 0.893198 0.528865
14262 0.893151 0.528883
14263 0.893122 0.52889
14264 0.893082 0.528905
14265 0.893033 0.528926
14266 0.892975 0.528952
14267 0.892909 0.528984
14268 0.892836 0.52902
14269 0.892756 0.52906
14270 0.892671 0.529104
14271 0.892581 0.529152
14272 0.892486 0.529202
14273 0.892387 0.529255
14274 0.892312 0.529294
14275 0.892258 0.529322
14276 0.892222 0.52934
14277 0.892204 0.529348
14278 0.892201 0.529347
14279 0.892212 0.529339
14280 0.892236 0.529339
14281 0.89227 0.529348
14282 0.892315 0.529364
14283 0.892368 0.52937
14284 0.89243 0.529368
14285 0.892472 0.529374
14286 0.892524 0.529372
14287 0.892556 0.529377
14288 0.892599 0.529374
14289 0.892651 0.529379
14290 0.892711 0.529392
14291 0.892779 0.529396
14292 0.892853 0.529392
14293 0.892934 0.52938
14294 0.89302 0.529378
14295 0.893111 0.529383
14296 0.893206 0.529397
14297 0.893305 0.529417
14298 0.893407 0.529443
14299 0.893486 0.529475
14300 0.89357 0.529511
14301 0.893659 0.529552
14302 0.893753 0.529597
14303 0.89385 0.529645
14304 0.893951 0.529681
14305 0.894056 0.529706
14306 0.894164 0.52972
14307 0.894275 0.529726
14308 0.894365 0.529718
14309 0.894437 0.529698
14310 0.894493 0.529667
14311 0.894534 0.529627
14312 0.894562 0.529578
14313 0.894578 0.529522
14314 0.894605 0.529463
14315 0.894644 0.529402
14316 0.894692 0.529356
14317 0.894722 0.529322
14318 0.894736 0.5293
14319 0.894735 0.529287
14320 0.89472 0.529284
14321 0.894693 0.529289
14322 0.894655 0.529301
14323 0.894635 0.529305
14324 0.894631 0.5293
14325 0.89464 0.529289
14326 0.894662 0.52927
14327 0.894673 0.529241
14328 0.894674 0.529202
14329 0.894666 0.529154
14330 0.894672 0.529103
14331 0.894691 0.52905
14332 0.894722 0.528994
14333 0.894763 0.528952
14334 0.894814 0.528922
14335 0.894873 0.528902
14336 0.89494 0.528893
14337 0.894986 0.528892
14338 0.895014 0.528899
14339 0.895026 0.528913
14340 0.895023 0.528933
14341 0.895006 0.528959
14342 0.894978 0.52899
14343 0.894966 0.529026
14344 0.894969 0.529066
14345 0.894958 0.52911
14346 0.894934 0.529157
14347 0.894899 0.529207
14348 0.894854 0.52926
14349 0.8948 0.529315
14350 0.894738 0.529373
14351 0.894668 0.529432
14352 0.894591 0.529493
14353 0.894536 0.529541
14354 0.8945 0.529576
14355 0.894481 0.529599
14356 0.894478 0.529612
14357 0.894488 0.529617
14358 0.894511 0.529613
14359 0.894546 0.529601
14360 0.89459 0.529599
14361 0.894643 0.529604
14362 0.894682 0.529597
14363 0.894708 0.529577
14364 0.894718 0.529567
14365 0.894714 0.529566
14366 0.894696 0.529573
14367 0.894694 0.529571
14368 0.894705 0.529562
14369 0.894729 0.529546
14370 0.894764 0.529524
14371 0.894809 0.529496
14372 0.894864 0.529464
14373 0.894926 0.529427
14374 0.894969 0.529401
14375 0.894993 0.529386
14376 0.895002 0.52938
14377 0.895023 0.529366
14378 0.895056 0.529347
14379 0.895099 0.529321
14380 0.895152 0.529291
14381 0.895186 0.529271
14382 0.895202 0.529261
14383 0.895204 0.52926
14384 0.895196 0.529246
14385 0.89518 0.52922
14386 0.895157 0.529184
14387 0.895123 0.52916
14388 0.895106 0.52913
14389 0.895076 0.529111
14390 0.895064 0.529101
14391 0.895066 0.529101
14392 0.895054 0.529108
14393 0.89503 0.529123
14394 0.894995 0.529143
14395 0.894949 0.52917
14396 0.894894 0.529201
14397 0.894859 0.529238
14398 0.894813 0.529278
14399 0.894759 0.529323
14400 0.894696 0.52937
14401 0.89463 0.529401
14402 0.894562 0.529415
14403 0.894514 0.529436
14404 0.894458 0.529463
14405 0.894393 0.529494
14406 0.894322 0.529531
14407 0.894244 0.529572
14408 0.894187 0.529616
14409 0.894149 0.529665
14410 0.894129 0.529716
14411 0.894124 0.529755
14412 0.894133 0.529782
14413 0.894155 0.529798
14414 0.894188 0.529806
14415 0.894204 0.52982
14416 0.894206 0.529841
14417 0.894193 0.529867
14418 0.894168 0.529899
14419 0.894133 0.529935
14420 0.894091 0.529956
14421 0.894068 0.529982
14422 0.894037 0.529993
14423 0.894023 0.530011
14424 0.894024 0.530019
14425 0.894038 0.530019
14426 0.894065 0.530011
14427 0.894102 0.529997
14428 0.894149 0.529992
14429 0.894205 0.529995
14430 0.894269 0.530007
14431 0.894317 0.530004
14432 0.894351 0.529989
14433 0.894373 0.529963
14434 0.894383 0.529926
14435 0.894384 0.529881
14436 0.894397 0.529848
14437 0.8944 0.529806
14438 0.894394 0.529755
14439 0.894402 0.529717
14440 0.8944 0.52967
14441 0.894389 0.529616
14442 0.894371 0.529554
14443 0.894367 0.529506
14444 0.894377 0.529471
14445 0.8944 0.529447
14446 0.894434 0.529434
14447 0.894455 0.52941
14448 0.894466 0.529375
14449 0.894466 0.529331
14450 0.894457 0.529278
14451 0.894463 0.529239
14452 0.894481 0.529212
14453 0.894511 0.529195
14454 0.894525 0.529188
14455 0.894524 0.529189
14456 0.894536 0.529199
14457 0.89456 0.529215
14458 0.894596 0.529237
14459 0.894641 0.529266
14460 0.894696 0.529299
14461 0.894759 0.529337
14462 0.894828 0.529379
14463 0.894905 0.529425
14464 0.894987 0.529475
14465 0.895052 0.529506
14466 0.895124 0.529543
14467 0.895202 0.529584
14468 0.895286 0.529629
14469 0.895352 0.529656
14470 0.895398 0.529689
14471 0.895431 0.529705
14472 0.895452 0.529707
14473 0.895461 0.529696
14474 0.895461 0.529674
14475 0.895451 0.529641
14476 0.895457 0.529619
14477 0.895475 0.529607
14478 0.895505 0.529604
14479 0.895545 0.52961
14480 0.895572 0.529602
14481 0.895588 0.529582
14482 0.895616 0.529572
14483 0.895654 0.529571
14484 0.89568 0.529557
14485 0.895716 0.529552
14486 0.895741 0.529535
14487 0.895749 0.529527
14488 0.895743 0.529529
14489 0.895724 0.529537
14490 0.89572 0.529553
14491 0.89573 0.529575
14492 0.895731 0.529582
14493 0.895722 0.529576
14494 0.895706 0.529557
14495 0.895705 0.529548
14496 0.895717 0.529547
14497 0.895742 0.529555
14498 0.895751 0.52957
14499 0.895745 0.529591
14500 0.895726 0.529618
14501 0.895723 0.52965
14502 0.895711 0.529666
14503 0.895692 0.529667
14504 0.895666 0.529656
14505 0.895634 0.529632
14506 0.895596 0.529598
14507 0.895575 0.529575
14508 0.89557 0.529562
14509 0.89558 0.529559
14510 0.895579 0.529542
14511 0.895592 0.529535
14512 0.895591 0.529537
14513 0.895576 0.529547
14514 0.895576 0.529563
14515 0.89559 0.529586
14516 0.895616 0.529614
14517 0.895653 0.529647
14518 0.895699 0.529685
14519 0.895728 0.529727
14520 0.89574 0.529772
14521 0.895738 0.529822
14522 0.895722 0.529874
14523 0.895695 0.529929
14524 0.895656 0.529986
14525 0.895635 0.53003
14526 0.895603 0.530077
14527 0.89556 0.530128
14528 0.895508 0.530181
14529 0.895448 0.530238
14530 0.89538 0.530296
14531 0.895305 0.530357
14532 0.895225 0.530419
14533 0.895166 0.530467
14534 0.895126 0.530503
14535 0.895104 0.530543
14536 0.895098 0.530587
14537 0.895105 0.530635
14538 0.895099 0.530685
14539 0.895079 0.530739
14540 0.895053 0.530774
14541 0.89502 0.530793
14542 0.894982 0.530798
14543 0.894938 0.530789
14544 0.89489 0.530768
14545 0.89486 0.530757
14546 0.894846 0.530739
14547 0.894848 0.530716
14548 0.894863 0.530687
14549 0.89489 0.530653
14550 0.894928 0.530614
14551 0.894953 0.530567
14552 0.894962 0.530532
14553 0.894957 0.530509
14554 0.894938 0.530496
14555 0.894909 0.530492
14556 0.894895 0.530481
14557 0.894897 0.530463
14558 0.894912 0.530439
14559 0.894938 0.530425
14560 0.894949 0.530421
14561 0.894945 0.530425
14562 0.894933 0.530416
14563 0.894913 0.530395
14564 0.894886 0.530364
14565 0.894875 0.530327
14566 0.894879 0.530287
14567 0.894896 0.530242
14568 0.894926 0.530194
14569 0.894966 0.530144
14570 0.894993 0.530085
14571 0.895031 0.530025
14572 0.895078 0.529962
14573 0.895108 0.529914
14574 0.895121 0.529879
14575 0.895119 0.529856
14576 0.895104 0.529843
14577 0.895077 0.529839
14578 0.89504 0.529843
14579 0.894992 0.529855
14580 0.894963 0.529874
14581 0.89495 0.529899
14582 0.894952 0.52993
14583 0.894968 0.529965
14584 0.894995 0.530005
14585 0.895007 0.530048
14586 0.895003 0.530096
14587 0.894987 0.530146
14588 0.894958 0.5302
14589 0.894946 0.530256
14590 0.894922 0.530315
14591 0.894886 0.530376
14592 0.894868 0.530423
14593 0.894865 0.530458
14594 0.894876 0.530481
14595 0.8949 0.530494
14596 0.894935 0.530515
14597 0.89498 0.530541
14598 0.895034 0.530573
14599 0.895073 0.530589
14600 0.895099 0.53059
14601 0.895114 0.530579
14602 0.895118 0.530556
14603 0.895135 0.530543
14604 0.895163 0.53054
14605 0.89518 0.530524
14606 0.895186 0.530497
14607 0.895183 0.53046
14608 0.89517 0.530414
14609 0.89515 0.53036
14610 0.895123 0.530298
14611 0.895112 0.530251
14612 0.895115 0.530217
14613 0.895132 0.530194
14614 0.895137 0.530161
14615 0.895156 0.530139
14616 0.895186 0.530127
14617 0.895204 0.530104
14618 0.895234 0.530092
14619 0.895274 0.530088
14620 0.895301 0.530073
14621 0.895316 0.530046
14622 0.895343 0.530029
14623 0.895359 0.530002
14624 0.895364 0.529964
14625 0.895359 0.529918
14626 0.895369 0.529868
14627 0.895391 0.529816
14628 0.895402 0.529756
14629 0.895403 0.52969
14630 0.895395 0.529617
14631 0.895374 0.529559
14632 0.895341 0.529515
14633 0.895299 0.529483
14634 0.895246 0.529462
14635 0.895186 0.52945
14636 0.895145 0.529448
14637 0.895122 0.529454
14638 0.895114 0.529468
14639 0.895121 0.529488
14640 0.895118 0.529493
14641 0.895107 0.529485
14642 0.895083 0.529485
14643 0.895048 0.529493
14644 0.895007 0.529488
14645 0.894962 0.52947
14646 0.894934 0.529462
14647 0.894923 0.529463
14648 0.894927 0.529471
14649 0.894944 0.529487
14650 0.894973 0.529508
14651 0.895012 0.529536
14652 0.895061 0.529568
14653 0.895096 0.529584
14654 0.895119 0.529586
14655 0.89513 0.529575
14656 0.895153 0.529573
14657 0.895188 0.529579
14658 0.895233 0.529593
14659 0.89526 0.529612
14660 0.895271 0.529638
14661 0.895267 0.529669
14662 0.895277 0.529705
14663 0.8953 0.529745
14664 0.895333 0.529789
14665 0.895378 0.529837
14666 0.895431 0.529887
14667 0.895492 0.529941
14668 0.895538 0.529976
14669 0.895571 0.529995
14670 0.895591 0.53
14671 0.895601 0.529991
14672 0.8956 0.52997
14673 0.89559 0.529938
14674 0.895572 0.529897
14675 0.89557 0.529867
14676 0.895581 0.529849
14677 0.895605 0.52984
14678 0.89564 0.52984
14679 0.895663 0.529827
14680 0.895674 0.529802
14681 0.895675 0.529767
14682 0.895676 0.529751
14683 0.895678 0.529753
14684 0.895679 0.52977
14685 0.89568 0.529801
14686 0.895681 0.529844
14687 0.895682 0.529899
14688 0.895683 0.529964
14689 0.89567 0.530031
14690 0.895645 0.530098
14691 0.895609 0.530167
14692 0.895563 0.530237
14693 0.895513 0.530287
14694 0.895458 0.530319
14695 0.8954 0.530335
14696 0.895339 0.530336
14697 0.895298 0.530346
14698 0.895274 0.530362
14699 0.895266 0.530384
14700 0.895273 0.530412
14701 0.89527 0.530425
14702 0.895281 0.530444
14703 0.895304 0.530469
14704 0.895338 0.5305
14705 0.895383 0.530535
14706 0.895437 0.530575
14707 0.895476 0.530598
14708 0.895502 0.530606
14709 0.895517 0.530601
14710 0.895521 0.530583
14711 0.895516 0.530553
14712 0.895525 0.530535
14713 0.895524 0.530506
14714 0.895514 0.530466
14715 0.895496 0.530418
14716 0.895493 0.530383
14717 0.895491 0.530366
14718 0.895489 0.530367
14719 0.895487 0.530384
14720 0.895485 0.530414
14721 0.895483 0.530458
14722 0.895481 0.530512
14723 0.89548 0.530577
14724 0.895469 0.530623
14725 0.895451 0.530651
14726 0.895426 0.530663
14727 0.895394 0.530661
14728 0.895356 0.530647
14729 0.895322 0.53065
14730 0.895282 0.53064
14731 0.895237 0.530617
14732 0.895188 0.530585
14733 0.895144 0.530571
14734 0.895104 0.530574
14735 0.895067 0.530593
14736 0.895026 0.530597
14737 0.895002 0.530593
14738 0.894994 0.530581
14739 0.895001 0.530563
14740 0.89502 0.530539
14741 0.895029 0.530505
14742 0.895028 0.530462
14743 0.895017 0.53041
14744 0.894998 0.53035
14745 0.894968 0.530304
14746 0.894927 0.530271
14747 0.894904 0.530249
14748 0.894897 0.530237
14749 0.894904 0.530234
14750 0.894896 0.530239
14751 0.894876 0.530252
14752 0.894844 0.53027
14753 0.894829 0.530295
14754 0.894829 0.530326
14755 0.894815 0.530361
14756 0.894816 0.530401
14757 0.894831 0.530444
14758 0.894858 0.530491
14759 0.894868 0.530542
14760 0.894891 0.530595
14761 0.894925 0.530651
14762 0.89497 0.530709
14763 0.895 0.530748
14764 0.895019 0.530771
14765 0.895026 0.530779
14766 0.895024 0.530774
14767 0.895035 0.530776
14768 0.895059 0.530787
14769 0.895094 0.530789
14770 0.895116 0.530777
14771 0.895128 0.530755
14772 0.895128 0.530721
14773 0.89512 0.530678
14774 0.895126 0.530648
14775 0.895145 0.530628
14776 0.895176 0.530618
14777 0.89519 0.530617
14778 0.895189 0.530624
14779 0.895174 0.530638
14780 0.895175 0.530659
14781 0.895189 0.530685
14782 0.895188 0.530717
14783 0.895174 0.530753
14784 0.895147 0.530793
14785 0.89511 0.530837
14786 0.895063 0.530885
14787 0.895006 0.530936
14788 0.894942 0.53099
14789 0.894898 0.53103
14790 0.894872 0.531058
14791 0.894862 0.531076
14792 0.894867 0.531084
14793 0.894885 0.531084
14794 0.894915 0.531075
14795 0.894928 0.531076
14796 0.894926 0.531084
14797 0.894911 0.531099
14798 0.894911 0.531105
14799 0.894897 0.531118
14800 0.894871 0.531138
14801 0.894862 0.531148
14802 0.894866 0.531149
14803 0.894857 0.531157
14804 0.894835 0.531173
14805 0.894829 0.531179
14806 0.894814 0.531172
14807 0.894792 0.531153
14808 0.894763 0.531123
14809 0.894727 0.531084
14810 0.894685 0.531035
14811 0.894639 0.530979
14812 0.894588 0.530915
14813 0.894532 0.530846
14814 0.894473 0.53077
14815 0.894434 0.53071
14816 0.894412 0.530664
14817 0.894406 0.53063
14818 0.894391 0.530587
14819 0.894369 0.530535
14820 0.894339 0.530476
14821 0.894299 0.530431
14822 0.894249 0.530398
14823 0.89419 0.530376
14824 0.894124 0.530365
14825 0.894051 0.530362
14826 0.893999 0.530352
14827 0.893965 0.530334
14828 0.893948 0.530311
14829 0.893924 0.530277
14830 0.893893 0.530234
14831 0.893879 0.530187
14832 0.893879 0.530137
14833 0.893893 0.530084
14834 0.893919 0.530029
14835 0.893956 0.529971
14836 0.894003 0.52991
14837 0.894059 0.529848
14838 0.894095 0.5298
14839 0.894115 0.529765
14840 0.894145 0.529725
14841 0.894187 0.529681
14842 0.894238 0.529634
14843 0.894297 0.529583
14844 0.894336 0.529545
14845 0.894359 0.529519
14846 0.894365 0.529504
14847 0.894385 0.529482
14848 0.894415 0.529455
14849 0.894457 0.529422
14850 0.894507 0.529384
14851 0.894553 0.529366
14852 0.894595 0.529365
14853 0.894623 0.529352
14854 0.894649 0.529355
14855 0.894673 0.529374
14856 0.894694 0.529407
14857 0.894714 0.529452
14858 0.894732 0.529509
14859 0.894748 0.529575
14860 0.894754 0.529622
14861 0.89475 0.529651
14862 0.894738 0.529665
14863 0.894717 0.529665
14864 0.894689 0.529652
14865 0.894656 0.529627
14866 0.894616 0.529592
14867 0.89458 0.529577
14868 0.894562 0.52957
14869 0.894559 0.529572
14870 0.894571 0.52958
14871 0.894595 0.529596
14872 0.89463 0.529617
14873 0.894649 0.529644
14874 0.894651 0.529676
14875 0.894668 0.529713
14876 0.894697 0.529753
14877 0.894709 0.529797
14878 0.894706 0.529845
14879 0.894691 0.529895
14880 0.89469 0.529948
14881 0.894681 0.529983
14882 0.894663 0.530002
14883 0.894637 0.530006
14884 0.894606 0.529997
14885 0.894568 0.529976
14886 0.894547 0.529965
14887 0.894543 0.529962
14888 0.89453 0.529947
14889 0.894509 0.529921
14890 0.894481 0.529884
14891 0.894442 0.529859
14892 0.894393 0.529844
14893 0.894336 0.529839
14894 0.894298 0.529842
14895 0.89425 0.529852
14896 0.894194 0.529869
14897 0.894129 0.529892
14898 0.894057 0.52992
14899 0.893979 0.529954
14900 0.893922 0.529976
14901 0.893885 0.529987
14902 0.893864 0.52999
14903 0.893859 0.529984
14904 0.893868 0.52997
14905 0.89389 0.52995
14906 0.893923 0.529939
14907 0.893939 0.529937
14908 0.893939 0.529943
14909 0.893954 0.529956
14910 0.893981 0.529975
14911 0.894018 0.53
14912 0.894052 0.530038
14913 0.894096 0.530064
14914 0.894149 0.53008
14915 0.89421 0.530086
14916 0.894279 0.530083
14917 0.89434 0.530097
14918 0.894396 0.530124
14919 0.894436 0.530136
14920 0.894463 0.530135
14921 0.894479 0.53012
14922 0.894484 0.530094
14923 0.894479 0.530059
14924 0.894474 0.530042
14925 0.89447 0.530043
14926 0.894466 0.530059
14927 0.894462 0.53009
14928 0.894459 0.530133
14929 0.894456 0.530187
14930 0.894453 0.530252
14931 0.894464 0.530302
14932 0.894487 0.530339
14933 0.894521 0.530365
14934 0.894566 0.53038
14935 0.894605 0.530409
14936 0.894641 0.530451
14937 0.894673 0.530504
14938 0.894701 0.530568
14939 0.894718 0.530612
14940 0.894724 0.53064
14941 0.89472 0.530652
14942 0.894707 0.53065
14943 0.894686 0.530635
14944 0.894681 0.53063
14945 0.894691 0.530633
14946 0.894713 0.530643
14947 0.894746 0.53066
14948 0.894767 0.530662
14949 0.894786 0.53068
14950 0.894803 0.530712
14951 0.894804 0.530748
14952 0.894792 0.530789
14953 0.894768 0.530833
14954 0.894732 0.530881
14955 0.894686 0.530932
14956 0.894631 0.530985
14957 0.894595 0.531026
14958 0.894577 0.531054
14959 0.894573 0.531071
14960 0.894561 0.531074
14961 0.894541 0.531064
14962 0.894513 0.531043
14963 0.894479 0.53101
14964 0.894439 0.530969
14965 0.894394 0.530918
14966 0.894368 0.530881
14967 0.894343 0.530863
14968 0.894321 0.530862
14969 0.894301 0.530878
14970 0.894283 0.530907
14971 0.894267 0.530949
14972 0.894266 0.530979
14973 0.894278 0.530998
14974 0.894303 0.531007
14975 0.894325 0.531031
14976 0.894345 0.531068
14977 0.894362 0.531117
14978 0.894378 0.531177
14979 0.894392 0.531247
14980 0.894396 0.531297
14981 0.89439 0.531329
14982 0.894375 0.531346
14983 0.894352 0.531348
14984 0.894346 0.531357
14985 0.894354 0.531373
14986 0.894351 0.531375
14987 0.89434 0.531364
14988 0.894321 0.531341
14989 0.894317 0.531329
14990 0.894328 0.531325
14991 0.894328 0.531308
14992 0.894319 0.531281
14993 0.894311 0.531272
14994 0.894294 0.531251
14995 0.89427 0.53122
14996 0.894239 0.531179
14997 0.894211 0.531158
14998 0.894186 0.531155
14999 0.894163 0.531167
15000 0.894143 0.531194
