14000 0.757327 0.767582
14001 0.757355 0.767538
14002 0.757383 0.767513
14003 0.757411 0.767506
14004 0.757439 0.767485
14005 0.757468 0.76745
14006 0.757497 0.767404
14007 0.757526 0.767347
14008 0.757556 0.76728
14009 0.757585 0.767235
14010 0.757615 0.76721
14011 0.757645 0.767203
14012 0.757674 0.767212
14013 0.757704 0.767236
14014 0.757716 0.767263
14015 0.757713 0.767294
14016 0.757714 0.767307
14017 0.7577 0.767325
14018 0.757674 0.767348
14019 0.757636 0.767375
14020 0.757605 0.767384
14021 0.757563 0.767399
14022 0.75751 0.767418
14023 0.757449 0.767442
14024 0.75738 0.767471
14025 0.757303 0.767503
14026 0.75722 0.767538
14027 0.757149 0.767554
14028 0.757088 0.767554
14029 0.757036 0.767538
14030 0.756992 0.767508
14031 0.756956 0.767497
14032 0.756925 0.767503
14033 0.756901 0.767523
14034 0.756882 0.767526
14035 0.756868 0.767513
14036 0.756859 0.767486
14037 0.756853 0.767447
14038 0.756851 0.767427
14039 0.756835 0.767416
14040 0.756807 0.767412
14041 0.756767 0.767415
14042 0.756717 0.767425
14043 0.756658 0.767441
14044 0.756608 0.76744
14045 0.756565 0.767423
14046 0.756531 0.767393
14047 0.756502 0.76735
14048 0.756479 0.767327
14049 0.756461 0.767322
14050 0.756447 0.767333
14051 0.756438 0.767358
14052 0.756432 0.767365
14053 0.75643 0.767356
14054 0.756431 0.767333
14055 0.756435 0.767297
14056 0.756441 0.767249
14057 0.75645 0.76719
14058 0.756461 0.767122
14059 0.756473 0.767077
14060 0.756487 0.767051
14061 0.756502 0.767043
14062 0.756519 0.767051
14063 0.756536 0.767074
14064 0.756555 0.76711
14065 0.756574 0.767127
14066 0.756595 0.767127
14067 0.756616 0.767143
14068 0.756638 0.767172
14069 0.756661 0.767214
14070 0.756684 0.767267
14071 0.756708 0.767299
14072 0.756733 0.767313
14073 0.756758 0.76731
14074 0.756784 0.767292
14075 0.75681 0.76726
14076 0.756837 0.767247
14077 0.756864 0.767251
14078 0.756891 0.76727
14079 0.756918 0.767302
14080 0.756945 0.767347
14081 0.756972 0.767402
14082 0.756999 0.767467
14083 0.757027 0.76751
14084 0.757055 0.767534
14085 0.757084 0.76754
14086 0.757113 0.76753
14087 0.757142 0.767537
14088 0.75717 0.767558
14089 0.757199 0.767593
14090 0.757228 0.767608
14091 0.757258 0.767607
14092 0.757287 0.767591
14093 0.757317 0.767561
14094 0.757348 0.767518
14095 0.757378 0.767465
14096 0.757409 0.767402
14097 0.757439 0.767329
14098 0.757471 0.767249
14099 0.757501 0.767192
14100 0.757515 0.767148
14101 0.757513 0.767114
14102 0.757497 0.76709
14103 0.757468 0.767076
14104 0.757429 0.767069
14105 0.757378 0.76707
14106 0.757319 0.767077
14107 0.757269 0.767099
14108 0.757226 0.767134
14109 0.75719 0.76718
14110 0.757161 0.767238
14111 0.757138 0.767305
14112 0.75712 0.76735
14113 0.757107 0.767375
14114 0.757098 0.767383
14115 0.757093 0.767405
14116 0.757092 0.76744
14117 0.757093 0.767487
14118 0.757097 0.767545
14119 0.757103 0.767582
14120 0.757113 0.7676
14121 0.757124 0.767631
14122 0.757136 0.767675
14123 0.757151 0.767698
14124 0.757167 0.767705
14125 0.757185 0.767695
14126 0.757204 0.767671
14127 0.757225 0.767634
14128 0.757246 0.767616
14129 0.757268 0.767615
14130 0.757291 0.76763
14131 0.757315 0.767628
14132 0.757339 0.767611
14133 0.757364 0.76758
14134 0.75739 0.767537
14135 0.757417 0.767483
14136 0.757444 0.76745
14137 0.757471 0.767436
14138 0.757498 0.767438
14139 0.757526 0.767425
14140 0.757555 0.767398
14141 0.757583 0.767358
14142 0.757613 0.767307
14143 0.757642 0.767277
14144 0.757672 0.767264
14145 0.757701 0.767269
14146 0.757731 0.767288
14147 0.757761 0.76729
14148 0.757791 0.767307
14149 0.757821 0.767338
14150 0.757835 0.767357
14151 0.757851 0.767389
14152 0.757852 0.767409
14153 0.757856 0.767443
14154 0.757863 0.767488
14155 0.757872 0.767545
14156 0.757884 0.767611
14157 0.757897 0.767685
14158 0.757912 0.767737
14159 0.757929 0.767769
14160 0.757948 0.767782
14161 0.757968 0.767778
14162 0.75799 0.76776
14163 0.758013 0.767728
14164 0.758037 0.767684
14165 0.758062 0.76763
14166 0.758088 0.767565
14167 0.758097 0.767514
14168 0.758091 0.767475
14169 0.758072 0.767446
14170 0.758041 0.767427
14171 0.758016 0.767395
14172 0.757997 0.767381
14173 0.757982 0.767384
14174 0.757972 0.767402
14175 0.757967 0.767434
14176 0.757964 0.767477
14177 0.757965 0.767532
14178 0.75797 0.767566
14179 0.757977 0.767581
14180 0.757987 0.76758
14181 0.757999 0.767563
14182 0.758014 0.767533
14183 0.758031 0.767491
14184 0.758048 0.767468
14185 0.758068 0.767463
14186 0.758088 0.767473
14187 0.758109 0.767498
14188 0.758131 0.767536
14189 0.758154 0.767585
14190 0.758178 0.767645
14191 0.758203 0.767714
14192 0.758228 0.767761
14193 0.758255 0.767788
14194 0.758281 0.767828
14195 0.758309 0.767848
14196 0.75832 0.767873
14197 0.758315 0.767902
14198 0.758314 0.767944
14199 0.758316 0.767997
14200 0.758321 0.76806
14201 0.758329 0.768132
14202 0.758339 0.768212
14203 0.758351 0.768269
14204 0.758366 0.768305
14205 0.758382 0.768322
14206 0.7584 0.768352
14207 0.75842 0.768395
14208 0.75844 0.768449
14209 0.758462 0.768513
14210 0.758484 0.768556
14211 0.758508 0.768578
14212 0.758533 0.768584
14213 0.758559 0.768573
14214 0.758586 0.768548
14215 0.758614 0.768511
14216 0.758642 0.768461
14217 0.758672 0.768402
14218 0.758701 0.768333
14219 0.758731 0.768256
14220 0.758762 0.768171
14221 0.758793 0.76808
14222 0.758825 0.767982
14223 0.758839 0.767901
14224 0.758838 0.767835
14225 0.758841 0.76776
14226 0.758846 0.767678
14227 0.758855 0.767588
14228 0.758849 0.767515
14229 0.758829 0.767455
14230 0.758798 0.767408
14231 0.758755 0.767372
14232 0.758702 0.767347
14233 0.758641 0.767331
14234 0.758571 0.767324
14235 0.758495 0.767324
14236 0.758412 0.76733
14237 0.758323 0.767343
14238 0.758229 0.767361
14239 0.75813 0.767384
14240 0.758045 0.76739
14241 0.757972 0.76738
14242 0.757909 0.767355
14243 0.757856 0.767318
14244 0.757811 0.767269
14245 0.757775 0.76721
14246 0.757745 0.767141
14247 0.757721 0.767095
14248 0.757703 0.767069
14249 0.757689 0.76706
14250 0.757679 0.767068
14251 0.757674 0.767091
14252 0.757672 0.767096
14253 0.757674 0.767085
14254 0.757678 0.76706
14255 0.757686 0.767053
14256 0.757695 0.767062
14257 0.757707 0.767085
14258 0.75772 0.767091
14259 0.757736 0.767081
14260 0.757753 0.767056
14261 0.757772 0.767019
14262 0.757792 0.76697
14263 0.757813 0.766911
14264 0.757836 0.766873
14265 0.757859 0.766855
14266 0.757882 0.766853
14267 0.757907 0.766867
14268 0.757932 0.766864
14269 0.757957 0.766877
14270 0.757983 0.766874
14271 0.75801 0.766886
14272 0.758037 0.766912
14273 0.758064 0.766951
14274 0.758091 0.767001
14275 0.758119 0.767062
14276 0.758147 0.767132
14277 0.758175 0.76721
14278 0.758203 0.767296
14279 0.758232 0.767389
14280 0.758243 0.767479
14281 0.75824 0.767566
14282 0.758222 0.767652
14283 0.758209 0.767744
14284 0.758201 0.767843
14285 0.758196 0.767947
14286 0.758179 0.768032
14287 0.758151 0.768099
14288 0.758129 0.768144
14289 0.758112 0.76817
14290 0.758101 0.768178
14291 0.758094 0.768169
14292 0.758091 0.768146
14293 0.758091 0.768141
14294 0.758094 0.768121
14295 0.758101 0.768088
14296 0.75811 0.768043
14297 0.758122 0.767987
14298 0.758135 0.767921
14299 0.758151 0.767846
14300 0.758169 0.767764
14301 0.758188 0.767675
14302 0.758209 0.767579
14303 0.758231 0.767477
14304 0.758253 0.767401
14305 0.758277 0.767348
14306 0.758284 0.767307
14307 0.758276 0.767277
14308 0.758255 0.767257
14309 0.758222 0.767246
14310 0.758178 0.767243
14311 0.758142 0.767224
14312 0.758097 0.767199
14313 0.758059 0.767192
14314 0.758028 0.767201
14315 0.758003 0.767224
14316 0.757967 0.767236
14317 0.757922 0.767238
14318 0.757869 0.767231
14319 0.757808 0.767216
14320 0.757756 0.767218
14321 0.757711 0.767235
14322 0.757675 0.767236
14323 0.757645 0.76722
14324 0.757622 0.767222
14325 0.757603 0.767239
14326 0.757589 0.76727
14327 0.757579 0.767313
14328 0.757573 0.767367
14329 0.75757 0.7674
14330 0.757571 0.767415
14331 0.757576 0.767413
14332 0.757583 0.767396
14333 0.757592 0.767365
14334 0.757604 0.767322
14335 0.757601 0.76729
14336 0.757583 0.767268
14337 0.757554 0.767256
14338 0.757513 0.767251
14339 0.757463 0.767254
14340 0.757403 0.767264
14341 0.757353 0.767257
14342 0.757311 0.767266
14343 0.757275 0.76729
14344 0.757246 0.767326
14345 0.757222 0.767375
14346 0.757204 0.767434
14347 0.75719 0.767472
14348 0.757181 0.767521
14349 0.757175 0.767581
14350 0.757173 0.76765
14351 0.757174 0.767697
14352 0.757178 0.767724
14353 0.757185 0.767733
14354 0.757194 0.767726
14355 0.757205 0.767704
14356 0.757218 0.7677
14357 0.757233 0.76768
14358 0.75725 0.767648
14359 0.757268 0.767603
14360 0.757287 0.767579
14361 0.757307 0.767572
14362 0.757328 0.76755
14363 0.75735 0.767515
14364 0.757373 0.767469
14365 0.757397 0.767412
14366 0.757421 0.767345
14367 0.757447 0.76727
14368 0.757473 0.767217
14369 0.757499 0.767185
14370 0.757525 0.767172
14371 0.757552 0.767175
14372 0.757578 0.767194
14373 0.757588 0.767217
14374 0.757583 0.767245
14375 0.757582 0.767286
14376 0.757584 0.767307
14377 0.757588 0.767341
14378 0.757595 0.767387
14379 0.757604 0.767445
14380 0.757616 0.767481
14381 0.75763 0.767498
14382 0.757645 0.767498
14383 0.757662 0.767514
14384 0.757681 0.767512
14385 0.757701 0.767496
14386 0.757706 0.767473
14387 0.757697 0.767443
14388 0.757676 0.767408
14389 0.75766 0.767392
14390 0.757648 0.767393
14391 0.757641 0.767409
14392 0.757637 0.767439
14393 0.757636 0.767481
14394 0.757638 0.767535
14395 0.757644 0.767567
14396 0.757651 0.767612
14397 0.757661 0.767668
14398 0.757673 0.767734
14399 0.757686 0.767808
14400 0.757701 0.76786
14401 0.757718 0.767891
14402 0.757737 0.767935
14403 0.757756 0.767989
14404 0.757776 0.768053
14405 0.757798 0.768096
14406 0.75782 0.768119
14407 0.757844 0.768125
14408 0.757868 0.768114
14409 0.757893 0.76812
14410 0.757918 0.768141
14411 0.757944 0.768145
14412 0.757971 0.768132
14413 0.757998 0.768106
14414 0.758026 0.768098
14415 0.758053 0.768106
14416 0.758081 0.768097
14417 0.758094 0.768081
14418 0.758092 0.768058
14419 0.758077 0.768029
14420 0.758067 0.767987
14421 0.758061 0.767934
14422 0.758059 0.767872
14423 0.75806 0.76783
14424 0.758064 0.767809
14425 0.75807 0.767804
14426 0.758079 0.767785
14427 0.758091 0.767783
14428 0.758104 0.767797
14429 0.758118 0.767824
14430 0.758134 0.767865
14431 0.758136 0.767892
14432 0.75814 0.767932
14433 0.758147 0.767953
14434 0.758141 0.767963
14435 0.758122 0.767963
14436 0.758092 0.767955
14437 0.758068 0.767963
14438 0.75805 0.767985
14439 0.758019 0.768012
14440 0.757995 0.768021
14441 0.757976 0.768014
14442 0.757962 0.768023
14443 0.757953 0.768046
14444 0.757931 0.768074
14445 0.757914 0.768084
14446 0.757902 0.768078
14447 0.757894 0.768057
14448 0.757891 0.768053
14449 0.75789 0.768065
14450 0.757894 0.768061
14451 0.7579 0.768042
14452 0.757908 0.76804
14453 0.757919 0.768053
14454 0.757932 0.76805
14455 0.757947 0.768063
14456 0.757963 0.76809
14457 0.757981 0.768129
14458 0.758 0.76818
14459 0.758021 0.768241
14460 0.758026 0.768287
14461 0.758018 0.76832
14462 0.757997 0.768341
14463 0.757965 0.768352
14464 0.75794 0.768377
14465 0.75792 0.768414
14466 0.757906 0.768464
14467 0.757895 0.768523
14468 0.757889 0.768592
14469 0.757887 0.76867
14470 0.757888 0.768755
14471 0.757891 0.768847
14472 0.757882 0.768921
14473 0.757876 0.768973
14474 0.757875 0.769004
14475 0.757877 0.769017
14476 0.757882 0.769013
14477 0.75789 0.769025
14478 0.7579 0.769051
14479 0.757912 0.76909
14480 0.757926 0.76911
14481 0.757942 0.769112
14482 0.75796 0.769099
14483 0.75798 0.769072
14484 0.758 0.769032
14485 0.758023 0.768981
14486 0.758046 0.76892
14487 0.758071 0.76885
14488 0.758096 0.768802
14489 0.758121 0.768743
14490 0.758148 0.768675
14491 0.758176 0.768599
14492 0.758204 0.768515
14493 0.758233 0.768424
14494 0.758262 0.768327
14495 0.758292 0.768224
14496 0.758322 0.768117
14497 0.758335 0.768027
14498 0.758333 0.767953
14499 0.758317 0.767893
14500 0.758288 0.767846
14501 0.758248 0.767811
14502 0.758198 0.767785
14503 0.758139 0.76777
14504 0.758072 0.767762
14505 0.757998 0.767762
14506 0.757934 0.767747
14507 0.75788 0.767749
14508 0.757834 0.767766
14509 0.757796 0.767765
14510 0.757766 0.76775
14511 0.757741 0.767721
14512 0.757723 0.767679
14513 0.757709 0.767657
14514 0.7577 0.767653
14515 0.757695 0.767664
14516 0.757693 0.76769
14517 0.757695 0.767728
14518 0.757699 0.767778
14519 0.757707 0.767839
14520 0.757716 0.767908
14521 0.75771 0.767978
14522 0.757709 0.768025
14523 0.75771 0.768052
14524 0.757698 0.768083
14525 0.757673 0.768118
14526 0.757636 0.768156
14527 0.757605 0.768205
14528 0.757581 0.768235
14529 0.757563 0.768246
14530 0.75755 0.76824
14531 0.757542 0.76822
14532 0.757538 0.768187
14533 0.757537 0.768172
14534 0.75754 0.768174
14535 0.757545 0.768161
14536 0.757554 0.768133
14537 0.757547 0.768115
14538 0.757527 0.768106
14539 0.757494 0.768103
14540 0.757451 0.768108
14541 0.757397 0.768119
14542 0.757352 0.768143
14543 0.757314 0.768181
14544 0.757283 0.768231
14545 0.757258 0.768291
14546 0.757239 0.768329
14547 0.757225 0.768349
14548 0.757216 0.768382
14549 0.75721 0.768396
14550 0.757209 0.768393
14551 0.757211 0.768406
14552 0.757215 0.768434
14553 0.757222 0.768443
14554 0.757232 0.768467
14555 0.757243 0.768503
14556 0.757257 0.768521
14557 0.757272 0.768522
14558 0.75729 0.768507
14559 0.757308 0.768478
14560 0.757329 0.768437
14561 0.75735 0.768384
14562 0.757373 0.768322
14563 0.757396 0.76825
14564 0.757421 0.768201
14565 0.757445 0.768173
14566 0.757471 0.768131
14567 0.757497 0.768079
14568 0.757524 0.768017
14569 0.757551 0.767976
14570 0.757579 0.767954
14571 0.757607 0.767951
14572 0.757634 0.767963
14573 0.757662 0.767989
14574 0.757691 0.768028
14575 0.757702 0.76807
14576 0.757698 0.768114
14577 0.757681 0.768161
14578 0.757651 0.76821
14579 0.757609 0.768261
14580 0.757558 0.768313
14581 0.757498 0.768367
14582 0.75743 0.768423
14583 0.757372 0.768458
14584 0.757323 0.768473
14585 0.757282 0.768472
14586 0.757249 0.768456
14587 0.757222 0.768457
14588 0.7572 0.768473
14589 0.757184 0.768503
14590 0.757172 0.768515
14591 0.757164 0.768541
14592 0.757161 0.768549
14593 0.75716 0.768571
14594 0.757163 0.768576
14595 0.757169 0.768596
14596 0.757177 0.768599
14597 0.757188 0.768586
14598 0.757201 0.768558
14599 0.757215 0.76855
14600 0.757231 0.768557
14601 0.757249 0.768548
14602 0.757268 0.768525
14603 0.757289 0.768489
14604 0.757311 0.768441
14605 0.757334 0.768383
14606 0.757358 0.768345
14607 0.757382 0.768327
14608 0.757407 0.768296
14609 0.757433 0.768252
14610 0.75746 0.768228
14611 0.757487 0.768222
14612 0.757514 0.768232
14613 0.757542 0.768256
14614 0.75757 0.768262
14615 0.757598 0.768253
14616 0.757628 0.768229
14617 0.75764 0.768214
14618 0.757637 0.768208
14619 0.75762 0.768209
14620 0.757607 0.768225
14621 0.757599 0.768254
14622 0.757595 0.768297
14623 0.757594 0.76835
14624 0.757597 0.768413
14625 0.757602 0.768455
14626 0.757611 0.768477
14627 0.757604 0.768504
14628 0.757584 0.768535
14629 0.757569 0.768547
14630 0.757559 0.768574
14631 0.757553 0.768613
14632 0.757551 0.768633
14633 0.757552 0.768636
14634 0.757556 0.768654
14635 0.757563 0.768685
14636 0.757572 0.768729
14637 0.757584 0.768753
14638 0.757597 0.76876
14639 0.757613 0.768781
14640 0.75763 0.768784
14641 0.757649 0.768773
14642 0.757669 0.768777
14643 0.75769 0.768797
14644 0.757694 0.768821
14645 0.757685 0.76885
14646 0.757662 0.768882
14647 0.757627 0.768918
14648 0.757581 0.768958
14649 0.757544 0.768978
14650 0.757513 0.76898
14651 0.757489 0.768998
14652 0.75747 0.76903
14653 0.757456 0.769043
14654 0.757447 0.769039
14655 0.757442 0.76902
14656 0.757441 0.768988
14657 0.757444 0.768944
14658 0.757449 0.768889
14659 0.757458 0.768824
14660 0.757468 0.76875
14661 0.757481 0.768699
14662 0.757495 0.768669
14663 0.757511 0.768657
14664 0.757511 0.768653
14665 0.757497 0.768656
14666 0.757471 0.768665
14667 0.757432 0.76868
14668 0.757384 0.7687
14669 0.757326 0.768725
14670 0.757259 0.768754
14671 0.757203 0.768765
14672 0.757155 0.768759
14673 0.757116 0.768738
14674 0.757083 0.768735
14675 0.757057 0.768717
14676 0.757037 0.768686
14677 0.757021 0.768673
14678 0.75701 0.768677
14679 0.757004 0.768665
14680 0.757001 0.768639
14681 0.757001 0.76863
14682 0.757005 0.768639
14683 0.75701 0.768661
14684 0.757018 0.768697
14685 0.757029 0.768714
14686 0.757041 0.768714
14687 0.757056 0.768699
14688 0.757072 0.76867
14689 0.75709 0.768628
14690 0.757109 0.768575
14691 0.75713 0.768512
14692 0.757152 0.76844
14693 0.757175 0.76836
14694 0.757198 0.768304
14695 0.757222 0.768268
14696 0.757247 0.768252
14697 0.757255 0.768243
14698 0.757248 0.768242
14699 0.757227 0.768248
14700 0.757211 0.768268
14701 0.7572 0.768301
14702 0.757193 0.768347
14703 0.75719 0.768373
14704 0.757191 0.768381
14705 0.757194 0.768373
14706 0.757201 0.768381
14707 0.757209 0.768403
14708 0.75722 0.768439
14709 0.757233 0.768456
14710 0.757248 0.768456
14711 0.757265 0.76844
14712 0.757284 0.768411
14713 0.757303 0.7684
14714 0.757324 0.768406
14715 0.757346 0.768395
14716 0.757369 0.768371
14717 0.757393 0.768364
14718 0.757418 0.768373
14719 0.757443 0.768397
14720 0.757469 0.768434
14721 0.757495 0.768482
14722 0.757522 0.768541
14723 0.75755 0.768579
14724 0.757578 0.768598
14725 0.757607 0.7686
14726 0.757636 0.768586
14727 0.757666 0.768588
14728 0.757695 0.768606
14729 0.757725 0.768638
14730 0.757755 0.768651
14731 0.757786 0.768648
14732 0.757816 0.76866
14733 0.757847 0.768656
14734 0.757879 0.768636
14735 0.75791 0.768634
14736 0.757941 0.768648
14737 0.757972 0.768676
14738 0.758004 0.768716
14739 0.758035 0.768737
14740 0.758067 0.768741
14741 0.758099 0.768729
14742 0.758132 0.768703
14743 0.758164 0.768694
14744 0.758197 0.768702
14745 0.758229 0.768725
14746 0.758261 0.768761
14747 0.758294 0.768777
14748 0.758327 0.768777
14749 0.75836 0.768762
14750 0.758393 0.768763
14751 0.758426 0.76878
14752 0.758441 0.768802
14753 0.758441 0.768828
14754 0.758426 0.768859
14755 0.758399 0.768893
14756 0.75836 0.76893
14757 0.758329 0.768979
14758 0.758304 0.769039
14759 0.758284 0.769077
14760 0.758271 0.769096
14761 0.758262 0.769098
14762 0.758257 0.769115
14763 0.758256 0.769146
14764 0.758258 0.769189
14765 0.758263 0.769244
14766 0.758271 0.769308
14767 0.758281 0.76935
14768 0.758294 0.769373
14769 0.758292 0.769401
14770 0.758275 0.769432
14771 0.758246 0.769467
14772 0.758206 0.769505
14773 0.758156 0.769546
14774 0.758114 0.769568
14775 0.75808 0.769572
14776 0.758053 0.769561
14777 0.758032 0.769535
14778 0.758017 0.769497
14779 0.758007 0.769447
14780 0.758001 0.769387
14781 0.758 0.769317
14782 0.757985 0.769261
14783 0.757957 0.769218
14784 0.757917 0.769185
14785 0.757868 0.769163
14786 0.757826 0.769127
14787 0.757793 0.76908
14788 0.757766 0.769053
14789 0.757744 0.769044
14790 0.757728 0.769051
14791 0.757716 0.769073
14792 0.757709 0.769108
14793 0.757706 0.769124
14794 0.757706 0.769123
14795 0.75771 0.769138
14796 0.757716 0.769167
14797 0.757725 0.769208
14798 0.757736 0.769261
14799 0.757749 0.769292
14800 0.757764 0.769306
14801 0.757781 0.769333
14802 0.757799 0.769343
14803 0.757819 0.769366
14804 0.757839 0.769403
14805 0.757861 0.769452
14806 0.757884 0.769511
14807 0.757908 0.769549
14808 0.757932 0.769568
14809 0.757941 0.769591
14810 0.757934 0.769619
14811 0.757931 0.769629
14812 0.757932 0.769622
14813 0.757936 0.769601
14814 0.757943 0.769598
14815 0.757952 0.76961
14816 0.757964 0.769605
14817 0.757978 0.769586
14818 0.757994 0.769553
14819 0.757995 0.76953
14820 0.757981 0.769516
14821 0.757971 0.769519
14822 0.757966 0.769537
14823 0.757964 0.769569
14824 0.757966 0.769582
14825 0.757971 0.769578
14826 0.757979 0.769559
14827 0.75799 0.769527
14828 0.758003 0.769483
14829 0.758019 0.769428
14830 0.758036 0.769364
14831 0.758055 0.76929
14832 0.758076 0.769208
14833 0.758098 0.76915
14834 0.758121 0.769113
14835 0.758145 0.769095
14836 0.758169 0.769095
14837 0.758195 0.769079
14838 0.758221 0.769049
14839 0.758249 0.769007
14840 0.758277 0.768955
14841 0.758306 0.768892
14842 0.758336 0.76882
14843 0.758367 0.76874
14844 0.758397 0.768653
14845 0.758428 0.76859
14846 0.758442 0.76854
14847 0.75844 0.768502
14848 0.758425 0.768474
14849 0.758396 0.768456
14850 0.758375 0.768424
14851 0.758341 0.768402
14852 0.758296 0.76839
14853 0.758242 0.768385
14854 0.758179 0.768387
14855 0.758108 0.768396
14856 0.758047 0.76842
14857 0.757996 0.768456
14858 0.757952 0.768504
14859 0.757917 0.768563
14860 0.757887 0.768631
14861 0.757864 0.768708
14862 0.757846 0.768792
14863 0.757833 0.768884
14864 0.757824 0.768981
14865 0.75782 0.769054
14866 0.75782 0.769104
14867 0.757823 0.769134
14868 0.757829 0.769145
14869 0.757838 0.769171
14870 0.757849 0.76921
14871 0.757861 0.76926
14872 0.757876 0.76932
14873 0.757892 0.76939
14874 0.75791 0.769438
14875 0.75793 0.769465
14876 0.757951 0.769475
14877 0.757973 0.769468
14878 0.757997 0.769446
14879 0.758021 0.769442
14880 0.758046 0.769454
14881 0.758072 0.76945
14882 0.758099 0.76943
14883 0.758127 0.769397
14884 0.758138 0.769374
14885 0.758133 0.76936
14886 0.758115 0.769354
14887 0.758084 0.769356
14888 0.75806 0.769341
14889 0.758024 0.769335
14890 0.757995 0.769314
14891 0.757972 0.76928
14892 0.757956 0.769234
14893 0.757944 0.769208
14894 0.757936 0.7692
14895 0.757932 0.769208
14896 0.757931 0.769231
14897 0.757934 0.769236
14898 0.757941 0.769226
14899 0.757949 0.769232
14900 0.75796 0.769252
14901 0.757974 0.769255
14902 0.757989 0.769274
14903 0.758006 0.769275
14904 0.758024 0.769291
14905 0.758044 0.769322
14906 0.758065 0.769333
14907 0.758087 0.769329
14908 0.758111 0.76934
14909 0.758135 0.769335
14910 0.758161 0.769315
14911 0.758188 0.769282
14912 0.758215 0.769236
14913 0.758243 0.76918
14914 0.758254 0.769137
14915 0.75825 0.769105
14916 0.758232 0.769082
14917 0.758202 0.769069
14918 0.758161 0.769064
14919 0.75811 0.769066
14920 0.758067 0.769083
14921 0.758031 0.769114
14922 0.758003 0.769158
14923 0.75798 0.769212
14924 0.757963 0.769276
14925 0.75795 0.769349
14926 0.757942 0.76943
14927 0.757938 0.769488
14928 0.757938 0.769525
14929 0.757942 0.769542
14930 0.757948 0.769543
14931 0.757958 0.769528
14932 0.757969 0.7695
14933 0.757983 0.76949
14934 0.757998 0.769496
14935 0.758015 0.769517
14936 0.758034 0.769551
14937 0.758053 0.769597
14938 0.758074 0.769654
14939 0.758079 0.769712
14940 0.758069 0.769771
14941 0.758063 0.769809
14942 0.758061 0.769828
14943 0.758063 0.76983
14944 0.758068 0.769816
14945 0.758077 0.769788
14946 0.758087 0.769748
14947 0.7581 0.769696
14948 0.758098 0.769656
14949 0.758082 0.769627
14950 0.75807 0.769586
14951 0.758046 0.769555
14952 0.75801 0.769535
14953 0.757981 0.769501
14954 0.757958 0.769455
14955 0.757941 0.769398
14956 0.757929 0.769332
14957 0.757921 0.769257
14958 0.757918 0.769174
14959 0.757918 0.769084
14960 0.757922 0.768988
14961 0.757929 0.768917
14962 0.757937 0.768869
14963 0.757948 0.76884
14964 0.757961 0.768799
14965 0.757976 0.768778
14966 0.757993 0.768774
14967 0.758011 0.768786
14968 0.75803 0.768812
14969 0.758051 0.768821
14970 0.758072 0.768843
14971 0.758095 0.768879
14972 0.758118 0.768927
14973 0.758143 0.768985
14974 0.758167 0.769053
14975 0.758193 0.769099
14976 0.75822 0.769125
14977 0.758247 0.769163
14978 0.758258 0.769205
14979 0.758253 0.769249
14980 0.758252 0.769273
14981 0.758255 0.76928
14982 0.758261 0.769301
14983 0.758269 0.769336
14984 0.758279 0.769382
14985 0.758292 0.76944
14986 0.758306 0.769506
14987 0.758322 0.769582
14988 0.758323 0.769657
14989 0.758309 0.769731
14990 0.758282 0.769804
14991 0.758243 0.769877
14992 0.758195 0.769948
14993 0.758137 0.77002
14994 0.75807 0.770091
14995 0.757996 0.770162
14996 0.757933 0.77021
14997 0.757879 0.770238
14998 0.757835 0.770248
14999 0.757798 0.770242
15000 0.757768 0.77022
