14000 0.744809 0.828703
14001 0.744807 0.828659
14002 0.744804 0.828604
14003 0.744802 0.828539
14004 0.7448 0.828464
14005 0.744796 0.828412
14006 0.744788 0.828381
14007 0.744778 0.828368
14008 0.744766 0.828372
14009 0.744752 0.828391
14010 0.744739 0.828392
14011 0.744728 0.828378
14012 0.744715 0.82838
14013 0.744699 0.828397
14014 0.744686 0.828397
14015 0.744674 0.828381
14016 0.744659 0.828382
14017 0.744643 0.828399
14018 0.744629 0.828398
14019 0.744612 0.828412
14020 0.744595 0.82844
14021 0.744575 0.828481
14022 0.744555 0.828533
14023 0.744536 0.828564
14024 0.744519 0.828577
14025 0.744504 0.828572
14026 0.744491 0.828552
14027 0.744476 0.82855
14028 0.744459 0.828563
14029 0.74444 0.82859
14030 0.74442 0.82863
14031 0.744416 0.828658
14032 0.744426 0.828676
14033 0.744449 0.828684
14034 0.744466 0.828707
14035 0.744479 0.828743
14036 0.744503 0.828767
14037 0.744526 0.828774
14038 0.744546 0.828764
14039 0.744564 0.82874
14040 0.74458 0.828702
14041 0.744592 0.828684
14042 0.744599 0.828683
14043 0.744603 0.828697
14044 0.744603 0.828725
14045 0.744603 0.828734
14046 0.744604 0.828727
14047 0.744604 0.828706
14048 0.744601 0.828701
14049 0.744596 0.828713
14050 0.744588 0.828738
14051 0.744581 0.828746
14052 0.744575 0.828737
14053 0.744569 0.828713
14054 0.744564 0.828676
14055 0.74456 0.828627
14056 0.744556 0.828567
14057 0.744552 0.828498
14058 0.744549 0.82842
14059 0.744547 0.828334
14060 0.744541 0.828273
14061 0.744533 0.828232
14062 0.744523 0.828211
14063 0.744511 0.828208
14064 0.744497 0.82822
14065 0.744481 0.828246
14066 0.744464 0.828285
14067 0.744446 0.828336
14068 0.744426 0.828397
14069 0.744408 0.828436
14070 0.744393 0.828455
14071 0.744378 0.828457
14072 0.744366 0.828443
14073 0.744351 0.828446
14074 0.744351 0.828441
14075 0.744365 0.828428
14076 0.744375 0.828433
14077 0.74438 0.828452
14078 0.744382 0.828484
14079 0.74438 0.828529
14080 0.744379 0.828553
14081 0.744375 0.82859
14082 0.744367 0.828639
14083 0.744358 0.828699
14084 0.744363 0.828744
14085 0.744367 0.82877
14086 0.744371 0.828777
14087 0.744375 0.828768
14088 0.744378 0.828744
14089 0.744381 0.828707
14090 0.744384 0.828658
14091 0.744386 0.828598
14092 0.744385 0.82856
14093 0.744384 0.82851
14094 0.74438 0.82848
14095 0.744377 0.828437
14096 0.744373 0.828383
14097 0.744367 0.82835
14098 0.744375 0.828312
14099 0.744396 0.828271
14100 0.744428 0.828226
14101 0.744454 0.8282
14102 0.744474 0.828193
14103 0.744489 0.828201
14104 0.744499 0.828224
14105 0.744504 0.82826
14106 0.744506 0.828308
14107 0.744505 0.828366
14108 0.744517 0.828411
14109 0.744529 0.828435
14110 0.744539 0.828442
14111 0.744545 0.828463
14112 0.744547 0.828497
14113 0.744549 0.828512
14114 0.744551 0.82851
14115 0.74455 0.828524
14116 0.744545 0.828552
14117 0.744538 0.828592
14118 0.744529 0.828643
14119 0.744517 0.828705
14120 0.744507 0.828745
14121 0.744497 0.828765
14122 0.744489 0.828767
14123 0.744482 0.828754
14124 0.744475 0.828726
14125 0.744466 0.828717
14126 0.744455 0.828723
14127 0.744441 0.828745
14128 0.744429 0.828748
14129 0.744418 0.828736
14130 0.744408 0.828709
14131 0.744396 0.8287
14132 0.744382 0.828707
14133 0.744366 0.828729
14134 0.744352 0.828733
14135 0.744339 0.828721
14136 0.744328 0.828695
14137 0.744317 0.828656
14138 0.744308 0.828605
14139 0.744299 0.828543
14140 0.744288 0.828503
14141 0.744275 0.828482
14142 0.744263 0.828448
14143 0.744252 0.828402
14144 0.744255 0.828368
14145 0.744255 0.828352
14146 0.744252 0.828354
14147 0.744246 0.82837
14148 0.744237 0.8284
14149 0.744225 0.828442
14150 0.744211 0.828495
14151 0.744212 0.828535
14152 0.744227 0.828564
14153 0.744253 0.828582
14154 0.74429 0.82859
14155 0.744321 0.828612
14156 0.744345 0.828648
14157 0.744363 0.828695
14158 0.744379 0.828722
14159 0.744394 0.82873
14160 0.744407 0.828723
14161 0.744419 0.8287
14162 0.74443 0.828664
14163 0.74444 0.828616
14164 0.744445 0.828587
14165 0.744446 0.828577
14166 0.744448 0.828553
14167 0.744449 0.828515
14168 0.74445 0.828465
14169 0.744451 0.828405
14170 0.744449 0.828366
14171 0.744443 0.828346
14172 0.744435 0.828344
14173 0.744424 0.828357
14174 0.744411 0.828383
14175 0.744396 0.828423
14176 0.744382 0.828443
14177 0.744369 0.828445
14178 0.744372 0.828439
14179 0.744371 0.828449
14180 0.744383 0.828451
14181 0.744408 0.828444
14182 0.744444 0.828431
14183 0.744491 0.828412
14184 0.744529 0.828409
14185 0.74456 0.828422
14186 0.744584 0.828449
14187 0.744603 0.828489
14188 0.744619 0.828509
14189 0.744635 0.828511
14190 0.744645 0.828528
14191 0.74465 0.828559
14192 0.744652 0.828602
14193 0.744654 0.828626
14194 0.744655 0.828631
14195 0.744653 0.828651
14196 0.744648 0.828684
14197 0.74464 0.828729
14198 0.744629 0.828785
14199 0.744615 0.82885
14200 0.7446 0.828925
14201 0.7446 0.828984
14202 0.744614 0.82903
14203 0.74464 0.829064
14204 0.74466 0.829109
14205 0.744674 0.829166
14206 0.744687 0.829201
14207 0.744699 0.829217
14208 0.74471 0.829215
14209 0.744716 0.829229
14210 0.744718 0.829257
14211 0.74472 0.829267
14212 0.744722 0.82926
14213 0.744724 0.829237
14214 0.744725 0.829202
14215 0.744727 0.829154
14216 0.744728 0.829096
14217 0.744729 0.829027
14218 0.744731 0.82895
14219 0.744728 0.828896
14220 0.744726 0.828831
14221 0.744724 0.828758
14222 0.744722 0.828676
14223 0.744721 0.828586
14224 0.744716 0.828521
14225 0.744708 0.828478
14226 0.744701 0.828423
14227 0.744695 0.828358
14228 0.744689 0.828284
14229 0.744681 0.828232
14230 0.744669 0.828201
14231 0.744656 0.828189
14232 0.744644 0.828162
14233 0.744629 0.828152
14234 0.744612 0.828159
14235 0.744594 0.828181
14236 0.744574 0.828216
14237 0.744553 0.828262
14238 0.744533 0.828288
14239 0.744516 0.828296
14240 0.744501 0.828287
14241 0.744487 0.828264
14242 0.744474 0.828227
14243 0.74446 0.82821
14244 0.744446 0.828178
14245 0.744431 0.828165
14246 0.744418 0.828137
14247 0.744405 0.828097
14248 0.744391 0.828076
14249 0.744392 0.828049
14250 0.744406 0.828018
14251 0.744415 0.828005
14252 0.744421 0.828008
14253 0.744422 0.828027
14254 0.744437 0.828035
14255 0.744464 0.828036
14256 0.744488 0.828021
14257 0.744507 0.828022
14258 0.744537 0.828016
14259 0.744578 0.828003
14260 0.744629 0.827983
14261 0.744671 0.827981
14262 0.744709 0.827963
14263 0.744757 0.82794
14264 0.744814 0.827912
14265 0.744865 0.82787
14266 0.744908 0.827848
14267 0.744943 0.827844
14268 0.744972 0.827855
14269 0.744994 0.827881
14270 0.745011 0.827919
14271 0.745026 0.827938
14272 0.745037 0.82797
14273 0.745043 0.828014
14274 0.745045 0.828069
14275 0.745044 0.828134
14276 0.745039 0.828208
14277 0.745032 0.82829
14278 0.745022 0.828378
14279 0.74501 0.828473
14280 0.744996 0.828574
14281 0.74498 0.82868
14282 0.744962 0.828791
14283 0.744946 0.828875
14284 0.744931 0.828935
14285 0.744918 0.828973
14286 0.744906 0.828992
14287 0.744895 0.828993
14288 0.744886 0.828979
14289 0.744873 0.828981
14290 0.744859 0.828998
14291 0.744846 0.828998
14292 0.744835 0.828983
14293 0.744824 0.828953
14294 0.744815 0.82891
14295 0.744806 0.828856
14296 0.744798 0.828792
14297 0.744791 0.828719
14298 0.744784 0.828637
14299 0.744778 0.828548
14300 0.744772 0.828452
14301 0.744764 0.82838
14302 0.744753 0.828332
14303 0.74474 0.828303
14304 0.744724 0.828293
14305 0.74471 0.828268
14306 0.744695 0.82826
14307 0.744677 0.828269
14308 0.744675 0.828269
14309 0.744686 0.828262
14310 0.74471 0.828248
14311 0.744729 0.82825
14312 0.744742 0.828268
14313 0.744767 0.828276
14314 0.744787 0.828299
14315 0.744802 0.828334
14316 0.744811 0.828382
14317 0.74482 0.828409
14318 0.744827 0.828417
14319 0.744834 0.82841
14320 0.74484 0.828387
14321 0.744845 0.828351
14322 0.744847 0.828334
14323 0.744845 0.828334
14324 0.74484 0.828349
14325 0.744833 0.828378
14326 0.744826 0.828388
14327 0.74482 0.828382
14328 0.744811 0.828392
14329 0.744799 0.828416
14330 0.744789 0.828422
14331 0.74478 0.828412
14332 0.744768 0.828418
14333 0.744755 0.828438
14334 0.744742 0.828442
14335 0.744731 0.828429
14336 0.744721 0.828401
14337 0.744711 0.828361
14338 0.7447 0.828341
14339 0.744686 0.828337
14340 0.74467 0.828349
14341 0.744653 0.828376
14342 0.744651 0.828392
14343 0.744647 0.828422
14344 0.744639 0.828464
14345 0.744629 0.828517
14346 0.744617 0.82858
14347 0.74462 0.82863
14348 0.744637 0.828666
14349 0.744648 0.828715
14350 0.744655 0.828774
14351 0.744662 0.828811
14352 0.744667 0.828829
14353 0.744672 0.82883
14354 0.744676 0.828815
14355 0.744677 0.828817
14356 0.744674 0.828834
14357 0.744672 0.828833
14358 0.744669 0.828817
14359 0.744667 0.828787
14360 0.744665 0.828744
14361 0.744662 0.82869
14362 0.74466 0.828626
14363 0.744655 0.828584
14364 0.74465 0.82853
14365 0.744646 0.828466
14366 0.744638 0.828423
14367 0.744629 0.8284
14368 0.74462 0.828364
14369 0.744608 0.828347
14370 0.744595 0.828346
14371 0.744583 0.828331
14372 0.744569 0.828332
14373 0.744556 0.828317
14374 0.744541 0.828319
14375 0.744524 0.828336
14376 0.744506 0.828366
14377 0.744487 0.828409
14378 0.744466 0.828463
14379 0.744447 0.828496
14380 0.744443 0.828518
14381 0.744454 0.82853
14382 0.744477 0.828533
14383 0.744511 0.828529
14384 0.744556 0.828517
14385 0.744593 0.828522
14386 0.744626 0.82851
14387 0.744656 0.828484
14388 0.744679 0.828476
14389 0.744701 0.828453
14390 0.744717 0.828448
14391 0.744728 0.828459
14392 0.744737 0.828452
14393 0.744743 0.828462
14394 0.744745 0.828486
14395 0.744743 0.828523
14396 0.744739 0.828572
14397 0.744731 0.828631
14398 0.744721 0.828699
14399 0.744709 0.828776
14400 0.744695 0.828861
14401 0.744696 0.82893
14402 0.74471 0.828984
14403 0.744737 0.829025
14404 0.744775 0.829055
14405 0.744823 0.829074
14406 0.744866 0.829076
14407 0.744905 0.829062
14408 0.74494 0.829034
14409 0.744972 0.828993
14410 0.744997 0.828971
14411 0.745016 0.828967
14412 0.745031 0.828978
14413 0.74504 0.829004
14414 0.745045 0.829043
14415 0.74505 0.829061
14416 0.745055 0.829063
14417 0.745059 0.829048
14418 0.745063 0.82902
14419 0.745067 0.828978
14420 0.745067 0.828956
14421 0.745064 0.828952
14422 0.745058 0.828963
14423 0.745052 0.828958
14424 0.745048 0.828937
14425 0.74504 0.828934
14426 0.745031 0.828946
14427 0.745018 0.828972
14428 0.745004 0.829011
14429 0.744992 0.829031
14430 0.744981 0.829033
14431 0.744971 0.829019
14432 0.744959 0.829022
14433 0.744945 0.829039
14434 0.744929 0.829071
14435 0.744914 0.829083
14436 0.744902 0.829079
14437 0.744891 0.829059
14438 0.744881 0.829026
14439 0.744873 0.828981
14440 0.744862 0.828955
14441 0.744848 0.828947
14442 0.744833 0.828955
14443 0.74482 0.828947
14444 0.744804 0.828955
14445 0.744787 0.828977
14446 0.744769 0.829013
14447 0.744752 0.829029
14448 0.744737 0.829028
14449 0.744724 0.829012
14450 0.744712 0.828981
14451 0.744702 0.828938
14452 0.744689 0.828914
14453 0.744674 0.828909
14454 0.744657 0.828919
14455 0.744639 0.828943
14456 0.744623 0.828949
14457 0.744604 0.82897
14458 0.744585 0.829004
14459 0.744564 0.82905
14460 0.744541 0.829107
14461 0.744518 0.829173
14462 0.744496 0.829217
14463 0.744477 0.829241
14464 0.744457 0.829278
14465 0.744435 0.829326
14466 0.744412 0.829385
14467 0.744387 0.829453
14468 0.744362 0.82953
14469 0.74434 0.829583
14470 0.744316 0.829647
14471 0.744291 0.829719
14472 0.744282 0.829776
14473 0.744288 0.82982
14474 0.744307 0.829852
14475 0.744337 0.829873
14476 0.744378 0.829885
14477 0.744416 0.829879
14478 0.744449 0.829858
14479 0.744478 0.829824
14480 0.744502 0.829809
14481 0.74452 0.82981
14482 0.744532 0.829827
14483 0.744543 0.829826
14484 0.744553 0.829809
14485 0.744562 0.829779
14486 0.744571 0.829736
14487 0.744578 0.829682
14488 0.744585 0.829617
14489 0.744591 0.829543
14490 0.744596 0.829461
14491 0.744601 0.829372
14492 0.744602 0.829307
14493 0.744603 0.829232
14494 0.744604 0.82915
14495 0.744605 0.82906
14496 0.744606 0.828963
14497 0.744606 0.828861
14498 0.744604 0.828784
14499 0.744598 0.828729
14500 0.744589 0.828696
14501 0.744578 0.828681
14502 0.744565 0.828683
14503 0.744549 0.8287
14504 0.744535 0.8287
14505 0.744523 0.828684
14506 0.744508 0.828685
14507 0.744492 0.828701
14508 0.744477 0.828699
14509 0.744464 0.828683
14510 0.744452 0.828652
14511 0.744442 0.828609
14512 0.744429 0.828585
14513 0.744414 0.828579
14514 0.744398 0.828589
14515 0.744379 0.828613
14516 0.74436 0.82865
14517 0.744342 0.828668
14518 0.744326 0.828668
14519 0.744308 0.828684
14520 0.744289 0.828713
14521 0.744268 0.828755
14522 0.744246 0.828807
14523 0.744223 0.82887
14524 0.744202 0.828911
14525 0.744184 0.828932
14526 0.744167 0.828935
14527 0.744152 0.828923
14528 0.744136 0.828927
14529 0.744117 0.828945
14530 0.744101 0.828947
14531 0.744086 0.828932
14532 0.744073 0.828903
14533 0.744061 0.828862
14534 0.744047 0.828839
14535 0.744032 0.828835
14536 0.744014 0.828846
14537 0.744011 0.828848
14538 0.744023 0.828843
14539 0.744047 0.82883
14540 0.744065 0.828833
14541 0.744078 0.828852
14542 0.744086 0.828884
14543 0.744091 0.828928
14544 0.744091 0.828983
14545 0.744088 0.829048
14546 0.744099 0.829099
14547 0.744123 0.829137
14548 0.744158 0.829163
14549 0.744189 0.829172
14550 0.744218 0.829163
14551 0.744244 0.82914
14552 0.744264 0.829134
14553 0.744279 0.829145
14554 0.74429 0.829169
14555 0.744295 0.829207
14556 0.744301 0.829225
14557 0.744306 0.829226
14558 0.744311 0.829211
14559 0.744316 0.829181
14560 0.74432 0.829139
14561 0.744325 0.829085
14562 0.744325 0.829052
14563 0.744323 0.829038
14564 0.74432 0.829009
14565 0.744318 0.828968
14566 0.744317 0.828915
14567 0.744316 0.828852
14568 0.744311 0.82881
14569 0.744304 0.828788
14570 0.744294 0.828783
14571 0.744282 0.828795
14572 0.744267 0.82882
14573 0.744251 0.828858
14574 0.744233 0.828907
14575 0.744213 0.828967
14576 0.744192 0.829036
14577 0.744187 0.829091
14578 0.744196 0.829132
14579 0.7442 0.829184
14580 0.744201 0.829247
14581 0.744198 0.829318
14582 0.744196 0.829367
14583 0.744194 0.829395
14584 0.744192 0.829405
14585 0.74419 0.829398
14586 0.744188 0.829376
14587 0.744183 0.829372
14588 0.744176 0.829383
14589 0.744165 0.829409
14590 0.744153 0.829447
14591 0.744142 0.829466
14592 0.744132 0.829467
14593 0.744123 0.829452
14594 0.744115 0.829424
14595 0.744107 0.829382
14596 0.744101 0.829329
14597 0.744091 0.829296
14598 0.74408 0.829282
14599 0.744069 0.829254
14600 0.744057 0.829244
14601 0.744042 0.82925
14602 0.744028 0.82924
14603 0.74403 0.829224
14604 0.744045 0.829201
14605 0.744073 0.829173
14606 0.744111 0.829139
14607 0.744145 0.829094
14608 0.744176 0.829037
14609 0.744201 0.829002
14610 0.744219 0.828985
14611 0.744233 0.828985
14612 0.744242 0.829
14613 0.744246 0.82903
14614 0.744247 0.829071
14615 0.744248 0.829093
14616 0.744249 0.829097
14617 0.744249 0.829085
14618 0.744246 0.829089
14619 0.744241 0.829109
14620 0.744232 0.829141
14621 0.744224 0.829155
14622 0.744214 0.829183
14623 0.744201 0.829223
14624 0.744187 0.829274
14625 0.74417 0.829336
14626 0.744152 0.829406
14627 0.744135 0.829454
14628 0.74412 0.829482
14629 0.744107 0.829491
14630 0.744095 0.829483
14631 0.744084 0.829461
14632 0.744071 0.829456
14633 0.744073 0.829444
14634 0.744071 0.829449
14635 0.744066 0.829468
14636 0.744058 0.8295
14637 0.744065 0.829522
14638 0.744084 0.829534
14639 0.744115 0.829536
14640 0.74414 0.829554
14641 0.744159 0.829585
14642 0.744172 0.829629
14643 0.744198 0.82966
14644 0.744221 0.829673
14645 0.744239 0.829699
14646 0.744251 0.829739
14647 0.744259 0.829789
14648 0.744266 0.829819
14649 0.744272 0.82983
14650 0.744278 0.829825
14651 0.744283 0.829804
14652 0.744285 0.829801
14653 0.744283 0.829813
14654 0.744281 0.829808
14655 0.744279 0.829789
14656 0.744278 0.829755
14657 0.744277 0.829709
14658 0.744276 0.829652
14659 0.744272 0.829616
14660 0.744265 0.829599
14661 0.744255 0.829599
14662 0.744247 0.829584
14663 0.744239 0.829554
14664 0.744232 0.829511
14665 0.744223 0.829489
14666 0.744211 0.829483
14667 0.744197 0.829494
14668 0.744181 0.829519
14669 0.744164 0.829556
14670 0.744145 0.829605
14671 0.744127 0.829634
14672 0.744112 0.829644
14673 0.744112 0.829645
14674 0.744125 0.829639
14675 0.744151 0.829625
14676 0.744175 0.829598
14677 0.744196 0.829557
14678 0.744215 0.829504
14679 0.744229 0.829473
14680 0.744238 0.829459
14681 0.744244 0.829463
14682 0.744245 0.829481
14683 0.744243 0.829513
14684 0.744242 0.829526
14685 0.744237 0.829553
14686 0.744233 0.829562
14687 0.744229 0.829554
14688 0.744226 0.829531
14689 0.744223 0.829495
14690 0.744221 0.829447
14691 0.744218 0.829388
14692 0.744213 0.82935
14693 0.744209 0.829301
14694 0.744201 0.829271
14695 0.744191 0.82926
14696 0.744179 0.829265
14697 0.744168 0.829254
14698 0.744159 0.829229
14699 0.74415 0.82919
14700 0.744139 0.829171
14701 0.744125 0.829169
14702 0.74411 0.829182
14703 0.744093 0.829209
14704 0.744078 0.829218
14705 0.744064 0.829211
14706 0.744052 0.829188
14707 0.744041 0.829152
14708 0.744027 0.829135
14709 0.744012 0.829135
14710 0.743995 0.82915
14711 0.74398 0.829148
14712 0.743966 0.829131
14713 0.743954 0.8291
14714 0.743943 0.829056
14715 0.743929 0.829032
14716 0.743914 0.829025
14717 0.743897 0.829035
14718 0.743878 0.829058
14719 0.743874 0.829072
14720 0.743885 0.829077
14721 0.743908 0.829073
14722 0.743925 0.829085
14723 0.743937 0.829111
14724 0.743945 0.82915
14725 0.743948 0.8292
14726 0.743964 0.829237
14727 0.743993 0.829263
14728 0.744032 0.829279
14729 0.744064 0.829308
14730 0.744093 0.829319
14731 0.744119 0.829313
14732 0.744142 0.829291
14733 0.74416 0.829288
14734 0.744172 0.8293
14735 0.74418 0.829326
14736 0.744187 0.829333
14737 0.744193 0.829325
14738 0.744199 0.829301
14739 0.744201 0.829295
14740 0.744199 0.829305
14741 0.744193 0.82933
14742 0.744189 0.829336
14743 0.744184 0.829326
14744 0.744181 0.829301
14745 0.744174 0.829294
14746 0.744164 0.829303
14747 0.744151 0.829326
14748 0.74414 0.829331
14749 0.74413 0.82932
14750 0.744135 0.829303
14751 0.744135 0.829302
14752 0.744132 0.829317
14753 0.744126 0.829346
14754 0.744116 0.829387
14755 0.744104 0.829439
14756 0.74409 0.829501
14757 0.744077 0.829541
14758 0.744065 0.829562
14759 0.744055 0.829565
14760 0.744042 0.829582
14761 0.744026 0.829614
14762 0.744009 0.829657
14763 0.744007 0.829688
14764 0.744001 0.829732
14765 0.743993 0.829786
14766 0.743982 0.82985
14767 0.743972 0.829892
14768 0.743962 0.829915
14769 0.743968 0.829927
14770 0.743969 0.829953
14771 0.743967 0.829992
14772 0.743964 0.830011
14773 0.743962 0.830013
14774 0.74396 0.829999
14775 0.743959 0.82997
14776 0.743957 0.829929
14777 0.743956 0.829876
14778 0.743951 0.829843
14779 0.743943 0.82983
14780 0.743932 0.829833
14781 0.743922 0.829819
14782 0.743927 0.8298
14783 0.743945 0.829774
14784 0.743975 0.829744
14785 0.744016 0.829708
14786 0.744049 0.829692
14787 0.744075 0.829692
14788 0.744095 0.829708
14789 0.74411 0.829737
14790 0.744137 0.829756
14791 0.744157 0.829788
14792 0.744173 0.829832
14793 0.7442 0.829865
14794 0.744238 0.829886
14795 0.74427 0.82992
14796 0.744294 0.829966
14797 0.744316 0.829992
14798 0.744336 0.83
14799 0.744351 0.830022
14800 0.744364 0.830027
14801 0.744376 0.830015
14802 0.744384 0.83002
14803 0.744391 0.830008
14804 0.744393 0.830013
14805 0.744392 0.830033
14806 0.744388 0.830066
14807 0.744381 0.830111
14808 0.744375 0.830136
14809 0.744369 0.830143
14810 0.74436 0.830165
14811 0.744349 0.830199
14812 0.744339 0.830215
14813 0.744331 0.830213
14814 0.744323 0.830195
14815 0.744316 0.830164
14816 0.744307 0.830151
14817 0.744295 0.830155
14818 0.744284 0.830143
14819 0.744275 0.830116
14820 0.744263 0.830107
14821 0.744248 0.830115
14822 0.744232 0.830136
14823 0.744218 0.830141
14824 0.744205 0.830128
14825 0.744193 0.830102
14826 0.744183 0.830062
14827 0.744174 0.830011
14828 0.744166 0.829949
14829 0.744159 0.829877
14830 0.744148 0.829828
14831 0.744136 0.8298
14832 0.744125 0.829758
14833 0.744111 0.829736
14834 0.744095 0.829731
14835 0.744094 0.829719
14836 0.74409 0.829723
14837 0.744086 0.829712
14838 0.744083 0.829686
14839 0.74408 0.829646
14840 0.744077 0.829596
14841 0.744074 0.829534
14842 0.744071 0.829463
14843 0.744069 0.829383
14844 0.744067 0.829296
14845 0.744064 0.829202
14846 0.744062 0.829101
14847 0.744057 0.829026
14848 0.744048 0.828974
14849 0.744037 0.828942
14850 0.744023 0.828928
14851 0.744007 0.828932
14852 0.743989 0.82895
14853 0.743969 0.828981
14854 0.743965 0.829002
14855 0.743975 0.829012
14856 0.74398 0.829037
14857 0.743981 0.829075
14858 0.743979 0.829124
14859 0.743973 0.829184
14860 0.743965 0.829253
14861 0.743953 0.82933
14862 0.74394 0.829415
14863 0.743941 0.829483
14864 0.743956 0.829537
14865 0.743966 0.829601
14866 0.743971 0.829674
14867 0.743989 0.829732
14868 0.74402 0.829776
14869 0.74406 0.829808
14870 0.744097 0.829821
14871 0.744127 0.829848
14872 0.74415 0.829888
14873 0.744171 0.829908
14874 0.74419 0.829911
14875 0.744203 0.829928
14876 0.744212 0.829959
14877 0.744219 0.829971
14878 0.744227 0.829966
14879 0.744233 0.829946
14880 0.744235 0.829944
14881 0.744234 0.829957
14882 0.744232 0.829953
14883 0.744231 0.829933
14884 0.74423 0.8299
14885 0.744226 0.829886
14886 0.744218 0.829888
14887 0.744208 0.829905
14888 0.744196 0.829936
14889 0.744184 0.829948
14890 0.744174 0.829943
14891 0.744165 0.829923
14892 0.744157 0.82989
14893 0.744149 0.829844
14894 0.744139 0.829817
14895 0.744127 0.829809
14896 0.744112 0.829817
14897 0.744095 0.829839
14898 0.744076 0.829875
14899 0.744073 0.829899
14900 0.744084 0.829913
14901 0.744108 0.829918
14902 0.744142 0.829915
14903 0.744187 0.829904
14904 0.744224 0.82991
14905 0.744254 0.82993
14906 0.744277 0.829964
14907 0.744298 0.829978
14908 0.744317 0.829976
14909 0.744334 0.829957
14910 0.744349 0.829926
14911 0.744363 0.829881
14912 0.744372 0.829857
14913 0.744379 0.829819
14914 0.744387 0.829769
14915 0.74439 0.829739
14916 0.744389 0.829728
14917 0.744384 0.829733
14918 0.744377 0.829753
14919 0.744367 0.829786
14920 0.744355 0.829831
14921 0.74434 0.829887
14922 0.744323 0.829953
14923 0.744308 0.829996
14924 0.744309 0.830028
14925 0.744305 0.830071
14926 0.744299 0.830126
14927 0.744307 0.830167
14928 0.744328 0.830197
14929 0.744343 0.830239
14930 0.744371 0.830269
14931 0.744409 0.830288
14932 0.744444 0.83029
14933 0.744475 0.830276
14934 0.744499 0.830279
14935 0.744518 0.830297
14936 0.744531 0.830328
14937 0.74454 0.830372
14938 0.744548 0.830395
14939 0.744555 0.8304
14940 0.744562 0.83039
14941 0.744564 0.830395
14942 0.744567 0.830384
14943 0.744565 0.83039
14944 0.744564 0.83038
14945 0.744563 0.830354
14946 0.744563 0.830316
14947 0.744562 0.830266
14948 0.744562 0.830205
14949 0.744559 0.830165
14950 0.744552 0.830145
14951 0.744543 0.830142
14952 0.744531 0.830155
14953 0.74452 0.83015
14954 0.744511 0.830131
14955 0.744503 0.830098
14956 0.744495 0.830052
14957 0.744489 0.829995
14958 0.744483 0.829928
14959 0.744479 0.829852
14960 0.744474 0.829768
14961 0.744471 0.829677
14962 0.744467 0.829579
14963 0.744461 0.829506
14964 0.744452 0.829456
14965 0.744441 0.829426
14966 0.744427 0.829415
14967 0.744411 0.82942
14968 0.744393 0.829439
14969 0.744374 0.829472
14970 0.744353 0.829517
14971 0.744334 0.829542
14972 0.744314 0.82958
14973 0.744292 0.829629
14974 0.744269 0.829689
14975 0.744245 0.829758
14976 0.744236 0.829812
14977 0.744243 0.829853
14978 0.744262 0.829883
14979 0.744293 0.829901
14980 0.744335 0.829911
14981 0.744369 0.829934
14982 0.744396 0.829971
14983 0.744417 0.830019
14984 0.744432 0.830078
14985 0.744442 0.830146
14986 0.744448 0.830222
14987 0.74445 0.830307
14988 0.744448 0.830398
14989 0.744446 0.830464
14990 0.744445 0.830508
14991 0.744443 0.830532
14992 0.744439 0.830568
14993 0.744431 0.830617
14994 0.744421 0.830676
14995 0.744408 0.830744
14996 0.744397 0.83079
14997 0.744386 0.830815
14998 0.744377 0.830823
14999 0.744366 0.830844
15000 0.744369 0.830857
