14000 0.69 0.859562
14001 0.69 0.85955
14002 0.69 0.859523
14003 0.69 0.859484
14004 0.69 0.859464
14005 0.69 0.85943
14006 0.69 0.859384
14007 0.69 0.859327
14008 0.69 0.859261
14009 0.69 0.859185
14010 0.69 0.859132
14011 0.69 0.859101
14012 0.69 0.859057
14013 0.69 0.859033
14014 0.69 0.859026
14015 0.69 0.859037
14016 0.69 0.85903
14017 0.69 0.859009
14018 0.69 0.858974
14019 0.69 0.858958
14020 0.69 0.858928
14021 0.69 0.858909
14022 0.69 0.858899
14023 0.69 0.858898
14024 0.69 0.858905
14025 0.69 0.858918
14026 0.69 0.858938
14027 0.69 0.858963
14028 0.69 0.858994
14029 0.69 0.859029
14030 0.69 0.859068
14031 0.69 0.859111
14032 0.69 0.859157
14033 0.69 0.859206
14034 0.69 0.859258
14035 0.69 0.859313
14036 0.69 0.859369
14037 0.69 0.859428
14038 0.69 0.859488
14039 0.69 0.85955
14040 0.69 0.85959
14041 0.69 0.859611
14042 0.69 0.859614
14043 0.69 0.859632
14044 0.69 0.859664
14045 0.69 0.859708
14046 0.69 0.859733
14047 0.69 0.859739
14048 0.69 0.859729
14049 0.69 0.859705
14050 0.69 0.859667
14051 0.69 0.859618
14052 0.69 0.859589
14053 0.69 0.859571
14054 0.69 0.859539
14055 0.69 0.859495
14056 0.69 0.859439
14057 0.69 0.859374
14058 0.69 0.859299
14059 0.69 0.859248
14060 0.69 0.859217
14061 0.69 0.859205
14062 0.69 0.859178
14063 0.69 0.859139
14064 0.69 0.859119
14065 0.69 0.859085
14066 0.69 0.85904
14067 0.69 0.859014
14068 0.69 0.858999
14069 0.69 0.858992
14070 0.69 0.858995
14071 0.69 0.859012
14072 0.69 0.859044
14073 0.69 0.859087
14074 0.69 0.859143
14075 0.69 0.859208
14076 0.69 0.859282
14077 0.69 0.859334
14078 0.69 0.859364
14079 0.69 0.859376
14080 0.69 0.859371
14081 0.69 0.859374
14082 0.69 0.859385
14083 0.69 0.859402
14084 0.69 0.859426
14085 0.69 0.859454
14086 0.69 0.859487
14087 0.69 0.859502
14088 0.69 0.859499
14089 0.69 0.859481
14090 0.69 0.859449
14091 0.69 0.859405
14092 0.69 0.85935
14093 0.69 0.859284
14094 0.69 0.85921
14095 0.69 0.85915
14096 0.69 0.859104
14097 0.69 0.859071
14098 0.69 0.859048
14099 0.69 0.859036
14100 0.69 0.859032
14101 0.69 0.859013
14102 0.69 0.858981
14103 0.69 0.858959
14104 0.69 0.858947
14105 0.69 0.858944
14106 0.69 0.858949
14107 0.69 0.858961
14108 0.69 0.85898
14109 0.69 0.859004
14110 0.69 0.859034
14111 0.69 0.859068
14112 0.69 0.859106
14113 0.69 0.859148
14114 0.69 0.859194
14115 0.69 0.859242
14116 0.69 0.859294
14117 0.69 0.859325
14118 0.69 0.859337
14119 0.69 0.859332
14120 0.69 0.859312
14121 0.69 0.859302
14122 0.69 0.8593
14123 0.69 0.859306
14124 0.69 0.859319
14125 0.69 0.859339
14126 0.69 0.859364
14127 0.69 0.859394
14128 0.69 0.859429
14129 0.69 0.859469
14130 0.69 0.859512
14131 0.69 0.859558
14132 0.69 0.859615
14133 0.69 0.859682
14134 0.69 0.859758
14135 0.69 0.859842
14136 0.69 0.859902
14137 0.69 0.859941
14138 0.69 0.85996
14139 0.69 0.859993
14140 0.69 0.860006
14141 0.69 0.860003
14142 0.69 0.859985
14143 0.69 0.859953
14144 0.69 0.859916
14145 0.69 0.859876
14146 0.69 0.859832
14147 0.69 0.859784
14148 0.69 0.859757
14149 0.69 0.859748
14150 0.69 0.859747
14151 0.69 0.859755
14152 0.69 0.85977
14153 0.69 0.85979
14154 0.69 0.859794
14155 0.69 0.859781
14156 0.69 0.859754
14157 0.69 0.859714
14158 0.69 0.859662
14159 0.69 0.859631
14160 0.69 0.859619
14161 0.69 0.859624
14162 0.69 0.859612
14163 0.69 0.859586
14164 0.69 0.859548
14165 0.69 0.859497
14166 0.69 0.859467
14167 0.69 0.859456
14168 0.69 0.859461
14169 0.69 0.85945
14170 0.69 0.859425
14171 0.69 0.859387
14172 0.69 0.859336
14173 0.69 0.859276
14174 0.69 0.859205
14175 0.69 0.859127
14176 0.69 0.859063
14177 0.69 0.859014
14178 0.69 0.858977
14179 0.69 0.858952
14180 0.69 0.858937
14181 0.69 0.858931
14182 0.69 0.858941
14183 0.69 0.858966
14184 0.69 0.859003
14185 0.69 0.859053
14186 0.69 0.859082
14187 0.69 0.859093
14188 0.69 0.859087
14189 0.69 0.859066
14190 0.69 0.859063
14191 0.69 0.859044
14192 0.69 0.859012
14193 0.69 0.858967
14194 0.69 0.858934
14195 0.69 0.858913
14196 0.69 0.8589
14197 0.69 0.858897
14198 0.69 0.858902
14199 0.69 0.858913
14200 0.69 0.858931
14201 0.69 0.858955
14202 0.69 0.858984
14203 0.69 0.859026
14204 0.69 0.859071
14205 0.69 0.859119
14206 0.69 0.859169
14207 0.69 0.859222
14208 0.69 0.859278
14209 0.69 0.859335
14210 0.69 0.859402
14211 0.69 0.859478
14212 0.69 0.859563
14213 0.69 0.859623
14214 0.69 0.859661
14215 0.69 0.85968
14216 0.69 0.859682
14217 0.69 0.859667
14218 0.69 0.859639
14219 0.69 0.859597
14220 0.69 0.859545
14221 0.69 0.859513
14222 0.69 0.8595
14223 0.69 0.859503
14224 0.69 0.859491
14225 0.69 0.859465
14226 0.69 0.859425
14227 0.69 0.859374
14228 0.69 0.859344
14229 0.69 0.859301
14230 0.69 0.859247
14231 0.69 0.859213
14232 0.69 0.859199
14233 0.69 0.859171
14234 0.69 0.859129
14235 0.69 0.8591
14236 0.69 0.859081
14237 0.69 0.859072
14238 0.69 0.859071
14239 0.69 0.859078
14240 0.69 0.859092
14241 0.69 0.859089
14242 0.69 0.859071
14243 0.69 0.859039
14244 0.69 0.858995
14245 0.69 0.858939
14246 0.69 0.858873
14247 0.69 0.858799
14248 0.69 0.858716
14249 0.69 0.858649
14250 0.69 0.858596
14251 0.69 0.858557
14252 0.69 0.858505
14253 0.69 0.858467
14254 0.69 0.85844
14255 0.69 0.8584
14256 0.69 0.858348
14257 0.69 0.858286
14258 0.69 0.858215
14259 0.69 0.858135
14260 0.69 0.85807
14261 0.69 0.857996
14262 0.69 0.857915
14263 0.69 0.857848
14264 0.69 0.857796
14265 0.69 0.857765
14266 0.69 0.857752
14267 0.69 0.857757
14268 0.69 0.857776
14269 0.69 0.857809
14270 0.69 0.857855
14271 0.69 0.857911
14272 0.69 0.857947
14273 0.69 0.857994
14274 0.69 0.858052
14275 0.69 0.85812
14276 0.69 0.858197
14277 0.69 0.858273
14278 0.69 0.858349
14279 0.69 0.858425
14280 0.69 0.858501
14281 0.69 0.858577
14282 0.69 0.858653
14283 0.69 0.858728
14284 0.69 0.858803
14285 0.69 0.858879
14286 0.69 0.858954
14287 0.69 0.859006
14288 0.69 0.859037
14289 0.69 0.85905
14290 0.69 0.859045
14291 0.69 0.859026
14292 0.69 0.858993
14293 0.69 0.858971
14294 0.69 0.858958
14295 0.69 0.858954
14296 0.69 0.858935
14297 0.69 0.858902
14298 0.69 0.858857
14299 0.69 0.858832
14300 0.69 0.858826
14301 0.69 0.858804
14302 0.69 0.858769
14303 0.69 0.858721
14304 0.69 0.858663
14305 0.69 0.858595
14306 0.69 0.858541
14307 0.69 0.858501
14308 0.69 0.858472
14309 0.69 0.858453
14310 0.69 0.858444
14311 0.69 0.858443
14312 0.69 0.85845
14313 0.69 0.858463
14314 0.69 0.858483
14315 0.69 0.858509
14316 0.69 0.858539
14317 0.69 0.858574
14318 0.69 0.858613
14319 0.69 0.858655
14320 0.69 0.858701
14321 0.69 0.858749
14322 0.69 0.858778
14323 0.69 0.858788
14324 0.69 0.858781
14325 0.69 0.858759
14326 0.69 0.858724
14327 0.69 0.858677
14328 0.69 0.858619
14329 0.69 0.858575
14330 0.69 0.858542
14331 0.69 0.85852
14332 0.69 0.858508
14333 0.69 0.858504
14334 0.69 0.858509
14335 0.69 0.85852
14336 0.69 0.858515
14337 0.69 0.858495
14338 0.69 0.858484
14339 0.69 0.858482
14340 0.69 0.858487
14341 0.69 0.8585
14342 0.69 0.858519
14343 0.69 0.858543
14344 0.69 0.858573
14345 0.69 0.858607
14346 0.69 0.858645
14347 0.69 0.858687
14348 0.69 0.858733
14349 0.69 0.858781
14350 0.69 0.858832
14351 0.69 0.858885
14352 0.69 0.858941
14353 0.69 0.858999
14354 0.69 0.859058
14355 0.69 0.859119
14356 0.69 0.859158
14357 0.69 0.859178
14358 0.69 0.85918
14359 0.69 0.859167
14360 0.69 0.859162
14361 0.69 0.859165
14362 0.69 0.859176
14363 0.69 0.859193
14364 0.69 0.859193
14365 0.69 0.859177
14366 0.69 0.859179
14367 0.69 0.859164
14368 0.69 0.859136
14369 0.69 0.859095
14370 0.69 0.859042
14371 0.69 0.859003
14372 0.69 0.858975
14373 0.69 0.858957
14374 0.69 0.858949
14375 0.69 0.858949
14376 0.69 0.858933
14377 0.69 0.858904
14378 0.69 0.858885
14379 0.69 0.858876
14380 0.69 0.858875
14381 0.69 0.858882
14382 0.69 0.858895
14383 0.69 0.858915
14384 0.69 0.858941
14385 0.69 0.858948
14386 0.69 0.858939
14387 0.69 0.858916
14388 0.69 0.858879
14389 0.69 0.85883
14390 0.69 0.858802
14391 0.69 0.858792
14392 0.69 0.858767
14393 0.69 0.85873
14394 0.69 0.85868
14395 0.69 0.858643
14396 0.69 0.858617
14397 0.69 0.858602
14398 0.69 0.858595
14399 0.69 0.858597
14400 0.69 0.858605
14401 0.69 0.858621
14402 0.69 0.858642
14403 0.69 0.858669
14404 0.69 0.8587
14405 0.69 0.858736
14406 0.69 0.858753
14407 0.69 0.858752
14408 0.69 0.858735
14409 0.69 0.858705
14410 0.69 0.858685
14411 0.69 0.858675
14412 0.69 0.858673
14413 0.69 0.858678
14414 0.69 0.858691
14415 0.69 0.858709
14416 0.69 0.858742
14417 0.69 0.858786
14418 0.69 0.858842
14419 0.69 0.858908
14420 0.69 0.858983
14421 0.69 0.859066
14422 0.69 0.859156
14423 0.69 0.859253
14424 0.69 0.859355
14425 0.69 0.859432
14426 0.69 0.859486
14427 0.69 0.859518
14428 0.69 0.859563
14429 0.69 0.859619
14430 0.69 0.859685
14431 0.69 0.859737
14432 0.69 0.859775
14433 0.69 0.859802
14434 0.69 0.859818
14435 0.69 0.859824
14436 0.69 0.859822
14437 0.69 0.859813
14438 0.69 0.859796
14439 0.69 0.859774
14440 0.69 0.859745
14441 0.69 0.859712
14442 0.69 0.859697
14443 0.69 0.8597
14444 0.69 0.859718
14445 0.69 0.85975
14446 0.69 0.859794
14447 0.69 0.859818
14448 0.69 0.859824
14449 0.69 0.859814
14450 0.69 0.859789
14451 0.69 0.859751
14452 0.69 0.859732
14453 0.69 0.859731
14454 0.69 0.859746
14455 0.69 0.859744
14456 0.69 0.859757
14457 0.69 0.859785
14458 0.69 0.859826
14459 0.69 0.859878
14460 0.69 0.85994
14461 0.69 0.860012
14462 0.69 0.860093
14463 0.69 0.860181
14464 0.69 0.860244
14465 0.69 0.860286
14466 0.69 0.860307
14467 0.69 0.860311
14468 0.69 0.860299
14469 0.69 0.860273
14470 0.69 0.860256
14471 0.69 0.86025
14472 0.69 0.860251
14473 0.69 0.86026
14474 0.69 0.860276
14475 0.69 0.860298
14476 0.69 0.860325
14477 0.69 0.860334
14478 0.69 0.860326
14479 0.69 0.860304
14480 0.69 0.860299
14481 0.69 0.86031
14482 0.69 0.860305
14483 0.69 0.860285
14484 0.69 0.860251
14485 0.69 0.860204
14486 0.69 0.860147
14487 0.69 0.860111
14488 0.69 0.860095
14489 0.69 0.860095
14490 0.69 0.860111
14491 0.69 0.86011
14492 0.69 0.860094
14493 0.69 0.860094
14494 0.69 0.860079
14495 0.69 0.860082
14496 0.69 0.860068
14497 0.69 0.860071
14498 0.69 0.860059
14499 0.69 0.860032
14500 0.69 0.860023
14501 0.69 0.859999
14502 0.69 0.859963
14503 0.69 0.859945
14504 0.69 0.859914
14505 0.69 0.85987
14506 0.69 0.859815
14507 0.69 0.85975
14508 0.69 0.859676
14509 0.69 0.859624
14510 0.69 0.859594
14511 0.69 0.859582
14512 0.69 0.859587
14513 0.69 0.859576
14514 0.69 0.85955
14515 0.69 0.859512
14516 0.69 0.859461
14517 0.69 0.859432
14518 0.69 0.859412
14519 0.69 0.859403
14520 0.69 0.859402
14521 0.69 0.859409
14522 0.69 0.859423
14523 0.69 0.859443
14524 0.69 0.859469
14525 0.69 0.8595
14526 0.69 0.859536
14527 0.69 0.859575
14528 0.69 0.859603
14529 0.69 0.85962
14530 0.69 0.859628
14531 0.69 0.859627
14532 0.69 0.859618
14533 0.69 0.859617
14534 0.69 0.859625
14535 0.69 0.859639
14536 0.69 0.85966
14537 0.69 0.859671
14538 0.69 0.859672
14539 0.69 0.859666
14540 0.69 0.859652
14541 0.69 0.859632
14542 0.69 0.859606
14543 0.69 0.859574
14544 0.69 0.859538
14545 0.69 0.859497
14546 0.69 0.859468
14547 0.69 0.859449
14548 0.69 0.85944
14549 0.69 0.859424
14550 0.69 0.859402
14551 0.69 0.859374
14552 0.69 0.85934
14553 0.69 0.859302
14554 0.69 0.859259
14555 0.69 0.859237
14556 0.69 0.859232
14557 0.69 0.859244
14558 0.69 0.859262
14559 0.69 0.859285
14560 0.69 0.859315
14561 0.69 0.859348
14562 0.69 0.859386
14563 0.69 0.859428
14564 0.69 0.859458
14565 0.69 0.859477
14566 0.69 0.859501
14567 0.69 0.859531
14568 0.69 0.85955
14569 0.69 0.859575
14570 0.69 0.859604
14571 0.69 0.859639
14572 0.69 0.859678
14573 0.69 0.859721
14574 0.69 0.859767
14575 0.69 0.859816
14576 0.69 0.859868
14577 0.69 0.859923
14578 0.69 0.85998
14579 0.69 0.860039
14580 0.69 0.860099
14581 0.69 0.860162
14582 0.69 0.860226
14583 0.69 0.860267
14584 0.69 0.860289
14585 0.69 0.860294
14586 0.69 0.860282
14587 0.69 0.860256
14588 0.69 0.86024
14589 0.69 0.860233
14590 0.69 0.860235
14591 0.69 0.860244
14592 0.69 0.86026
14593 0.69 0.860283
14594 0.69 0.860287
14595 0.69 0.860275
14596 0.69 0.860249
14597 0.69 0.86021
14598 0.69 0.860159
14599 0.69 0.860097
14600 0.69 0.860026
14601 0.69 0.859946
14602 0.69 0.859882
14603 0.69 0.859832
14604 0.69 0.859795
14605 0.69 0.859769
14606 0.69 0.859754
14607 0.69 0.859756
14608 0.69 0.859773
14609 0.69 0.859804
14610 0.69 0.859848
14611 0.69 0.859872
14612 0.69 0.859909
14613 0.69 0.859958
14614 0.69 0.860018
14615 0.69 0.860056
14616 0.69 0.860106
14617 0.69 0.860135
14618 0.69 0.860177
14619 0.69 0.860199
14620 0.69 0.860203
14621 0.69 0.860223
14622 0.69 0.860256
14623 0.69 0.860302
14624 0.69 0.860358
14625 0.69 0.860425
14626 0.69 0.860469
14627 0.69 0.860493
14628 0.69 0.8605
14629 0.69 0.860489
14630 0.69 0.860465
14631 0.69 0.860427
14632 0.69 0.860377
14633 0.69 0.86034
14634 0.69 0.860314
14635 0.69 0.860299
14636 0.69 0.860293
14637 0.69 0.860295
14638 0.69 0.860305
14639 0.69 0.860322
14640 0.69 0.860344
14641 0.69 0.860373
14642 0.69 0.860406
14643 0.69 0.860443
14644 0.69 0.860461
14645 0.69 0.860462
14646 0.69 0.860447
14647 0.69 0.860418
14648 0.69 0.860399
14649 0.69 0.86039
14650 0.69 0.860389
14651 0.69 0.860405
14652 0.69 0.860434
14653 0.69 0.860476
14654 0.69 0.86053
14655 0.69 0.860593
14656 0.69 0.860667
14657 0.69 0.860717
14658 0.69 0.860746
14659 0.69 0.860757
14660 0.69 0.860751
14661 0.69 0.86073
14662 0.69 0.860695
14663 0.69 0.86068
14664 0.69 0.86065
14665 0.69 0.860608
14666 0.69 0.860554
14667 0.69 0.86049
14668 0.69 0.860417
14669 0.69 0.860335
14670 0.69 0.860269
14671 0.69 0.860218
14672 0.69 0.860179
14673 0.69 0.860152
14674 0.69 0.860136
14675 0.69 0.860128
14676 0.69 0.860129
14677 0.69 0.860138
14678 0.69 0.860154
14679 0.69 0.860176
14680 0.69 0.860211
14681 0.69 0.860258
14682 0.69 0.860293
14683 0.69 0.860316
14684 0.69 0.860329
14685 0.69 0.860333
14686 0.69 0.860345
14687 0.69 0.860339
14688 0.69 0.860319
14689 0.69 0.860284
14690 0.69 0.860238
14691 0.69 0.860212
14692 0.69 0.860204
14693 0.69 0.860205
14694 0.69 0.860213
14695 0.69 0.860228
14696 0.69 0.86025
14697 0.69 0.860277
14698 0.69 0.860286
14699 0.69 0.860286
14700 0.69 0.860278
14701 0.69 0.860263
14702 0.69 0.860242
14703 0.69 0.860215
14704 0.69 0.860183
14705 0.69 0.860146
14706 0.69 0.860105
14707 0.69 0.86006
14708 0.69 0.860036
14709 0.69 0.860022
14710 0.69 0.860017
14711 0.69 0.86002
14712 0.69 0.86003
14713 0.69 0.860048
14714 0.69 0.860056
14715 0.69 0.860055
14716 0.69 0.860046
14717 0.69 0.86003
14718 0.69 0.860008
14719 0.69 0.85998
14720 0.69 0.859948
14721 0.69 0.859934
14722 0.69 0.859937
14723 0.69 0.859948
14724 0.69 0.859965
14725 0.69 0.859988
14726 0.69 0.860017
14727 0.69 0.860051
14728 0.69 0.860097
14729 0.69 0.860154
14730 0.69 0.860213
14731 0.69 0.860258
14732 0.69 0.860291
14733 0.69 0.860306
14734 0.69 0.860303
14735 0.69 0.860284
14736 0.69 0.860252
14737 0.69 0.860207
14738 0.69 0.860151
14739 0.69 0.860085
14740 0.69 0.86001
14741 0.69 0.859959
14742 0.69 0.859928
14743 0.69 0.859915
14744 0.69 0.85992
14745 0.69 0.85994
14746 0.69 0.859942
14747 0.69 0.859929
14748 0.69 0.859924
14749 0.69 0.859928
14750 0.69 0.859939
14751 0.69 0.859956
14752 0.69 0.85998
14753 0.69 0.860009
14754 0.69 0.860042
14755 0.69 0.86008
14756 0.69 0.860122
14757 0.69 0.860168
14758 0.69 0.860217
14759 0.69 0.860268
14760 0.69 0.860322
14761 0.69 0.860379
14762 0.69 0.860437
14763 0.69 0.860498
14764 0.69 0.860537
14765 0.69 0.860579
14766 0.69 0.860626
14767 0.69 0.860675
14768 0.69 0.860727
14769 0.69 0.860782
14770 0.69 0.860839
14771 0.69 0.860898
14772 0.69 0.860935
14773 0.69 0.860953
14774 0.69 0.860954
14775 0.69 0.860939
14776 0.69 0.860909
14777 0.69 0.860867
14778 0.69 0.860813
14779 0.69 0.860749
14780 0.69 0.860676
14781 0.69 0.860618
14782 0.69 0.860573
14783 0.69 0.860541
14784 0.69 0.86052
14785 0.69 0.860485
14786 0.69 0.860438
14787 0.69 0.860403
14788 0.69 0.86038
14789 0.69 0.860366
14790 0.69 0.860362
14791 0.69 0.860366
14792 0.69 0.860377
14793 0.69 0.860395
14794 0.69 0.860418
14795 0.69 0.860447
14796 0.69 0.860481
14797 0.69 0.860519
14798 0.69 0.860561
14799 0.69 0.860606
14800 0.69 0.860631
14801 0.69 0.860638
14802 0.69 0.860629
14803 0.69 0.860605
14804 0.69 0.860567
14805 0.69 0.860518
14806 0.69 0.860489
14807 0.69 0.860479
14808 0.69 0.860486
14809 0.69 0.860507
14810 0.69 0.860542
14811 0.69 0.86059
14812 0.69 0.860648
14813 0.69 0.860716
14814 0.69 0.860793
14815 0.69 0.860854
14816 0.69 0.860902
14817 0.69 0.860936
14818 0.69 0.860959
14819 0.69 0.860972
14820 0.69 0.860976
14821 0.69 0.860972
14822 0.69 0.86096
14823 0.69 0.860941
14824 0.69 0.860909
14825 0.69 0.860864
14826 0.69 0.860807
14827 0.69 0.860741
14828 0.69 0.860666
14829 0.69 0.860583
14830 0.69 0.860523
14831 0.69 0.860485
14832 0.69 0.860467
14833 0.69 0.860466
14834 0.69 0.860481
14835 0.69 0.86051
14836 0.69 0.860521
14837 0.69 0.860546
14838 0.69 0.860584
14839 0.69 0.860603
14840 0.69 0.860604
14841 0.69 0.86059
14842 0.69 0.860561
14843 0.69 0.86052
14844 0.69 0.860466
14845 0.69 0.860403
14846 0.69 0.86033
14847 0.69 0.860249
14848 0.69 0.860161
14849 0.69 0.860096
14850 0.69 0.860047
14851 0.69 0.860009
14852 0.69 0.859984
14853 0.69 0.859969
14854 0.69 0.859963
14855 0.69 0.859965
14856 0.69 0.859975
14857 0.69 0.859992
14858 0.69 0.860015
14859 0.69 0.860043
14860 0.69 0.860077
14861 0.69 0.860114
14862 0.69 0.860156
14863 0.69 0.860201
14864 0.69 0.86025
14865 0.69 0.860301
14866 0.69 0.860356
14867 0.69 0.860412
14868 0.69 0.86047
14869 0.69 0.860531
14870 0.69 0.860593
14871 0.69 0.860633
14872 0.69 0.860654
14873 0.69 0.860657
14874 0.69 0.860643
14875 0.69 0.860616
14876 0.69 0.860575
14877 0.69 0.860547
14878 0.69 0.860529
14879 0.69 0.860497
14880 0.69 0.860484
14881 0.69 0.860488
14882 0.69 0.860475
14883 0.69 0.860449
14884 0.69 0.86044
14885 0.69 0.860417
14886 0.69 0.860412
14887 0.69 0.860423
14888 0.69 0.860441
14889 0.69 0.860464
14890 0.69 0.860493
14891 0.69 0.860527
14892 0.69 0.860565
14893 0.69 0.860607
14894 0.69 0.860629
14895 0.69 0.860633
14896 0.69 0.860621
14897 0.69 0.860595
14898 0.69 0.860556
14899 0.69 0.860528
14900 0.69 0.860511
14901 0.69 0.860503
14902 0.69 0.860504
14903 0.69 0.860512
14904 0.69 0.860504
14905 0.69 0.860481
14906 0.69 0.860476
14907 0.69 0.860487
14908 0.69 0.860513
14909 0.69 0.860551
14910 0.69 0.860571
14911 0.69 0.860572
14912 0.69 0.86059
14913 0.69 0.860621
14914 0.69 0.860664
14915 0.69 0.860688
14916 0.69 0.860694
14917 0.69 0.860683
14918 0.69 0.860658
14919 0.69 0.860619
14920 0.69 0.860569
14921 0.69 0.860508
14922 0.69 0.860438
14923 0.69 0.86039
14924 0.69 0.860363
14925 0.69 0.860354
14926 0.69 0.860361
14927 0.69 0.860384
14928 0.69 0.86042
14929 0.69 0.860468
14930 0.69 0.860527
14931 0.69 0.860596
14932 0.69 0.860674
14933 0.69 0.860728
14934 0.69 0.860761
14935 0.69 0.860775
14936 0.69 0.860772
14937 0.69 0.860754
14938 0.69 0.860721
14939 0.69 0.860708
14940 0.69 0.860712
14941 0.69 0.860699
14942 0.69 0.860672
14943 0.69 0.860633
14944 0.69 0.860581
14945 0.69 0.860519
14946 0.69 0.860479
14947 0.69 0.860458
14948 0.69 0.860456
14949 0.69 0.860469
14950 0.69 0.860496
14951 0.69 0.860536
14952 0.69 0.860588
14953 0.69 0.860651
14954 0.69 0.860691
14955 0.69 0.860712
14956 0.69 0.860715
14957 0.69 0.860702
14958 0.69 0.860675
14959 0.69 0.860635
14960 0.69 0.860583
14961 0.69 0.860521
14962 0.69 0.860449
14963 0.69 0.860369
14964 0.69 0.860281
14965 0.69 0.860218
14966 0.69 0.860176
14967 0.69 0.860155
14968 0.69 0.860119
14969 0.69 0.860096
14970 0.69 0.860082
14971 0.69 0.860077
14972 0.69 0.86008
14973 0.69 0.860091
14974 0.69 0.860108
14975 0.69 0.860131
14976 0.69 0.86016
14977 0.69 0.860193
14978 0.69 0.860231
14979 0.69 0.860272
14980 0.69 0.860317
14981 0.69 0.860365
14982 0.69 0.860416
14983 0.69 0.86047
14984 0.69 0.860525
14985 0.69 0.86056
14986 0.69 0.860575
14987 0.69 0.860574
14988 0.69 0.860556
14989 0.69 0.860548
14990 0.69 0.860549
14991 0.69 0.860557
14992 0.69 0.860571
14993 0.69 0.860592
14994 0.69 0.860618
14995 0.69 0.860649
14996 0.69 0.860685
14997 0.69 0.860725
14998 0.69 0.860768
14999 0.69 0.860814
15000 0.69 0.860864
