14000 0.69 0.922095
14001 0.69 0.922079
14002 0.69 0.922056
14003 0.69 0.922028
14004 0.69 0.921994
14005 0.69 0.921956
14006 0.69 0.921914
14007 0.69 0.921869
14008 0.69 0.92182
14009 0.69 0.921768
14010 0.69 0.921713
14011 0.69 0.921656
14012 0.69 0.921613
14013 0.69 0.921581
14014 0.69 0.92156
14015 0.69 0.921549
14016 0.69 0.921547
14017 0.69 0.921537
14018 0.69 0.92152
14019 0.69 0.921497
14020 0.69 0.921468
14021 0.69 0.92145
14022 0.69 0.921441
14023 0.69 0.921441
14024 0.69 0.921448
14025 0.69 0.921447
14026 0.69 0.921438
14027 0.69 0.921437
14028 0.69 0.921444
14029 0.69 0.921466
14030 0.69 0.921502
14031 0.69 0.921549
14032 0.69 0.921608
14033 0.69 0.921676
14034 0.69 0.921753
14035 0.69 0.921838
14036 0.69 0.92193
14037 0.69 0.922028
14038 0.69 0.922132
14039 0.69 0.922218
14040 0.69 0.922288
14041 0.69 0.922342
14042 0.69 0.922384
14043 0.69 0.922413
14044 0.69 0.922432
14045 0.69 0.922441
14046 0.69 0.922441
14047 0.69 0.922433
14048 0.69 0.922419
14049 0.69 0.922398
14050 0.69 0.922371
14051 0.69 0.922339
14052 0.69 0.922303
14053 0.69 0.922262
14054 0.69 0.922217
14055 0.69 0.922169
14056 0.69 0.922118
14057 0.69 0.922064
14058 0.69 0.922008
14059 0.69 0.921949
14060 0.69 0.921888
14061 0.69 0.921826
14062 0.69 0.921762
14063 0.69 0.921696
14064 0.69 0.921644
14065 0.69 0.921606
14066 0.69 0.921579
14067 0.69 0.921562
14068 0.69 0.921539
14069 0.69 0.921526
14070 0.69 0.921522
14071 0.69 0.921527
14072 0.69 0.921538
14073 0.69 0.921556
14074 0.69 0.92158
14075 0.69 0.921617
14076 0.69 0.921666
14077 0.69 0.921726
14078 0.69 0.921795
14079 0.69 0.92185
14080 0.69 0.921891
14081 0.69 0.92192
14082 0.69 0.921939
14083 0.69 0.921947
14084 0.69 0.921947
14085 0.69 0.921939
14086 0.69 0.921924
14087 0.69 0.921903
14088 0.69 0.921899
14089 0.69 0.921888
14090 0.69 0.92187
14091 0.69 0.921845
14092 0.69 0.921816
14093 0.69 0.921781
14094 0.69 0.921742
14095 0.69 0.921699
14096 0.69 0.921653
14097 0.69 0.921618
14098 0.69 0.921595
14099 0.69 0.921582
14100 0.69 0.921578
14101 0.69 0.921582
14102 0.69 0.921577
14103 0.69 0.921581
14104 0.69 0.921592
14105 0.69 0.92161
14106 0.69 0.921633
14107 0.69 0.921662
14108 0.69 0.921696
14109 0.69 0.921718
14110 0.69 0.921746
14111 0.69 0.921779
14112 0.69 0.921817
14113 0.69 0.921842
14114 0.69 0.921858
14115 0.69 0.921863
14116 0.69 0.921861
14117 0.69 0.92185
14118 0.69 0.921833
14119 0.69 0.92181
14120 0.69 0.921796
14121 0.69 0.921792
14122 0.69 0.921796
14123 0.69 0.921807
14124 0.69 0.921825
14125 0.69 0.921849
14126 0.69 0.921878
14127 0.69 0.921912
14128 0.69 0.92195
14129 0.69 0.921992
14130 0.69 0.922045
14131 0.69 0.922109
14132 0.69 0.922182
14133 0.69 0.922263
14134 0.69 0.922352
14135 0.69 0.922447
14136 0.69 0.922525
14137 0.69 0.92258
14138 0.69 0.922621
14139 0.69 0.922651
14140 0.69 0.92267
14141 0.69 0.922679
14142 0.69 0.922679
14143 0.69 0.922671
14144 0.69 0.922657
14145 0.69 0.922635
14146 0.69 0.922609
14147 0.69 0.922577
14148 0.69 0.92254
14149 0.69 0.922499
14150 0.69 0.922454
14151 0.69 0.922406
14152 0.69 0.922355
14153 0.69 0.922302
14154 0.69 0.922245
14155 0.69 0.922202
14156 0.69 0.922179
14157 0.69 0.922174
14158 0.69 0.922162
14159 0.69 0.922143
14160 0.69 0.922118
14161 0.69 0.922087
14162 0.69 0.922052
14163 0.69 0.922013
14164 0.69 0.921985
14165 0.69 0.921968
14166 0.69 0.92196
14167 0.69 0.921945
14168 0.69 0.921924
14169 0.69 0.921896
14170 0.69 0.921864
14171 0.69 0.921827
14172 0.69 0.921786
14173 0.69 0.921741
14174 0.69 0.921693
14175 0.69 0.921641
14176 0.69 0.921587
14177 0.69 0.921546
14178 0.69 0.921516
14179 0.69 0.921498
14180 0.69 0.921488
14181 0.69 0.921488
14182 0.69 0.921495
14183 0.69 0.921509
14184 0.69 0.921529
14185 0.69 0.921563
14186 0.69 0.921586
14187 0.69 0.921598
14188 0.69 0.921601
14189 0.69 0.921596
14190 0.69 0.921584
14191 0.69 0.921565
14192 0.69 0.921539
14193 0.69 0.921509
14194 0.69 0.921473
14195 0.69 0.921457
14196 0.69 0.921458
14197 0.69 0.921466
14198 0.69 0.921481
14199 0.69 0.921502
14200 0.69 0.921529
14201 0.69 0.921561
14202 0.69 0.921596
14203 0.69 0.921636
14204 0.69 0.92168
14205 0.69 0.921727
14206 0.69 0.921777
14207 0.69 0.921829
14208 0.69 0.921884
14209 0.69 0.921941
14210 0.69 0.921984
14211 0.69 0.922015
14212 0.69 0.922035
14213 0.69 0.922045
14214 0.69 0.922046
14215 0.69 0.922039
14216 0.69 0.922024
14217 0.69 0.922004
14218 0.69 0.921977
14219 0.69 0.921945
14220 0.69 0.921909
14221 0.69 0.921891
14222 0.69 0.921892
14223 0.69 0.921907
14224 0.69 0.921937
14225 0.69 0.921979
14226 0.69 0.92201
14227 0.69 0.922029
14228 0.69 0.922039
14229 0.69 0.92204
14230 0.69 0.922033
14231 0.69 0.922019
14232 0.69 0.921998
14233 0.69 0.921972
14234 0.69 0.921941
14235 0.69 0.921905
14236 0.69 0.921864
14237 0.69 0.92182
14238 0.69 0.921773
14239 0.69 0.921722
14240 0.69 0.921669
14241 0.69 0.921613
14242 0.69 0.921555
14243 0.69 0.921495
14244 0.69 0.921433
14245 0.69 0.921369
14246 0.69 0.921304
14247 0.69 0.921237
14248 0.69 0.921169
14249 0.69 0.9211
14250 0.69 0.921029
14251 0.69 0.920958
14252 0.69 0.920901
14253 0.69 0.920858
14254 0.69 0.920811
14255 0.69 0.920761
14256 0.69 0.920708
14257 0.69 0.920651
14258 0.69 0.920593
14259 0.69 0.920532
14260 0.69 0.92047
14261 0.69 0.920405
14262 0.69 0.920354
14263 0.69 0.920316
14264 0.69 0.92029
14265 0.69 0.920273
14266 0.69 0.920266
14267 0.69 0.920275
14268 0.69 0.920298
14269 0.69 0.920335
14270 0.69 0.920384
14271 0.69 0.920444
14272 0.69 0.920513
14273 0.69 0.920591
14274 0.69 0.920676
14275 0.69 0.920769
14276 0.69 0.920868
14277 0.69 0.920973
14278 0.69 0.921082
14279 0.69 0.921173
14280 0.69 0.921247
14281 0.69 0.921305
14282 0.69 0.92135
14283 0.69 0.921382
14284 0.69 0.921403
14285 0.69 0.921437
14286 0.69 0.921484
14287 0.69 0.921518
14288 0.69 0.92154
14289 0.69 0.921552
14290 0.69 0.921555
14291 0.69 0.92155
14292 0.69 0.921537
14293 0.69 0.921518
14294 0.69 0.921492
14295 0.69 0.921461
14296 0.69 0.921426
14297 0.69 0.921385
14298 0.69 0.921341
14299 0.69 0.921293
14300 0.69 0.921242
14301 0.69 0.921188
14302 0.69 0.921155
14303 0.69 0.921141
14304 0.69 0.921144
14305 0.69 0.921163
14306 0.69 0.921195
14307 0.69 0.921216
14308 0.69 0.921227
14309 0.69 0.921228
14310 0.69 0.921222
14311 0.69 0.921208
14312 0.69 0.921188
14313 0.69 0.921185
14314 0.69 0.921199
14315 0.69 0.921226
14316 0.69 0.921266
14317 0.69 0.921318
14318 0.69 0.921356
14319 0.69 0.921383
14320 0.69 0.921399
14321 0.69 0.921406
14322 0.69 0.921404
14323 0.69 0.921394
14324 0.69 0.921378
14325 0.69 0.921354
14326 0.69 0.921326
14327 0.69 0.921292
14328 0.69 0.921253
14329 0.69 0.921211
14330 0.69 0.921165
14331 0.69 0.921115
14332 0.69 0.921062
14333 0.69 0.921007
14334 0.69 0.920972
14335 0.69 0.920957
14336 0.69 0.920959
14337 0.69 0.920976
14338 0.69 0.921008
14339 0.69 0.921051
14340 0.69 0.921106
14341 0.69 0.921171
14342 0.69 0.921222
14343 0.69 0.921259
14344 0.69 0.921285
14345 0.69 0.9213
14346 0.69 0.92133
14347 0.69 0.921372
14348 0.69 0.921425
14349 0.69 0.921488
14350 0.69 0.921538
14351 0.69 0.921574
14352 0.69 0.921599
14353 0.69 0.921613
14354 0.69 0.921618
14355 0.69 0.921615
14356 0.69 0.921627
14357 0.69 0.921654
14358 0.69 0.921694
14359 0.69 0.921746
14360 0.69 0.921784
14361 0.69 0.92181
14362 0.69 0.921826
14363 0.69 0.921833
14364 0.69 0.921831
14365 0.69 0.921821
14366 0.69 0.921805
14367 0.69 0.921782
14368 0.69 0.921753
14369 0.69 0.92172
14370 0.69 0.921682
14371 0.69 0.92164
14372 0.69 0.921594
14373 0.69 0.921545
14374 0.69 0.921493
14375 0.69 0.921438
14376 0.69 0.921381
14377 0.69 0.921345
14378 0.69 0.921328
14379 0.69 0.921328
14380 0.69 0.921344
14381 0.69 0.921375
14382 0.69 0.921394
14383 0.69 0.921403
14384 0.69 0.921403
14385 0.69 0.921395
14386 0.69 0.921381
14387 0.69 0.921359
14388 0.69 0.921332
14389 0.69 0.921323
14390 0.69 0.921307
14391 0.69 0.921284
14392 0.69 0.921256
14393 0.69 0.921223
14394 0.69 0.921185
14395 0.69 0.921143
14396 0.69 0.921097
14397 0.69 0.921048
14398 0.69 0.921019
14399 0.69 0.921
14400 0.69 0.920991
14401 0.69 0.92099
14402 0.69 0.920997
14403 0.69 0.921011
14404 0.69 0.92103
14405 0.69 0.921056
14406 0.69 0.921094
14407 0.69 0.921136
14408 0.69 0.921181
14409 0.69 0.921229
14410 0.69 0.92128
14411 0.69 0.921334
14412 0.69 0.921389
14413 0.69 0.921447
14414 0.69 0.921506
14415 0.69 0.921567
14416 0.69 0.921629
14417 0.69 0.921693
14418 0.69 0.921758
14419 0.69 0.921824
14420 0.69 0.921892
14421 0.69 0.92196
14422 0.69 0.922029
14423 0.69 0.922099
14424 0.69 0.922169
14425 0.69 0.92224
14426 0.69 0.922312
14427 0.69 0.922384
14428 0.69 0.922457
14429 0.69 0.92253
14430 0.69 0.922604
14431 0.69 0.922678
14432 0.69 0.922729
14433 0.69 0.922759
14434 0.69 0.922771
14435 0.69 0.922766
14436 0.69 0.922746
14437 0.69 0.922712
14438 0.69 0.922665
14439 0.69 0.922616
14440 0.69 0.922564
14441 0.69 0.922509
14442 0.69 0.922451
14443 0.69 0.922392
14444 0.69 0.922331
14445 0.69 0.922268
14446 0.69 0.922203
14447 0.69 0.922137
14448 0.69 0.92207
14449 0.69 0.922025
14450 0.69 0.922
14451 0.69 0.921993
14452 0.69 0.922003
14453 0.69 0.922028
14454 0.69 0.922065
14455 0.69 0.922115
14456 0.69 0.922175
14457 0.69 0.922244
14458 0.69 0.922323
14459 0.69 0.922409
14460 0.69 0.922502
14461 0.69 0.922578
14462 0.69 0.922631
14463 0.69 0.922663
14464 0.69 0.922676
14465 0.69 0.922672
14466 0.69 0.922653
14467 0.69 0.922652
14468 0.69 0.922635
14469 0.69 0.922635
14470 0.69 0.92262
14471 0.69 0.922621
14472 0.69 0.922639
14473 0.69 0.922639
14474 0.69 0.922623
14475 0.69 0.922624
14476 0.69 0.922641
14477 0.69 0.922672
14478 0.69 0.922684
14479 0.69 0.92268
14480 0.69 0.92266
14481 0.69 0.922626
14482 0.69 0.922612
14483 0.69 0.922614
14484 0.69 0.922632
14485 0.69 0.922633
14486 0.69 0.922618
14487 0.69 0.922589
14488 0.69 0.922547
14489 0.69 0.922524
14490 0.69 0.92252
14491 0.69 0.922532
14492 0.69 0.922558
14493 0.69 0.922574
14494 0.69 0.92258
14495 0.69 0.922578
14496 0.69 0.922568
14497 0.69 0.922551
14498 0.69 0.922528
14499 0.69 0.922499
14500 0.69 0.922466
14501 0.69 0.922428
14502 0.69 0.922386
14503 0.69 0.92234
14504 0.69 0.922291
14505 0.69 0.922239
14506 0.69 0.922185
14507 0.69 0.922128
14508 0.69 0.922069
14509 0.69 0.922024
14510 0.69 0.921991
14511 0.69 0.921969
14512 0.69 0.921957
14513 0.69 0.921954
14514 0.69 0.921959
14515 0.69 0.921971
14516 0.69 0.92199
14517 0.69 0.921999
14518 0.69 0.922015
14519 0.69 0.922037
14520 0.69 0.922065
14521 0.69 0.922098
14522 0.69 0.922135
14523 0.69 0.922177
14524 0.69 0.922222
14525 0.69 0.922271
14526 0.69 0.922322
14527 0.69 0.922377
14528 0.69 0.922434
14529 0.69 0.922477
14530 0.69 0.922508
14531 0.69 0.922528
14532 0.69 0.922538
14533 0.69 0.92254
14534 0.69 0.922533
14535 0.69 0.92252
14536 0.69 0.922515
14537 0.69 0.922519
14538 0.69 0.92253
14539 0.69 0.922549
14540 0.69 0.922573
14541 0.69 0.922603
14542 0.69 0.922638
14543 0.69 0.922677
14544 0.69 0.922721
14545 0.69 0.922768
14546 0.69 0.922818
14547 0.69 0.922871
14548 0.69 0.922927
14549 0.69 0.922986
14550 0.69 0.923023
14551 0.69 0.92304
14552 0.69 0.92304
14553 0.69 0.923024
14554 0.69 0.922994
14555 0.69 0.922976
14556 0.69 0.922967
14557 0.69 0.922967
14558 0.69 0.922975
14559 0.69 0.922966
14560 0.69 0.922943
14561 0.69 0.92293
14562 0.69 0.922903
14563 0.69 0.922863
14564 0.69 0.922811
14565 0.69 0.922748
14566 0.69 0.922676
14567 0.69 0.92262
14568 0.69 0.922576
14569 0.69 0.922545
14570 0.69 0.922525
14571 0.69 0.922515
14572 0.69 0.922498
14573 0.69 0.922475
14574 0.69 0.922447
14575 0.69 0.922429
14576 0.69 0.92242
14577 0.69 0.922421
14578 0.69 0.922429
14579 0.69 0.922443
14580 0.69 0.922473
14581 0.69 0.922514
14582 0.69 0.922568
14583 0.69 0.922608
14584 0.69 0.922636
14585 0.69 0.922654
14586 0.69 0.922662
14587 0.69 0.922661
14588 0.69 0.922652
14589 0.69 0.922637
14590 0.69 0.922615
14591 0.69 0.922587
14592 0.69 0.922555
14593 0.69 0.922517
14594 0.69 0.922476
14595 0.69 0.922431
14596 0.69 0.922382
14597 0.69 0.92233
14598 0.69 0.922276
14599 0.69 0.922219
14600 0.69 0.92216
14601 0.69 0.922099
14602 0.69 0.922051
14603 0.69 0.922017
14604 0.69 0.921993
14605 0.69 0.92198
14606 0.69 0.921975
14607 0.69 0.921979
14608 0.69 0.921998
14609 0.69 0.922031
14610 0.69 0.922076
14611 0.69 0.922109
14612 0.69 0.922131
14613 0.69 0.922142
14614 0.69 0.922168
14615 0.69 0.922208
14616 0.69 0.922258
14617 0.69 0.92232
14618 0.69 0.922391
14619 0.69 0.922471
14620 0.69 0.922558
14621 0.69 0.922652
14622 0.69 0.922721
14623 0.69 0.922768
14624 0.69 0.922794
14625 0.69 0.922802
14626 0.69 0.922794
14627 0.69 0.92277
14628 0.69 0.922734
14629 0.69 0.922716
14630 0.69 0.922716
14631 0.69 0.922724
14632 0.69 0.922739
14633 0.69 0.922737
14634 0.69 0.922719
14635 0.69 0.922687
14636 0.69 0.922643
14637 0.69 0.922619
14638 0.69 0.922613
14639 0.69 0.922623
14640 0.69 0.922648
14641 0.69 0.922686
14642 0.69 0.922736
14643 0.69 0.922765
14644 0.69 0.922776
14645 0.69 0.92277
14646 0.69 0.922749
14647 0.69 0.922738
14648 0.69 0.922735
14649 0.69 0.922741
14650 0.69 0.922753
14651 0.69 0.922773
14652 0.69 0.922798
14653 0.69 0.922828
14654 0.69 0.92284
14655 0.69 0.922834
14656 0.69 0.922814
14657 0.69 0.922811
14658 0.69 0.922825
14659 0.69 0.922852
14660 0.69 0.922893
14661 0.69 0.922914
14662 0.69 0.922917
14663 0.69 0.922904
14664 0.69 0.922877
14665 0.69 0.922836
14666 0.69 0.922784
14667 0.69 0.922745
14668 0.69 0.922718
14669 0.69 0.922701
14670 0.69 0.922694
14671 0.69 0.922696
14672 0.69 0.922705
14673 0.69 0.922721
14674 0.69 0.922743
14675 0.69 0.922771
14676 0.69 0.922804
14677 0.69 0.922841
14678 0.69 0.922883
14679 0.69 0.922904
14680 0.69 0.922908
14681 0.69 0.922896
14682 0.69 0.922869
14683 0.69 0.92283
14684 0.69 0.922778
14685 0.69 0.922716
14686 0.69 0.922668
14687 0.69 0.922633
14688 0.69 0.922609
14689 0.69 0.922595
14690 0.69 0.92259
14691 0.69 0.922594
14692 0.69 0.922605
14693 0.69 0.922623
14694 0.69 0.922647
14695 0.69 0.92266
14696 0.69 0.922664
14697 0.69 0.92266
14698 0.69 0.922649
14699 0.69 0.922631
14700 0.69 0.922606
14701 0.69 0.922577
14702 0.69 0.922542
14703 0.69 0.922503
14704 0.69 0.92246
14705 0.69 0.922414
14706 0.69 0.922364
14707 0.69 0.922327
14708 0.69 0.922301
14709 0.69 0.922286
14710 0.69 0.92228
14711 0.69 0.922283
14712 0.69 0.922293
14713 0.69 0.92231
14714 0.69 0.922334
14715 0.69 0.922362
14716 0.69 0.922396
14717 0.69 0.922434
14718 0.69 0.922477
14719 0.69 0.922523
14720 0.69 0.922572
14721 0.69 0.922624
14722 0.69 0.922664
14723 0.69 0.922691
14724 0.69 0.922708
14725 0.69 0.922716
14726 0.69 0.922715
14727 0.69 0.922706
14728 0.69 0.92269
14729 0.69 0.922669
14730 0.69 0.922641
14731 0.69 0.922609
14732 0.69 0.922572
14733 0.69 0.922531
14734 0.69 0.922509
14735 0.69 0.922482
14736 0.69 0.92245
14737 0.69 0.922413
14738 0.69 0.922372
14739 0.69 0.922327
14740 0.69 0.922279
14741 0.69 0.922227
14742 0.69 0.922189
14743 0.69 0.922162
14744 0.69 0.922145
14745 0.69 0.922138
14746 0.69 0.922147
14747 0.69 0.922171
14748 0.69 0.922201
14749 0.69 0.922235
14750 0.69 0.922273
14751 0.69 0.922316
14752 0.69 0.922361
14753 0.69 0.92241
14754 0.69 0.922462
14755 0.69 0.922517
14756 0.69 0.922558
14757 0.69 0.922587
14758 0.69 0.922605
14759 0.69 0.922614
14760 0.69 0.922614
14761 0.69 0.922606
14762 0.69 0.922615
14763 0.69 0.922638
14764 0.69 0.922675
14765 0.69 0.922723
14766 0.69 0.922783
14767 0.69 0.922852
14768 0.69 0.92293
14769 0.69 0.922985
14770 0.69 0.923018
14771 0.69 0.923033
14772 0.69 0.92303
14773 0.69 0.923012
14774 0.69 0.922979
14775 0.69 0.922935
14776 0.69 0.92291
14777 0.69 0.922904
14778 0.69 0.922914
14779 0.69 0.922907
14780 0.69 0.922885
14781 0.69 0.92285
14782 0.69 0.922803
14783 0.69 0.922744
14784 0.69 0.9227
14785 0.69 0.922667
14786 0.69 0.922646
14787 0.69 0.922634
14788 0.69 0.922631
14789 0.69 0.922636
14790 0.69 0.922648
14791 0.69 0.922667
14792 0.69 0.922692
14793 0.69 0.922722
14794 0.69 0.922756
14795 0.69 0.922795
14796 0.69 0.922838
14797 0.69 0.922884
14798 0.69 0.92291
14799 0.69 0.922918
14800 0.69 0.922909
14801 0.69 0.922885
14802 0.69 0.922848
14803 0.69 0.922823
14804 0.69 0.922807
14805 0.69 0.922802
14806 0.69 0.922804
14807 0.69 0.922814
14808 0.69 0.92283
14809 0.69 0.922853
14810 0.69 0.922882
14811 0.69 0.922915
14812 0.69 0.922952
14813 0.69 0.922994
14814 0.69 0.92304
14815 0.69 0.923088
14816 0.69 0.92314
14817 0.69 0.923171
14818 0.69 0.923183
14819 0.69 0.923178
14820 0.69 0.923158
14821 0.69 0.923124
14822 0.69 0.923077
14823 0.69 0.923043
14824 0.69 0.923021
14825 0.69 0.922985
14826 0.69 0.922936
14827 0.69 0.922877
14828 0.69 0.922808
14829 0.69 0.922754
14830 0.69 0.922713
14831 0.69 0.922684
14832 0.69 0.922673
14833 0.69 0.92268
14834 0.69 0.922701
14835 0.69 0.922735
14836 0.69 0.922782
14837 0.69 0.922809
14838 0.69 0.922817
14839 0.69 0.922809
14840 0.69 0.922786
14841 0.69 0.922781
14842 0.69 0.92276
14843 0.69 0.922727
14844 0.69 0.922712
14845 0.69 0.922683
14846 0.69 0.922641
14847 0.69 0.922595
14848 0.69 0.922547
14849 0.69 0.922495
14850 0.69 0.922441
14851 0.69 0.922384
14852 0.69 0.922349
14853 0.69 0.922333
14854 0.69 0.922334
14855 0.69 0.922351
14856 0.69 0.922381
14857 0.69 0.922424
14858 0.69 0.922455
14859 0.69 0.922475
14860 0.69 0.922486
14861 0.69 0.922487
14862 0.69 0.92248
14863 0.69 0.92249
14864 0.69 0.922514
14865 0.69 0.922552
14866 0.69 0.922602
14867 0.69 0.922662
14868 0.69 0.922708
14869 0.69 0.922766
14870 0.69 0.922809
14871 0.69 0.922841
14872 0.69 0.922861
14873 0.69 0.922872
14874 0.69 0.922873
14875 0.69 0.922867
14876 0.69 0.922853
14877 0.69 0.922826
14878 0.69 0.922785
14879 0.69 0.922732
14880 0.69 0.922693
14881 0.69 0.922665
14882 0.69 0.922648
14883 0.69 0.92264
14884 0.69 0.922641
14885 0.69 0.922649
14886 0.69 0.922665
14887 0.69 0.922686
14888 0.69 0.922714
14889 0.69 0.922746
14890 0.69 0.922783
14891 0.69 0.922823
14892 0.69 0.922844
14893 0.69 0.922848
14894 0.69 0.922835
14895 0.69 0.922808
14896 0.69 0.922799
14897 0.69 0.922776
14898 0.69 0.92277
14899 0.69 0.922749
14900 0.69 0.922746
14901 0.69 0.922759
14902 0.69 0.922756
14903 0.69 0.922768
14904 0.69 0.922763
14905 0.69 0.922743
14906 0.69 0.922709
14907 0.69 0.922695
14908 0.69 0.922697
14909 0.69 0.922715
14910 0.69 0.922747
14911 0.69 0.922792
14912 0.69 0.922847
14913 0.69 0.922882
14914 0.69 0.922897
14915 0.69 0.922895
14916 0.69 0.922877
14917 0.69 0.922846
14918 0.69 0.922802
14919 0.69 0.922778
14920 0.69 0.922772
14921 0.69 0.922751
14922 0.69 0.922717
14923 0.69 0.92267
14924 0.69 0.922644
14925 0.69 0.922636
14926 0.69 0.922644
14927 0.69 0.922667
14928 0.69 0.922704
14929 0.69 0.922752
14930 0.69 0.922812
14931 0.69 0.922849
14932 0.69 0.922868
14933 0.69 0.922868
14934 0.69 0.922885
14935 0.69 0.922915
14936 0.69 0.922927
14937 0.69 0.922922
14938 0.69 0.922901
14939 0.69 0.922867
14940 0.69 0.922821
14941 0.69 0.922795
14942 0.69 0.922779
14943 0.69 0.922773
14944 0.69 0.922775
14945 0.69 0.922784
14946 0.69 0.9228
14947 0.69 0.922823
14948 0.69 0.922851
14949 0.69 0.922883
14950 0.69 0.922921
14951 0.69 0.922962
14952 0.69 0.923007
14953 0.69 0.923031
14954 0.69 0.923038
14955 0.69 0.923028
14956 0.69 0.923004
14957 0.69 0.922966
14958 0.69 0.922916
14959 0.69 0.922855
14960 0.69 0.922809
14961 0.69 0.922775
14962 0.69 0.922752
14963 0.69 0.922739
14964 0.69 0.922711
14965 0.69 0.922671
14966 0.69 0.922619
14967 0.69 0.922581
14968 0.69 0.922553
14969 0.69 0.922537
14970 0.69 0.922529
14971 0.69 0.922531
14972 0.69 0.922539
14973 0.69 0.922555
14974 0.69 0.922577
14975 0.69 0.922604
14976 0.69 0.922637
14977 0.69 0.922673
14978 0.69 0.922714
14979 0.69 0.922758
14980 0.69 0.922806
14981 0.69 0.922833
14982 0.69 0.922842
14983 0.69 0.922834
14984 0.69 0.922811
14985 0.69 0.922775
14986 0.69 0.922759
14987 0.69 0.922759
14988 0.69 0.922767
14989 0.69 0.922782
14990 0.69 0.922803
14991 0.69 0.92283
14992 0.69 0.922861
14993 0.69 0.922897
14994 0.69 0.922938
14995 0.69 0.922981
14996 0.69 0.923005
14997 0.69 0.923011
14998 0.69 0.923
14999 0.69 0.922998
15000 0.69 0.923004
