14000 0.743928 0.953376
14001 0.743905 0.953359
14002 0.743898 0.953352
14003 0.743905 0.953353
14004 0.743925 0.953361
14005 0.743957 0.953377
14006 0.743972 0.953384
14007 0.743972 0.953381
14008 0.743958 0.953371
14009 0.743932 0.953355
14010 0.743896 0.953332
14011 0.743863 0.953326
14012 0.743833 0.953337
14013 0.743806 0.953363
14014 0.743795 0.953378
14015 0.743772 0.953384
14016 0.743738 0.953381
14017 0.74372 0.95337
14018 0.743718 0.953353
14019 0.743729 0.953329
14020 0.743753 0.9533
14021 0.743761 0.953266
14022 0.743755 0.953227
14023 0.743749 0.953208
14024 0.743744 0.953206
14025 0.743738 0.95322
14026 0.743734 0.953249
14027 0.743729 0.95329
14028 0.743739 0.953319
14029 0.743761 0.953337
14030 0.74378 0.953369
14031 0.743798 0.953414
14032 0.743813 0.95347
14033 0.743827 0.953535
14034 0.743853 0.953587
14035 0.74389 0.953625
14036 0.743937 0.953651
14037 0.743992 0.953668
14038 0.744029 0.953674
14039 0.744048 0.953672
14040 0.744052 0.953663
14041 0.744055 0.95367
14042 0.744045 0.953668
14043 0.744022 0.953659
14044 0.744015 0.953659
14045 0.744022 0.953666
14046 0.744042 0.953681
14047 0.744046 0.953686
14048 0.744037 0.953683
14049 0.744014 0.953672
14050 0.743981 0.953654
14051 0.743937 0.953631
14052 0.743885 0.953601
14053 0.743824 0.953567
14054 0.743755 0.953529
14055 0.743707 0.953502
14056 0.743677 0.953485
14057 0.743664 0.953479
14058 0.743666 0.953481
14059 0.743681 0.953474
14060 0.743708 0.953461
14061 0.743745 0.953441
14062 0.743793 0.953415
14063 0.743822 0.953383
14064 0.743835 0.953347
14065 0.743833 0.953307
14066 0.743818 0.953262
14067 0.743818 0.95323
14068 0.743831 0.953209
14069 0.743856 0.953199
14070 0.743879 0.953204
14071 0.743886 0.953202
14072 0.743892 0.953215
14073 0.743898 0.953242
14074 0.743903 0.953283
14075 0.743894 0.953311
14076 0.743872 0.953329
14077 0.743839 0.953337
14078 0.743809 0.953359
14079 0.743796 0.953388
14080 0.743797 0.953421
14081 0.743812 0.953459
14082 0.743812 0.953486
14083 0.743799 0.953501
14084 0.7438 0.953508
14085 0.743814 0.953505
14086 0.743841 0.953495
14087 0.743852 0.953479
14088 0.743848 0.953456
14089 0.74383 0.953427
14090 0.743801 0.953393
14091 0.743789 0.953371
14092 0.743791 0.953358
14093 0.743807 0.953355
14094 0.743834 0.95336
14095 0.743845 0.953357
14096 0.743842 0.953346
14097 0.743852 0.953328
14098 0.743848 0.953304
14099 0.743844 0.953299
14100 0.743841 0.953309
14101 0.743824 0.95331
14102 0.743823 0.953304
14103 0.743808 0.95329
14104 0.743808 0.953285
14105 0.743808 0.953296
14106 0.743794 0.953299
14107 0.743769 0.953293
14108 0.743759 0.953296
14109 0.743764 0.953306
14110 0.743782 0.953323
14111 0.743784 0.953331
14112 0.743773 0.95333
14113 0.74375 0.953321
14114 0.743715 0.953305
14115 0.743698 0.953298
14116 0.743695 0.9533
14117 0.743707 0.95331
14118 0.74373 0.953326
14119 0.743765 0.953349
14120 0.743797 0.953386
14121 0.743825 0.953434
14122 0.74385 0.953493
14123 0.743886 0.953538
14124 0.743932 0.953571
14125 0.743987 0.953593
14126 0.744036 0.953628
14127 0.744067 0.953652
14128 0.744095 0.953689
14129 0.744133 0.953714
14130 0.744155 0.953729
14131 0.74416 0.953735
14132 0.744152 0.953733
14133 0.744144 0.953746
14134 0.744137 0.953774
14135 0.744117 0.953791
14136 0.744086 0.953798
14137 0.744044 0.953797
14138 0.743993 0.953788
14139 0.74396 0.953788
14140 0.743944 0.953796
14141 0.743917 0.953795
14142 0.743878 0.953787
14143 0.74383 0.953771
14144 0.7438 0.953765
14145 0.743787 0.953767
14146 0.743789 0.953777
14147 0.743804 0.953794
14148 0.743831 0.953801
14149 0.743869 0.953799
14150 0.743917 0.95379
14151 0.743946 0.953774
14152 0.743959 0.953752
14153 0.743957 0.953724
14154 0.743969 0.953691
14155 0.743993 0.953654
14156 0.744001 0.953612
14157 0.743995 0.953567
14158 0.743976 0.953518
14159 0.743973 0.953482
14160 0.743969 0.953466
14161 0.743966 0.953466
14162 0.743963 0.953483
14163 0.743961 0.953513
14164 0.743945 0.953532
14165 0.743917 0.953541
14166 0.743879 0.953542
14167 0.743858 0.953535
14168 0.743852 0.95352
14169 0.743861 0.953499
14170 0.743855 0.953473
14171 0.743836 0.953441
14172 0.743806 0.953404
14173 0.743792 0.953363
14174 0.743793 0.953319
14175 0.743808 0.953286
14176 0.743834 0.953265
14177 0.743844 0.953238
14178 0.743853 0.953229
14179 0.743862 0.953237
14180 0.743869 0.95326
14181 0.743875 0.953296
14182 0.743867 0.95332
14183 0.743847 0.953335
14184 0.743815 0.953339
14185 0.743773 0.953336
14186 0.743748 0.953325
14187 0.74374 0.953306
14188 0.743746 0.953282
14189 0.743751 0.953276
14190 0.743768 0.953279
14191 0.743798 0.953289
14192 0.743825 0.953314
14193 0.743848 0.953351
14194 0.743856 0.953378
14195 0.743849 0.953393
14196 0.74383 0.953399
14197 0.743812 0.95342
14198 0.743796 0.953455
14199 0.743782 0.953502
14200 0.743768 0.95356
14201 0.743756 0.953628
14202 0.743731 0.953681
14203 0.743696 0.953721
14204 0.743677 0.953749
14205 0.743674 0.953766
14206 0.743658 0.953773
14207 0.74363 0.953772
14208 0.743618 0.953764
14209 0.743621 0.953748
14210 0.743637 0.953726
14211 0.743665 0.953698
14212 0.743704 0.953665
14213 0.743725 0.953627
14214 0.743731 0.953585
14215 0.743736 0.953564
14216 0.74374 0.953559
14217 0.743744 0.953572
14218 0.74376 0.953574
14219 0.743789 0.953569
14220 0.743828 0.953557
14221 0.743877 0.953537
14222 0.743935 0.953512
14223 0.744 0.953481
14224 0.744045 0.953446
14225 0.744072 0.953406
14226 0.744083 0.953363
14227 0.74408 0.953315
14228 0.744063 0.953265
14229 0.744061 0.953227
14230 0.744074 0.953201
14231 0.744098 0.953186
14232 0.744107 0.953164
14233 0.744101 0.953136
14234 0.744083 0.953103
14235 0.744052 0.953065
14236 0.744039 0.953039
14237 0.744013 0.953008
14238 0.743977 0.952971
14239 0.743944 0.952954
14240 0.743914 0.952955
14241 0.743887 0.95297
14242 0.743863 0.953
14243 0.743828 0.953019
14244 0.743782 0.953028
14245 0.743728 0.953028
14246 0.743666 0.95302
14247 0.743624 0.953021
14248 0.743599 0.95303
14249 0.743563 0.95303
14250 0.743544 0.953022
14251 0.743541 0.953006
14252 0.743524 0.952984
14253 0.743496 0.952957
14254 0.743457 0.952924
14255 0.743436 0.952886
14256 0.74343 0.952844
14257 0.743438 0.952798
14258 0.743432 0.952749
14259 0.743426 0.95272
14260 0.74342 0.95271
14261 0.743415 0.952716
14262 0.74341 0.952738
14263 0.743418 0.952749
14264 0.74344 0.952751
14265 0.743472 0.952744
14266 0.743515 0.952731
14267 0.743553 0.952734
14268 0.743587 0.952752
14269 0.743604 0.952761
14270 0.743619 0.952784
14271 0.743632 0.952821
14272 0.743644 0.952869
14273 0.743654 0.952929
14274 0.743662 0.952998
14275 0.743684 0.953052
14276 0.743702 0.953116
14277 0.743719 0.95319
14278 0.743733 0.953271
14279 0.743733 0.953337
14280 0.743719 0.953388
14281 0.743693 0.953426
14282 0.743684 0.953452
14283 0.743688 0.953468
14284 0.743679 0.953474
14285 0.743657 0.953472
14286 0.743637 0.953486
14287 0.743633 0.95349
14288 0.743615 0.953486
14289 0.743613 0.953474
14290 0.743597 0.953456
14291 0.743569 0.953431
14292 0.743531 0.953401
14293 0.74351 0.953366
14294 0.743505 0.953327
14295 0.743513 0.953283
14296 0.743535 0.953236
14297 0.743567 0.953186
14298 0.743596 0.953156
14299 0.743622 0.953145
14300 0.743658 0.953127
14301 0.743705 0.953103
14302 0.743746 0.953096
14303 0.743783 0.953106
14304 0.743815 0.953131
14305 0.743845 0.953169
14306 0.74387 0.953219
14307 0.743893 0.953279
14308 0.743901 0.953325
14309 0.743894 0.953359
14310 0.743874 0.953382
14311 0.74387 0.953394
14312 0.743879 0.953397
14313 0.743901 0.953392
14314 0.743908 0.95338
14315 0.7439 0.953361
14316 0.74388 0.953336
14317 0.743861 0.953329
14318 0.743844 0.953338
14319 0.743842 0.953339
14320 0.743827 0.953331
14321 0.743799 0.953316
14322 0.743761 0.953295
14323 0.743714 0.953268
14324 0.743658 0.953236
14325 0.74362 0.953199
14326 0.7436 0.953158
14327 0.743596 0.953113
14328 0.743605 0.95308
14329 0.743627 0.953059
14330 0.743646 0.953055
14331 0.743663 0.953068
14332 0.743678 0.953095
14333 0.743691 0.953134
14334 0.743702 0.953186
14335 0.743699 0.953224
14336 0.743682 0.953251
14337 0.743681 0.953266
14338 0.743693 0.953273
14339 0.743717 0.953271
14340 0.743753 0.953261
14341 0.743798 0.953244
14342 0.743839 0.953244
14343 0.743875 0.95326
14344 0.743894 0.953267
14345 0.743897 0.953264
14346 0.7439 0.953278
14347 0.743903 0.953306
14348 0.743904 0.953347
14349 0.743892 0.953376
14350 0.743868 0.953394
14351 0.743833 0.953402
14352 0.743801 0.953425
14353 0.743771 0.953461
14354 0.743744 0.95351
14355 0.743734 0.953545
14356 0.743738 0.953569
14357 0.743755 0.953583
14358 0.743784 0.953588
14359 0.743823 0.953584
14360 0.743872 0.953573
14361 0.743903 0.953555
14362 0.743917 0.953531
14363 0.743943 0.953501
14364 0.743953 0.953466
14365 0.743949 0.953428
14366 0.743958 0.953385
14367 0.743967 0.953362
14368 0.743974 0.953356
14369 0.743967 0.953344
14370 0.743947 0.953325
14371 0.743929 0.953323
14372 0.743899 0.953314
14373 0.743859 0.953297
14374 0.743809 0.953275
14375 0.743778 0.953246
14376 0.743763 0.953213
14377 0.743749 0.953199
14378 0.743737 0.953201
14379 0.743725 0.953219
14380 0.743715 0.953251
14381 0.743705 0.953295
14382 0.743682 0.953327
14383 0.743649 0.953348
14384 0.743632 0.953359
14385 0.74363 0.95336
14386 0.743643 0.953354
14387 0.743667 0.95334
14388 0.743702 0.95332
14389 0.743721 0.953294
14390 0.743724 0.953262
14391 0.743713 0.953226
14392 0.74369 0.953185
14393 0.743669 0.953164
14394 0.743649 0.953161
14395 0.743632 0.953173
14396 0.743616 0.9532
14397 0.743601 0.95324
14398 0.743587 0.953292
14399 0.743575 0.953354
14400 0.743577 0.953402
14401 0.743579 0.953461
14402 0.743594 0.953506
14403 0.743621 0.953538
14404 0.743659 0.95356
14405 0.743706 0.953571
14406 0.743763 0.953573
14407 0.743827 0.953568
14408 0.743871 0.953554
14409 0.743898 0.953535
14410 0.743908 0.953509
14411 0.743903 0.953478
14412 0.743899 0.953465
14413 0.743895 0.95347
14414 0.743892 0.95349
14415 0.743888 0.953523
14416 0.743872 0.953545
14417 0.743857 0.953581
14418 0.743843 0.953629
14419 0.74383 0.953687
14420 0.743833 0.953732
14421 0.743848 0.953765
14422 0.743876 0.953786
14423 0.743914 0.953798
14424 0.743962 0.9538
14425 0.744005 0.953818
14426 0.744044 0.95385
14427 0.744079 0.953894
14428 0.744097 0.953926
14429 0.7441 0.953947
14430 0.744088 0.953958
14431 0.744065 0.95396
14432 0.744057 0.953954
14433 0.744063 0.953941
14434 0.744056 0.953922
14435 0.744035 0.953896
14436 0.744003 0.953866
14437 0.743988 0.95383
14438 0.743988 0.953806
14439 0.743974 0.953777
14440 0.743948 0.953743
14441 0.743912 0.953704
14442 0.743892 0.953677
14443 0.743861 0.953645
14444 0.743819 0.953608
14445 0.743795 0.953582
14446 0.743787 0.953568
14447 0.74378 0.95357
14448 0.743774 0.953588
14449 0.743767 0.953619
14450 0.743776 0.95364
14451 0.743796 0.95365
14452 0.743829 0.953652
14453 0.743871 0.953646
14454 0.743923 0.953632
14455 0.743983 0.953612
14456 0.744024 0.953586
14457 0.74406 0.953578
14458 0.744093 0.953587
14459 0.744122 0.95361
14460 0.744148 0.953647
14461 0.744172 0.953696
14462 0.744193 0.953755
14463 0.744212 0.953825
14464 0.744228 0.953903
14465 0.74423 0.953965
14466 0.744218 0.954013
14467 0.744193 0.954049
14468 0.744171 0.954097
14469 0.744151 0.954155
14470 0.744132 0.954224
14471 0.744102 0.954278
14472 0.744089 0.954318
14473 0.74409 0.954347
14474 0.744105 0.954366
14475 0.744133 0.954374
14476 0.744171 0.954375
14477 0.744219 0.954367
14478 0.744248 0.954353
14479 0.744261 0.954332
14480 0.744259 0.954305
14481 0.744244 0.954274
14482 0.744216 0.954238
14483 0.744178 0.954197
14484 0.744143 0.954177
14485 0.744112 0.954174
14486 0.744083 0.954187
14487 0.744044 0.954191
14488 0.743995 0.954187
14489 0.743938 0.954176
14490 0.7439 0.954158
14491 0.743879 0.954133
14492 0.743874 0.954104
14493 0.743883 0.95407
14494 0.743877 0.954031
14495 0.743886 0.953988
14496 0.743907 0.953942
14497 0.743913 0.953893
14498 0.743932 0.95384
14499 0.743962 0.953785
14500 0.743976 0.953728
14501 0.743975 0.953669
14502 0.74396 0.953607
14503 0.743961 0.95356
14504 0.743975 0.953525
14505 0.744001 0.953502
14506 0.744011 0.953473
14507 0.744006 0.953439
14508 0.743989 0.9534
14509 0.743959 0.953358
14510 0.743933 0.953335
14511 0.743909 0.95333
14512 0.743888 0.953342
14513 0.743868 0.953367
14514 0.743838 0.953383
14515 0.743796 0.953389
14516 0.743773 0.953402
14517 0.743765 0.953422
14518 0.743771 0.953447
14519 0.743764 0.953462
14520 0.743743 0.953468
14521 0.743739 0.953481
14522 0.743748 0.953501
14523 0.743743 0.95351
14524 0.743724 0.953511
14525 0.743722 0.95352
14526 0.743733 0.953535
14527 0.743729 0.953542
14528 0.743739 0.953555
14529 0.743762 0.953575
14530 0.743769 0.953585
14531 0.743762 0.953586
14532 0.743769 0.953595
14533 0.743789 0.95361
14534 0.743821 0.953632
14535 0.743863 0.95366
14536 0.743887 0.953677
14537 0.743895 0.953684
14538 0.743916 0.953699
14539 0.743922 0.953704
14540 0.74394 0.953717
14541 0.74397 0.953736
14542 0.743984 0.953745
14543 0.743983 0.953745
14544 0.743968 0.953738
14545 0.743968 0.953739
14546 0.743982 0.953748
14547 0.744008 0.953764
14548 0.744045 0.953786
14549 0.744065 0.953797
14550 0.74407 0.9538
14551 0.74406 0.953795
14552 0.744038 0.953782
14553 0.744004 0.953763
14554 0.74396 0.953737
14555 0.743934 0.953722
14556 0.743925 0.953717
14557 0.74393 0.953719
14558 0.743948 0.953729
14559 0.743978 0.953746
14560 0.744018 0.953769
14561 0.744068 0.953798
14562 0.744127 0.953831
14563 0.744166 0.953853
14564 0.744188 0.953866
14565 0.744194 0.953869
14566 0.744186 0.953864
14567 0.744165 0.953851
14568 0.744133 0.953833
14569 0.744091 0.953808
14570 0.744039 0.953778
14571 0.744006 0.953743
14572 0.743989 0.953719
14573 0.743988 0.953706
14574 0.744001 0.953701
14575 0.744012 0.953713
14576 0.744022 0.953739
14577 0.744031 0.953779
14578 0.744026 0.953806
14579 0.744007 0.953823
14580 0.743977 0.95383
14581 0.743936 0.953829
14582 0.743886 0.95382
14583 0.743841 0.953828
14584 0.7438 0.95385
14585 0.743777 0.953863
14586 0.74377 0.953866
14587 0.743777 0.953861
14588 0.743769 0.953849
14589 0.743749 0.95383
14590 0.743718 0.953805
14591 0.743676 0.953775
14592 0.743651 0.953756
14593 0.743643 0.953746
14594 0.743649 0.95373
14595 0.743641 0.953707
14596 0.743647 0.953678
14597 0.743639 0.953645
14598 0.743646 0.953607
14599 0.743638 0.953565
14600 0.743645 0.953535
14601 0.743637 0.9535
14602 0.74363 0.953484
14603 0.743624 0.953486
14604 0.743618 0.953503
14605 0.743613 0.953534
14606 0.743621 0.953554
14607 0.743643 0.953564
14608 0.743649 0.953565
14609 0.74364 0.953558
14610 0.743619 0.953544
14611 0.743614 0.953539
14612 0.743622 0.953543
14613 0.743644 0.953554
14614 0.743676 0.953572
14615 0.743719 0.953596
14616 0.743772 0.953625
14617 0.743819 0.953668
14618 0.743861 0.953721
14619 0.743912 0.953778
14620 0.743972 0.953836
14621 0.744012 0.953881
14622 0.744035 0.953913
14623 0.744042 0.953935
14624 0.744035 0.953946
14625 0.744014 0.953948
14626 0.743996 0.953966
14627 0.74398 0.953998
14628 0.743979 0.954019
14629 0.743991 0.95403
14630 0.744002 0.954055
14631 0.744012 0.954094
14632 0.744035 0.954121
14633 0.744069 0.954137
14634 0.744113 0.954144
14635 0.74414 0.954143
14636 0.74415 0.954134
14637 0.744145 0.954118
14638 0.744127 0.954096
14639 0.744098 0.954068
14640 0.744071 0.954059
14641 0.744047 0.954066
14642 0.744025 0.954089
14643 0.744006 0.954124
14644 0.743988 0.954172
14645 0.743986 0.954208
14646 0.743997 0.954232
14647 0.743994 0.954245
14648 0.743978 0.95425
14649 0.743949 0.954247
14650 0.743937 0.954236
14651 0.74394 0.954218
14652 0.743956 0.954194
14653 0.743984 0.954165
14654 0.744023 0.954131
14655 0.744058 0.954116
14656 0.74409 0.954119
14657 0.744105 0.954113
14658 0.744104 0.9541
14659 0.74409 0.95408
14660 0.744078 0.954079
14661 0.744067 0.954093
14662 0.744057 0.954121
14663 0.744048 0.954162
14664 0.744054 0.954191
14665 0.744072 0.95421
14666 0.744103 0.954219
14667 0.744116 0.954219
14668 0.744115 0.954212
14669 0.7441 0.954197
14670 0.744101 0.954177
14671 0.744115 0.95415
14672 0.744113 0.954119
14673 0.744099 0.954082
14674 0.744072 0.954042
14675 0.744048 0.954022
14676 0.744027 0.954019
14677 0.744008 0.954032
14678 0.744004 0.954036
14679 0.744014 0.954031
14680 0.744037 0.95402
14681 0.744044 0.954002
14682 0.744036 0.953977
14683 0.744016 0.953948
14684 0.743984 0.953913
14685 0.743942 0.953874
14686 0.743904 0.953855
14687 0.74387 0.953854
14688 0.743839 0.953868
14689 0.743812 0.953896
14690 0.7438 0.953914
14691 0.743804 0.953922
14692 0.74382 0.953922
14693 0.743822 0.953913
14694 0.743809 0.953898
14695 0.743785 0.953876
14696 0.743749 0.953849
14697 0.74373 0.953816
14698 0.743727 0.953795
14699 0.743738 0.953784
14700 0.743761 0.953781
14701 0.743768 0.953771
14702 0.743761 0.953754
14703 0.743741 0.953731
14704 0.743737 0.953703
14705 0.743746 0.953685
14706 0.743769 0.953661
14707 0.743802 0.953647
14708 0.743846 0.953643
14709 0.743872 0.953631
14710 0.743882 0.953612
14711 0.743877 0.953587
14712 0.743859 0.953557
14713 0.743856 0.953538
14714 0.743868 0.953529
14715 0.743891 0.953528
14716 0.743926 0.953535
14717 0.743944 0.953534
14718 0.743947 0.953525
14719 0.743936 0.953508
14720 0.743912 0.953486
14721 0.743904 0.953473
14722 0.743911 0.95347
14723 0.743904 0.953459
14724 0.743911 0.953457
14725 0.743931 0.953462
14726 0.743935 0.95346
14727 0.743939 0.953473
14728 0.743943 0.9535
14729 0.743946 0.953541
14730 0.743949 0.953593
14731 0.743938 0.953632
14732 0.743915 0.95366
14733 0.74388 0.953676
14734 0.743835 0.953683
14735 0.743782 0.953682
14736 0.74372 0.953672
14737 0.743678 0.953672
14738 0.743653 0.953679
14739 0.743645 0.953678
14740 0.743651 0.953669
14741 0.74367 0.953653
14742 0.7437 0.953631
14743 0.743728 0.953626
14744 0.743752 0.953638
14745 0.743774 0.953664
14746 0.743794 0.953704
14747 0.743812 0.953755
14748 0.743841 0.953793
14749 0.743881 0.953819
14750 0.743904 0.953835
14751 0.743911 0.953841
14752 0.743903 0.953839
14753 0.743883 0.95383
14754 0.743851 0.953813
14755 0.743822 0.953814
14756 0.74381 0.953807
14757 0.743812 0.953792
14758 0.743814 0.953795
14759 0.743816 0.953813
14760 0.743818 0.953845
14761 0.743819 0.95389
14762 0.743821 0.953946
14763 0.743822 0.954011
14764 0.743809 0.954063
14765 0.743784 0.954101
14766 0.743748 0.954128
14767 0.743729 0.954145
14768 0.743725 0.954151
14769 0.743736 0.95415
14770 0.743759 0.95414
14771 0.743766 0.954124
14772 0.743759 0.954102
14773 0.743766 0.954074
14774 0.743787 0.954041
14775 0.743805 0.954027
14776 0.743834 0.954006
14777 0.743861 0.954003
14778 0.743885 0.954017
14779 0.743907 0.954044
14780 0.743926 0.954085
14781 0.743944 0.954137
14782 0.743973 0.954176
14783 0.743986 0.954203
14784 0.743984 0.95422
14785 0.743968 0.954228
14786 0.74394 0.954227
14787 0.743929 0.954218
14788 0.743933 0.954202
14789 0.743949 0.95418
14790 0.743964 0.954176
14791 0.743978 0.954189
14792 0.74399 0.954215
14793 0.744001 0.954255
14794 0.744011 0.954306
14795 0.744033 0.954345
14796 0.744067 0.954372
14797 0.744084 0.954388
14798 0.744085 0.954395
14799 0.744073 0.954394
14800 0.744048 0.954385
14801 0.744039 0.954369
14802 0.744045 0.954347
14803 0.744064 0.954319
14804 0.744095 0.954287
14805 0.744122 0.954273
14806 0.744147 0.954277
14807 0.74417 0.954296
14808 0.744176 0.954305
14809 0.744169 0.954305
14810 0.744148 0.954298
14811 0.744129 0.954307
14812 0.744113 0.954331
14813 0.744084 0.954345
14814 0.744045 0.954349
14815 0.743996 0.954346
14816 0.743938 0.954335
14817 0.7439 0.954317
14818 0.743879 0.954294
14819 0.743874 0.954264
14820 0.743869 0.954254
14821 0.743865 0.95426
14822 0.743875 0.954258
14823 0.743898 0.954249
14824 0.743905 0.954232
14825 0.743925 0.954209
14826 0.743956 0.954181
14827 0.743971 0.954148
14828 0.743984 0.954134
14829 0.743996 0.954137
14830 0.744006 0.954155
14831 0.744016 0.954188
14832 0.744038 0.954209
14833 0.744072 0.95422
14834 0.744116 0.954223
14835 0.744142 0.954217
14836 0.744151 0.954204
14837 0.744146 0.954185
14838 0.744128 0.95416
14839 0.744098 0.954129
14840 0.744058 0.954094
14841 0.744008 0.954055
14842 0.743976 0.954012
14843 0.743962 0.953965
14844 0.743962 0.953915
14845 0.743976 0.953863
14846 0.744002 0.953807
14847 0.744039 0.95375
14848 0.744059 0.95369
14849 0.744063 0.953629
14850 0.744067 0.953589
14851 0.74407 0.953569
14852 0.744073 0.953566
14853 0.744075 0.95358
14854 0.744064 0.953584
14855 0.744054 0.953604
14856 0.744031 0.953613
14857 0.743997 0.953614
14858 0.743966 0.95363
14859 0.743939 0.953661
14860 0.743914 0.953704
14861 0.743891 0.953758
14862 0.743858 0.953799
14863 0.743813 0.953828
14864 0.743774 0.95387
14865 0.743738 0.953923
14866 0.743719 0.953963
14867 0.743716 0.953992
14868 0.743727 0.954009
14869 0.743723 0.954017
14870 0.743706 0.954017
14871 0.743704 0.954008
14872 0.743716 0.953993
14873 0.74374 0.953971
14874 0.743776 0.953944
14875 0.743808 0.953935
14876 0.743836 0.953942
14877 0.743862 0.953965
14878 0.743885 0.954001
14879 0.743906 0.954049
14880 0.743924 0.954108
14881 0.743941 0.954177
14882 0.743942 0.954231
14883 0.743957 0.954272
14884 0.743957 0.954301
14885 0.743971 0.95432
14886 0.743996 0.954328
14887 0.744033 0.954329
14888 0.744053 0.954321
14889 0.744084 0.954307
14890 0.744125 0.954286
14891 0.744149 0.954259
14892 0.744171 0.954251
14893 0.74419 0.954259
14894 0.744208 0.954283
14895 0.744224 0.954319
14896 0.744224 0.954344
14897 0.744211 0.954359
14898 0.744185 0.954365
14899 0.744149 0.954362
14900 0.744102 0.954352
14901 0.744074 0.954335
14902 0.744048 0.954336
14903 0.744039 0.954329
14904 0.744044 0.954314
14905 0.744063 0.954294
14906 0.744066 0.954267
14907 0.744055 0.954236
14908 0.744045 0.954223
14909 0.744036 0.954228
14910 0.744027 0.954247
14911 0.74402 0.954281
14912 0.744027 0.954303
14913 0.744047 0.954315
14914 0.744078 0.954319
14915 0.74412 0.954314
14916 0.744171 0.954302
14917 0.744231 0.954283
14918 0.744272 0.954259
14919 0.744308 0.954253
14920 0.74434 0.954263
14921 0.74437 0.954287
14922 0.744396 0.954325
14923 0.74442 0.954375
14924 0.744441 0.954435
14925 0.74446 0.954505
14926 0.744464 0.954561
14927 0.744453 0.954603
14928 0.74443 0.954633
14929 0.744396 0.954653
14930 0.744365 0.954686
14931 0.744323 0.954709
14932 0.744272 0.954721
14933 0.744212 0.954725
14934 0.744172 0.95472
14935 0.74415 0.954709
14936 0.744143 0.954691
14937 0.744151 0.954667
14938 0.744172 0.954637
14939 0.744177 0.954603
14940 0.744168 0.954565
14941 0.744146 0.954523
14942 0.744126 0.9545
14943 0.744109 0.954496
14944 0.744093 0.954508
14945 0.744092 0.954511
14946 0.744078 0.954506
14947 0.744051 0.954493
14948 0.744041 0.954475
14949 0.744045 0.95445
14950 0.744036 0.95442
14951 0.744014 0.954385
14952 0.74398 0.954346
14953 0.743936 0.954304
14954 0.74391 0.954257
14955 0.7439 0.954208
14956 0.743905 0.954156
14957 0.743896 0.954101
14958 0.743887 0.954067
14959 0.74388 0.954053
14960 0.743873 0.954055
14961 0.743881 0.95405
14962 0.743901 0.954037
14963 0.743933 0.954017
14964 0.743975 0.953992
14965 0.744027 0.953962
14966 0.74406 0.953926
14967 0.744089 0.95391
14968 0.744116 0.953912
14969 0.74414 0.953928
14970 0.744162 0.953959
14971 0.744181 0.954002
14972 0.744199 0.954057
14973 0.744214 0.954122
14974 0.744229 0.954196
14975 0.744241 0.954278
14976 0.744239 0.954344
14977 0.744224 0.954396
14978 0.74421 0.954459
14979 0.744197 0.95453
14980 0.744172 0.954587
14981 0.744163 0.954631
14982 0.744169 0.954663
14983 0.744188 0.954683
14984 0.744219 0.954694
14985 0.74426 0.954697
14986 0.744283 0.954691
14987 0.744291 0.954678
14988 0.744298 0.954682
14989 0.744304 0.954702
14990 0.744309 0.954735
14991 0.744314 0.954781
14992 0.744305 0.954814
14993 0.744283 0.954837
14994 0.744249 0.954849
14995 0.744205 0.954853
14996 0.744179 0.954848
14997 0.74417 0.954837
14998 0.744161 0.954842
14999 0.744153 0.954863
15000 0.744146 0.954897
