14000 0.81742 0.925864
14001 0.817408 0.925819
14002 0.817402 0.925764
14003 0.817402 0.9257
14004 0.817406 0.925657
14005 0.817413 0.925634
14006 0.817424 0.925628
14007 0.817437 0.925638
14008 0.817453 0.925662
14009 0.817472 0.925699
14010 0.817493 0.925747
14011 0.817515 0.925805
14012 0.817541 0.925843
14013 0.817569 0.925862
14014 0.817578 0.925879
14015 0.817571 0.925895
14016 0.817569 0.925894
14017 0.817553 0.925893
14018 0.817541 0.925908
14019 0.817535 0.925936
14020 0.817514 0.925962
14021 0.8175 0.92597
14022 0.817493 0.925962
14023 0.817491 0.925941
14024 0.817474 0.925921
14025 0.817463 0.925889
14026 0.817458 0.925875
14027 0.817457 0.925877
14028 0.817461 0.925865
14029 0.81747 0.925839
14030 0.817462 0.925815
14031 0.81744 0.925794
14032 0.817404 0.925775
14033 0.817356 0.925758
14034 0.817297 0.925743
14035 0.817228 0.925729
14036 0.817171 0.925702
14037 0.817125 0.925662
14038 0.817088 0.925612
14039 0.81706 0.925551
14040 0.817039 0.925482
14041 0.817024 0.925435
14042 0.817015 0.925408
14043 0.81701 0.925399
14044 0.81699 0.92539
14045 0.816957 0.925382
14046 0.816931 0.92539
14047 0.816892 0.925398
14048 0.816841 0.925404
14049 0.81678 0.92541
14050 0.816709 0.925416
14051 0.81663 0.925421
14052 0.816543 0.925425
14053 0.816449 0.925429
14054 0.816369 0.925417
14055 0.816302 0.925392
14056 0.816246 0.925355
14057 0.8162 0.925336
14058 0.816162 0.925335
14059 0.816131 0.925348
14060 0.816108 0.925376
14061 0.81609 0.925416
14062 0.816078 0.925467
14063 0.816071 0.925528
14064 0.816068 0.925599
14065 0.81607 0.925647
14066 0.816077 0.925676
14067 0.816088 0.925687
14068 0.816102 0.925681
14069 0.816119 0.925662
14070 0.81614 0.925629
14071 0.816163 0.925584
14072 0.816188 0.925529
14073 0.816216 0.925465
14074 0.816244 0.925422
14075 0.816254 0.925384
14076 0.816248 0.925349
14077 0.816226 0.925318
14078 0.816191 0.92529
14079 0.816144 0.925265
14080 0.816086 0.925242
14081 0.816018 0.925222
14082 0.815941 0.925204
14083 0.815857 0.925187
14084 0.815784 0.925187
14085 0.815723 0.925173
14086 0.815673 0.925144
14087 0.815632 0.925134
14088 0.815598 0.92514
14089 0.815572 0.925161
14090 0.815552 0.925194
14091 0.815538 0.92521
14092 0.81553 0.925208
14093 0.815528 0.925192
14094 0.81553 0.925163
14095 0.815536 0.925122
14096 0.815546 0.9251
14097 0.815558 0.925095
14098 0.815572 0.925106
14099 0.815589 0.925131
14100 0.815608 0.925169
14101 0.815628 0.925218
14102 0.815651 0.925278
14103 0.815674 0.925347
14104 0.815699 0.925424
14105 0.815725 0.925509
14106 0.815753 0.92557
14107 0.815783 0.92561
14108 0.815814 0.925631
14109 0.815847 0.925635
14110 0.815882 0.925624
14111 0.815917 0.925598
14112 0.815954 0.925561
14113 0.815991 0.925542
14114 0.816027 0.92554
14115 0.816065 0.925524
14116 0.816104 0.925494
14117 0.816144 0.925453
14118 0.816184 0.925401
14119 0.816205 0.925353
14120 0.816208 0.925311
14121 0.816214 0.925288
14122 0.816224 0.925283
14123 0.816237 0.925293
14124 0.816252 0.925317
14125 0.81625 0.925339
14126 0.816253 0.925344
14127 0.81626 0.925333
14128 0.816271 0.925308
14129 0.816285 0.925271
14130 0.816303 0.925223
14131 0.816323 0.925164
14132 0.816326 0.925112
14133 0.816313 0.925064
14134 0.816285 0.925021
14135 0.816245 0.924983
14136 0.816192 0.924948
14137 0.81613 0.924917
14138 0.816058 0.924888
14139 0.815978 0.924862
14140 0.815909 0.924855
14141 0.815852 0.924863
14142 0.815803 0.924885
14143 0.815763 0.92492
14144 0.815712 0.924952
14145 0.81565 0.92498
14146 0.815579 0.925006
14147 0.815519 0.925014
14148 0.81547 0.925006
14149 0.81543 0.924985
14150 0.815397 0.92498
14151 0.815372 0.924991
14152 0.815353 0.925017
14153 0.815339 0.925055
14154 0.81533 0.925104
14155 0.815326 0.925163
14156 0.815327 0.925202
14157 0.815332 0.925222
14158 0.815341 0.925225
14159 0.815353 0.925212
14160 0.815368 0.925186
14161 0.815387 0.925147
14162 0.815408 0.925097
14163 0.81543 0.925067
14164 0.815454 0.925056
14165 0.815479 0.925061
14166 0.815506 0.92505
14167 0.815535 0.925026
14168 0.815565 0.925019
14169 0.815595 0.925027
14170 0.815607 0.925036
14171 0.815602 0.925043
14172 0.815582 0.925049
14173 0.815567 0.925071
14174 0.815558 0.925105
14175 0.815553 0.925151
14176 0.815553 0.925177
14177 0.815558 0.925186
14178 0.815546 0.925194
14179 0.81554 0.925216
14180 0.815538 0.925221
14181 0.815541 0.925211
14182 0.815549 0.925186
14183 0.81556 0.92515
14184 0.815554 0.925117
14185 0.815533 0.925087
14186 0.815518 0.925075
14187 0.815509 0.92508
14188 0.815503 0.925099
14189 0.815502 0.925132
14190 0.815504 0.925176
14191 0.815511 0.925201
14192 0.815522 0.925209
14193 0.815535 0.925231
14194 0.81555 0.925266
14195 0.815567 0.925313
14196 0.815587 0.92537
14197 0.815608 0.925437
14198 0.81563 0.925513
14199 0.815654 0.925596
14200 0.81568 0.925656
14201 0.815709 0.925695
14202 0.815738 0.925715
14203 0.81577 0.925718
14204 0.815803 0.925705
14205 0.815837 0.925709
14206 0.81587 0.925728
14207 0.815906 0.92573
14208 0.815942 0.925717
14209 0.815979 0.92569
14210 0.816018 0.925651
14211 0.816057 0.925601
14212 0.816097 0.925541
14213 0.816137 0.925503
14214 0.816177 0.925483
14215 0.816216 0.92548
14216 0.816256 0.925493
14217 0.816296 0.92549
14218 0.816337 0.925472
14219 0.816377 0.925471
14220 0.816417 0.925485
14221 0.816457 0.925513
14222 0.816498 0.925523
14223 0.816539 0.925518
14224 0.816561 0.925513
14225 0.816565 0.925508
14226 0.816552 0.925504
14227 0.816526 0.9255
14228 0.816486 0.925497
14229 0.816435 0.925494
14230 0.816373 0.925491
14231 0.816322 0.925474
14232 0.81628 0.925443
14233 0.816248 0.9254
14234 0.816223 0.925347
14235 0.816185 0.925299
14236 0.816136 0.925256
14237 0.816075 0.925218
14238 0.816005 0.925183
14239 0.815927 0.925151
14240 0.81586 0.925138
14241 0.815803 0.925141
14242 0.815737 0.925144
14243 0.81568 0.925162
14244 0.815633 0.925193
14245 0.815594 0.925236
14246 0.815563 0.92529
14247 0.81554 0.925324
14248 0.815523 0.925339
14249 0.815512 0.925369
14250 0.815506 0.92538
14251 0.815504 0.925405
14252 0.815507 0.925443
14253 0.815513 0.925463
14254 0.815524 0.925465
14255 0.815538 0.925452
14256 0.815555 0.925456
14257 0.815573 0.925475
14258 0.815594 0.925477
14259 0.815618 0.925463
14260 0.815644 0.925436
14261 0.815672 0.925397
14262 0.815702 0.925347
14263 0.815713 0.925303
14264 0.815708 0.925262
14265 0.815687 0.925226
14266 0.815653 0.925193
14267 0.815626 0.925179
14268 0.815605 0.925181
14269 0.81559 0.925199
14270 0.815561 0.925215
14271 0.815518 0.925229
14272 0.815485 0.925226
14273 0.81546 0.925209
14274 0.81544 0.925209
14275 0.815426 0.925225
14276 0.815417 0.925254
14277 0.815412 0.925295
14278 0.815411 0.925347
14279 0.815413 0.92541
14280 0.815419 0.925481
14281 0.815428 0.925531
14282 0.815442 0.92556
14283 0.815457 0.925602
14284 0.815474 0.925655
14285 0.815494 0.925688
14286 0.815517 0.925702
14287 0.815542 0.9257
14288 0.815569 0.925683
14289 0.815598 0.925653
14290 0.815628 0.925641
14291 0.815659 0.925615
14292 0.815692 0.925577
14293 0.815725 0.925558
14294 0.81576 0.925526
14295 0.815796 0.925482
14296 0.815831 0.925458
14297 0.815868 0.925421
14298 0.815906 0.925373
14299 0.815924 0.92533
14300 0.815925 0.925292
14301 0.81593 0.925272
14302 0.815937 0.92527
14303 0.815947 0.925283
14304 0.81596 0.92531
14305 0.815956 0.925334
14306 0.815936 0.925356
14307 0.815923 0.92536
14308 0.815916 0.92535
14309 0.815914 0.925325
14310 0.815897 0.925303
14311 0.815886 0.925268
14312 0.815861 0.925237
14313 0.815822 0.925208
14314 0.815772 0.925183
14315 0.815731 0.925145
14316 0.815679 0.925111
14317 0.815616 0.92508
14318 0.815563 0.925068
14319 0.815519 0.925072
14320 0.815482 0.925091
14321 0.815434 0.925108
14322 0.815374 0.925123
14323 0.815326 0.925122
14324 0.815286 0.925106
14325 0.815254 0.925107
14326 0.815228 0.925123
14327 0.815189 0.925137
14328 0.815139 0.92515
14329 0.815098 0.925147
14330 0.815046 0.925144
14331 0.815003 0.925126
14332 0.814949 0.92511
14333 0.814885 0.925096
14334 0.814811 0.925083
14335 0.814749 0.925057
14336 0.814698 0.925018
14337 0.814655 0.924998
14338 0.81462 0.924996
14339 0.814591 0.925009
14340 0.81455 0.92502
14341 0.814517 0.925016
14342 0.81449 0.925027
14343 0.81447 0.925053
14344 0.814455 0.925061
14345 0.814447 0.925053
14346 0.814443 0.925031
14347 0.814443 0.925026
14348 0.814446 0.925037
14349 0.814453 0.925032
14350 0.814463 0.925043
14351 0.814476 0.925037
14352 0.814492 0.925017
14353 0.81451 0.924984
14354 0.814531 0.92494
14355 0.814553 0.924915
14356 0.814577 0.924907
14357 0.814602 0.924886
14358 0.814629 0.924851
14359 0.814637 0.92482
14360 0.814629 0.924793
14361 0.814606 0.924767
14362 0.81457 0.924745
14363 0.814541 0.92474
14364 0.814518 0.92475
14365 0.8145 0.924775
14366 0.814488 0.924813
14367 0.81448 0.924862
14368 0.814476 0.924922
14369 0.814476 0.92496
14370 0.814481 0.92498
14371 0.814489 0.924982
14372 0.814501 0.92497
14373 0.814516 0.924943
14374 0.814514 0.924919
14375 0.814496 0.924898
14376 0.814464 0.924878
14377 0.81442 0.924861
14378 0.814365 0.924846
14379 0.8143 0.924832
14380 0.814245 0.924804
14381 0.8142 0.924764
14382 0.814144 0.924728
14383 0.814078 0.924696
14384 0.814003 0.924666
14385 0.81394 0.924625
14386 0.813887 0.924573
14387 0.813842 0.924541
14388 0.813806 0.924528
14389 0.813775 0.924531
14390 0.813752 0.924549
14391 0.813733 0.924581
14392 0.81372 0.924625
14393 0.813711 0.92468
14394 0.813707 0.924714
14395 0.813707 0.92473
14396 0.813712 0.924729
14397 0.813719 0.924743
14398 0.813729 0.924771
14399 0.813741 0.924782
14400 0.813757 0.924776
14401 0.813774 0.924786
14402 0.813793 0.92481
14403 0.813813 0.924848
14404 0.813834 0.924896
14405 0.813857 0.924956
14406 0.813881 0.924994
14407 0.813907 0.925013
14408 0.813934 0.925046
14409 0.813962 0.92506
14410 0.813991 0.925058
14411 0.814021 0.925071
14412 0.814052 0.925068
14413 0.814084 0.92505
14414 0.814118 0.925019
14415 0.814152 0.924976
14416 0.814186 0.924922
14417 0.814222 0.924858
14418 0.814257 0.924816
14419 0.814292 0.924793
14420 0.814328 0.924788
14421 0.814363 0.924799
14422 0.814398 0.924824
14423 0.814433 0.924861
14424 0.814469 0.92488
14425 0.814505 0.924882
14426 0.814542 0.924868
14427 0.814579 0.924871
14428 0.814615 0.924889
14429 0.814653 0.92489
14430 0.81467 0.924891
14431 0.814671 0.924892
14432 0.814655 0.924893
14433 0.814646 0.924878
14434 0.814641 0.924881
14435 0.81464 0.924868
14436 0.814644 0.924841
14437 0.814651 0.924832
14438 0.814661 0.924839
14439 0.814674 0.92483
14440 0.81469 0.924838
14441 0.814708 0.92486
14442 0.814728 0.924864
14443 0.81473 0.924869
14444 0.814717 0.924872
14445 0.814689 0.924876
14446 0.814649 0.924879
14447 0.814616 0.924897
14448 0.81459 0.924928
14449 0.81457 0.924972
14450 0.814556 0.924996
14451 0.814548 0.925003
14452 0.814545 0.924994
14453 0.814547 0.92497
14454 0.814552 0.924935
14455 0.814562 0.924887
14456 0.814573 0.92486
14457 0.814587 0.92485
14458 0.814603 0.924857
14459 0.814621 0.924878
14460 0.814642 0.924882
14461 0.814663 0.924901
14462 0.814686 0.924934
14463 0.814711 0.924947
14464 0.814738 0.924945
14465 0.814766 0.924928
14466 0.814795 0.924927
14467 0.814824 0.924942
14468 0.814854 0.924971
14469 0.814886 0.924982
14470 0.814918 0.924976
14471 0.814951 0.924956
14472 0.814985 0.924923
14473 0.81502 0.924909
14474 0.815054 0.924911
14475 0.815089 0.924898
14476 0.815105 0.924886
14477 0.815104 0.924876
14478 0.815087 0.924866
14479 0.815076 0.924873
14480 0.815069 0.924894
14481 0.815067 0.924928
14482 0.815069 0.924974
14483 0.815074 0.925031
14484 0.815082 0.925097
14485 0.815074 0.925157
14486 0.815051 0.925211
14487 0.815015 0.925259
14488 0.814986 0.925287
14489 0.814965 0.925298
14490 0.81495 0.925292
14491 0.814941 0.925272
14492 0.814937 0.925239
14493 0.814918 0.925209
14494 0.814885 0.925182
14495 0.81484 0.925158
14496 0.814803 0.925121
14497 0.814775 0.925073
14498 0.814733 0.925029
14499 0.814681 0.92499
14500 0.814617 0.924955
14501 0.814564 0.924939
14502 0.814519 0.924939
14503 0.814483 0.924955
14504 0.814454 0.924954
14505 0.814432 0.924938
14506 0.814416 0.924939
14507 0.814405 0.924955
14508 0.814399 0.924985
14509 0.814397 0.925027
14510 0.814399 0.92505
14511 0.814405 0.925055
14512 0.814415 0.925045
14513 0.814428 0.925021
14514 0.814444 0.925014
14515 0.814461 0.925023
14516 0.81448 0.925047
14517 0.814501 0.925083
14518 0.814523 0.925131
14519 0.814547 0.92519
14520 0.814572 0.925258
14521 0.814599 0.925304
14522 0.814627 0.92533
14523 0.814657 0.925339
14524 0.814688 0.925362
14525 0.81472 0.925368
14526 0.814752 0.925388
14527 0.814786 0.925392
14528 0.814821 0.925379
14529 0.814856 0.925384
14530 0.814892 0.925373
14531 0.814928 0.925348
14532 0.814946 0.925325
14533 0.814965 0.92532
14534 0.814986 0.925331
14535 0.815009 0.925356
14536 0.815034 0.925394
14537 0.815059 0.925443
14538 0.815086 0.925502
14539 0.815115 0.925541
14540 0.815145 0.92556
14541 0.815177 0.925562
14542 0.81521 0.92555
14543 0.815243 0.925553
14544 0.815277 0.925572
14545 0.815312 0.925604
14546 0.815347 0.925617
14547 0.815384 0.925614
14548 0.815421 0.925597
14549 0.815459 0.925566
14550 0.815498 0.925523
14551 0.815536 0.925499
14552 0.815575 0.925494
14553 0.815615 0.925473
14554 0.815655 0.92544
14555 0.815675 0.92541
14556 0.815678 0.925383
14557 0.815665 0.925359
14558 0.815657 0.925352
14559 0.815654 0.925331
14560 0.815656 0.925297
14561 0.815663 0.925252
14562 0.815673 0.925196
14563 0.815686 0.925161
14564 0.815702 0.925144
14565 0.8157 0.925129
14566 0.815683 0.925116
14567 0.815652 0.925104
14568 0.815629 0.925078
14569 0.815612 0.92507
14570 0.8156 0.925078
14571 0.815593 0.9251
14572 0.815572 0.92512
14573 0.815556 0.925123
14574 0.815547 0.92514
14575 0.815542 0.925172
14576 0.815541 0.925215
14577 0.815544 0.925269
14578 0.81555 0.925333
14579 0.815561 0.925376
14580 0.815574 0.925399
14581 0.815591 0.925405
14582 0.815611 0.925395
14583 0.815632 0.925402
14584 0.815655 0.925423
14585 0.81568 0.925457
14586 0.815706 0.925503
14587 0.815733 0.92556
14588 0.815761 0.925626
14589 0.815792 0.92567
14590 0.815823 0.925695
14591 0.815856 0.925703
14592 0.815891 0.925695
14593 0.815926 0.925703
14594 0.815961 0.925725
14595 0.815997 0.92576
14596 0.816033 0.925807
14597 0.81607 0.925835
14598 0.816108 0.925844
14599 0.816148 0.925838
14600 0.816187 0.925817
14601 0.816228 0.925784
14602 0.816249 0.925754
14603 0.816252 0.925726
14604 0.81626 0.925687
14605 0.816271 0.925667
14606 0.816285 0.925664
14607 0.816301 0.925676
14608 0.81632 0.925702
14609 0.816341 0.925711
14610 0.816365 0.925704
14611 0.816392 0.925683
14612 0.81642 0.925649
14613 0.816451 0.925604
14614 0.816482 0.925578
14615 0.816515 0.92557
14616 0.816548 0.925578
14617 0.816562 0.925585
14618 0.816558 0.925591
14619 0.81654 0.925597
14620 0.816508 0.925602
14621 0.816463 0.925606
14622 0.816427 0.925596
14623 0.8164 0.925571
14624 0.81638 0.925534
14625 0.816367 0.925485
14626 0.816358 0.925457
14627 0.816355 0.925446
14628 0.816356 0.925452
14629 0.816361 0.925442
14630 0.816371 0.925419
14631 0.816383 0.925412
14632 0.816398 0.925422
14633 0.816396 0.925431
14634 0.816378 0.925438
14635 0.816347 0.925446
14636 0.816303 0.925452
14637 0.816248 0.925458
14638 0.816182 0.925463
14639 0.816128 0.925453
14640 0.816083 0.925429
14641 0.816047 0.925422
14642 0.816019 0.925431
14643 0.815997 0.925455
14644 0.815982 0.925491
14645 0.815972 0.925539
14646 0.815967 0.925567
14647 0.815968 0.925578
14648 0.815972 0.925572
14649 0.815982 0.925552
14650 0.815994 0.925518
14651 0.81601 0.925473
14652 0.816029 0.925418
14653 0.81605 0.925383
14654 0.816073 0.925367
14655 0.816078 0.925353
14656 0.816087 0.925355
14657 0.816098 0.925372
14658 0.816113 0.925403
14659 0.81613 0.925445
14660 0.816149 0.925499
14661 0.816171 0.925532
14662 0.816195 0.925547
14663 0.816222 0.925545
14664 0.81625 0.925529
14665 0.81628 0.925499
14666 0.816312 0.925487
14667 0.816344 0.925492
14668 0.816377 0.925511
14669 0.816411 0.925544
14670 0.816445 0.925588
14671 0.81648 0.925643
14672 0.816516 0.925708
14673 0.816553 0.925751
14674 0.816591 0.925775
14675 0.81663 0.925782
14676 0.816669 0.925773
14677 0.81671 0.92575
14678 0.81673 0.925729
14679 0.816733 0.925711
14680 0.81672 0.925694
14681 0.816692 0.925679
14682 0.816672 0.925681
14683 0.816657 0.925697
14684 0.816648 0.925727
14685 0.816645 0.92574
14686 0.816646 0.925766
14687 0.816651 0.925804
14688 0.81666 0.925854
14689 0.816673 0.925884
14690 0.816689 0.925896
14691 0.816708 0.925892
14692 0.816729 0.925903
14693 0.816754 0.925899
14694 0.81678 0.92588
14695 0.816789 0.925863
14696 0.81678 0.925847
14697 0.816757 0.925833
14698 0.816741 0.925806
14699 0.816732 0.925766
14700 0.816727 0.925746
14701 0.816727 0.925742
14702 0.816731 0.925754
14703 0.816739 0.92578
14704 0.81675 0.925819
14705 0.816764 0.925869
14706 0.816782 0.925899
14707 0.816803 0.925911
14708 0.816826 0.925907
14709 0.816852 0.925888
14710 0.816879 0.925886
14711 0.816908 0.9259
14712 0.816938 0.925928
14713 0.816969 0.925967
14714 0.817002 0.926019
14715 0.817035 0.92608
14716 0.81707 0.92612
14717 0.817106 0.926141
14718 0.817144 0.926145
14719 0.817162 0.926149
14720 0.817162 0.926152
14721 0.817168 0.926141
14722 0.817157 0.92613
14723 0.817132 0.926121
14724 0.817093 0.926112
14725 0.817043 0.926105
14726 0.817003 0.926083
14727 0.816971 0.926048
14728 0.816948 0.926002
14729 0.816932 0.925946
14730 0.816922 0.925881
14731 0.816919 0.925807
14732 0.8169 0.92574
14733 0.816887 0.925696
14734 0.816859 0.925655
14735 0.816819 0.925619
14736 0.816767 0.925586
14737 0.816724 0.925572
14738 0.81669 0.925574
14739 0.816663 0.925591
14740 0.816642 0.925622
14741 0.816608 0.925649
14742 0.816562 0.925674
14743 0.816525 0.925711
14744 0.816495 0.92576
14745 0.816473 0.925789
14746 0.816458 0.9258
14747 0.816449 0.925795
14748 0.816445 0.925776
14749 0.816446 0.925774
14750 0.816452 0.925757
14751 0.816461 0.925757
14752 0.816474 0.925741
14753 0.81649 0.925713
14754 0.816489 0.925687
14755 0.816473 0.925664
14756 0.816442 0.925644
14757 0.816399 0.925625
14758 0.816364 0.925623
14759 0.816337 0.925637
14760 0.816316 0.925665
14761 0.816301 0.925705
14762 0.816292 0.925756
14763 0.816288 0.925817
14764 0.816288 0.925857
14765 0.816294 0.925878
14766 0.816303 0.925913
14767 0.816316 0.925928
14768 0.816332 0.925928
14769 0.816351 0.925912
14770 0.816373 0.925913
14771 0.816397 0.925899
14772 0.816423 0.925872
14773 0.816452 0.925832
14774 0.816462 0.925796
14775 0.816455 0.925764
14776 0.816434 0.925735
14777 0.816399 0.925709
14778 0.816351 0.925686
14779 0.816312 0.92568
14780 0.816282 0.92569
14781 0.816258 0.925714
14782 0.816241 0.925751
14783 0.81623 0.925769
14784 0.816225 0.92577
14785 0.816225 0.925756
14786 0.816229 0.925729
14787 0.816238 0.925689
14788 0.81625 0.925668
14789 0.816265 0.925665
14790 0.816283 0.925647
14791 0.816283 0.925631
14792 0.816268 0.925616
14793 0.816258 0.925619
14794 0.816254 0.925636
14795 0.816253 0.925666
14796 0.816258 0.925679
14797 0.816266 0.925675
14798 0.816279 0.925656
14799 0.816294 0.925625
14800 0.816313 0.925581
14801 0.816334 0.925557
14802 0.816357 0.925551
14803 0.816382 0.92556
14804 0.816408 0.925584
14805 0.816436 0.92562
14806 0.816465 0.925668
14807 0.816496 0.925727
14808 0.816527 0.925794
14809 0.81656 0.925871
14810 0.816594 0.925924
14811 0.816629 0.925957
14812 0.816665 0.926002
14813 0.816702 0.926027
14814 0.81674 0.926035
14815 0.816779 0.926027
14816 0.816819 0.926005
14817 0.81686 0.926
14818 0.8169 0.926011
14819 0.816942 0.926006
14820 0.816984 0.925986
14821 0.817026 0.925954
14822 0.817069 0.925939
14823 0.817112 0.925942
14824 0.817155 0.925929
14825 0.817199 0.925902
14826 0.817244 0.925863
14827 0.817288 0.925844
14828 0.817312 0.925826
14829 0.817318 0.92581
14830 0.817328 0.925781
14831 0.817322 0.925754
14832 0.817301 0.92573
14833 0.817266 0.925709
14834 0.817239 0.925705
14835 0.817218 0.925716
14836 0.817205 0.925711
14837 0.817197 0.925692
14838 0.817195 0.92566
14839 0.817198 0.925646
14840 0.817204 0.925619
14841 0.817215 0.925579
14842 0.81721 0.925544
14843 0.817189 0.925511
14844 0.817154 0.925483
14845 0.817108 0.925456
14846 0.81705 0.925433
14847 0.817002 0.925427
14848 0.816963 0.925436
14849 0.816932 0.92546
14850 0.816889 0.925482
14851 0.816834 0.925501
14852 0.816769 0.925518
14853 0.816714 0.925549
14854 0.816669 0.925591
14855 0.816632 0.925645
14856 0.816603 0.925708
14857 0.816581 0.925751
14858 0.816567 0.925773
14859 0.816558 0.925779
14860 0.816555 0.925769
14861 0.816557 0.925776
14862 0.816562 0.925797
14863 0.816571 0.925831
14864 0.816582 0.925876
14865 0.816597 0.925933
14866 0.816615 0.925969
14867 0.816636 0.925986
14868 0.816659 0.925987
14869 0.816685 0.926002
14870 0.816713 0.926002
14871 0.816742 0.925986
14872 0.816774 0.925957
14873 0.816808 0.925916
14874 0.816842 0.925894
14875 0.816877 0.92589
14876 0.816912 0.925901
14877 0.816948 0.925926
14878 0.816985 0.925964
14879 0.817022 0.926013
14880 0.81706 0.926043
14881 0.8171 0.926054
14882 0.81714 0.926049
14883 0.817181 0.92603
14884 0.817223 0.925998
14885 0.817265 0.925984
14886 0.817307 0.925987
14887 0.81735 0.925974
14888 0.817393 0.925948
14889 0.817416 0.925925
14890 0.817422 0.925904
14891 0.817411 0.925885
14892 0.817385 0.925867
14893 0.817346 0.925852
14894 0.817296 0.925838
14895 0.817255 0.925841
14896 0.817222 0.925828
14897 0.817198 0.925802
14898 0.817181 0.925763
14899 0.817169 0.925743
14900 0.817144 0.925726
14901 0.817105 0.92571
14902 0.817054 0.925695
14903 0.816993 0.925682
14904 0.816922 0.925671
14905 0.816842 0.92566
14906 0.816775 0.925635
14907 0.81672 0.925598
14908 0.816674 0.92558
14909 0.816637 0.925579
14910 0.816608 0.925563
14911 0.816587 0.925534
14912 0.816572 0.925492
14913 0.816564 0.92544
14914 0.816541 0.925393
14915 0.816504 0.925351
14916 0.816456 0.925313
14917 0.816396 0.925278
14918 0.816327 0.925247
14919 0.816269 0.925235
14920 0.81622 0.925238
14921 0.816181 0.925257
14922 0.816149 0.925289
14923 0.816124 0.925332
14924 0.816106 0.925357
14925 0.816095 0.925364
14926 0.816089 0.925355
14927 0.816088 0.925332
14928 0.816091 0.925296
14929 0.816099 0.925249
14930 0.81609 0.925207
14931 0.816086 0.925183
14932 0.816086 0.925178
14933 0.816091 0.925188
14934 0.816098 0.925212
14935 0.81611 0.925249
14936 0.816124 0.925298
14937 0.816121 0.925342
14938 0.816102 0.925381
14939 0.81607 0.925416
14940 0.816025 0.925448
14941 0.815989 0.925462
14942 0.815961 0.925489
14943 0.81594 0.925529
14944 0.815925 0.92558
14945 0.815915 0.925641
14946 0.815911 0.925681
14947 0.815912 0.925702
14948 0.815917 0.925706
14949 0.815927 0.925694
14950 0.815939 0.925699
14951 0.815954 0.925719
14952 0.815972 0.925721
14953 0.815993 0.925708
14954 0.816017 0.925681
14955 0.816043 0.925643
14956 0.81607 0.925592
14957 0.816099 0.925563
14958 0.816129 0.925551
14959 0.816161 0.925555
14960 0.816193 0.925575
14961 0.816226 0.925577
14962 0.816261 0.925564
14963 0.816297 0.925537
14964 0.816334 0.925499
14965 0.816372 0.925449
14966 0.81641 0.925419
14967 0.816429 0.925392
14968 0.81643 0.925368
14969 0.816435 0.925361
14970 0.816443 0.925371
14971 0.816455 0.925394
14972 0.816469 0.92543
14973 0.816467 0.925463
14974 0.816448 0.925492
14975 0.816416 0.925519
14976 0.816372 0.925543
14977 0.816336 0.925549
14978 0.816309 0.92554
14979 0.816289 0.925516
14980 0.816275 0.92548
14981 0.816267 0.925463
14982 0.816264 0.925462
14983 0.816264 0.925477
14984 0.816269 0.925506
14985 0.816278 0.925547
14986 0.816289 0.925599
14987 0.816304 0.925661
14988 0.816321 0.925732
14989 0.816341 0.925781
14990 0.816363 0.92581
14991 0.816388 0.925821
14992 0.816415 0.925816
14993 0.816443 0.925796
14994 0.816474 0.925763
14995 0.816505 0.925749
14996 0.816538 0.925751
14997 0.816572 0.925738
14998 0.816607 0.925711
14999 0.816643 0.925672
15000 0.81668 0.925622
