14000 0.719881 0.594892
14001 0.7199 0.594896
14002 0.719933 0.5949
14003 0.719953 0.594891
14004 0.719962 0.59487
14005 0.71996 0.594839
14006 0.71995 0.594799
14007 0.719956 0.594762
14008 0.719952 0.594717
14009 0.719948 0.594692
14010 0.719934 0.594657
14011 0.719913 0.594613
14012 0.719885 0.594561
14013 0.71985 0.594502
14014 0.719809 0.594435
14015 0.719763 0.594363
14016 0.719721 0.594314
14017 0.719699 0.59427
14018 0.719694 0.594231
14019 0.719706 0.594197
14020 0.719707 0.594153
14021 0.719707 0.594129
14022 0.719707 0.594123
14023 0.719705 0.594133
14024 0.719704 0.594158
14025 0.719718 0.594181
14026 0.719746 0.594202
14027 0.719787 0.594221
14028 0.719839 0.594239
14029 0.719873 0.594262
14030 0.719889 0.594289
14031 0.71989 0.594322
14032 0.719906 0.594351
14033 0.719936 0.594378
14034 0.719954 0.594389
14035 0.719961 0.594387
14036 0.719958 0.594373
14037 0.719945 0.594347
14038 0.719925 0.594312
14039 0.719897 0.594267
14040 0.719863 0.594215
14041 0.719848 0.594168
14042 0.71985 0.594126
14043 0.719851 0.594104
14044 0.719851 0.594099
14045 0.719867 0.594096
14046 0.719897 0.594093
14047 0.719939 0.594091
14048 0.719968 0.594076
14049 0.719984 0.59405
14050 0.719999 0.594043
14051 0.720002 0.594024
14052 0.720005 0.594022
14053 0.720007 0.594036
14054 0.719994 0.594056
14055 0.719969 0.594081
14056 0.719933 0.59411
14057 0.719886 0.594144
14058 0.71986 0.594175
14059 0.719851 0.594203
14060 0.71986 0.594229
14061 0.719883 0.594252
14062 0.719919 0.594274
14063 0.719943 0.594282
14064 0.719955 0.594275
14065 0.719956 0.594257
14066 0.719973 0.594241
14067 0.720004 0.594228
14068 0.720047 0.594216
14069 0.720102 0.594207
14070 0.720167 0.594198
14071 0.720241 0.594192
14072 0.720323 0.594186
14073 0.720413 0.594182
14074 0.720484 0.594166
14075 0.720539 0.594138
14076 0.72058 0.594101
14077 0.720632 0.594068
14078 0.720694 0.594039
14079 0.720766 0.594013
14080 0.720846 0.593991
14081 0.720909 0.593958
14082 0.720957 0.593916
14083 0.720991 0.593865
14084 0.721012 0.593806
14085 0.721023 0.593741
14086 0.721023 0.59367
14087 0.721038 0.593606
14088 0.721068 0.593549
14089 0.721086 0.593485
14090 0.721093 0.593415
14091 0.721115 0.593352
14092 0.721121 0.593303
14093 0.721112 0.593266
14094 0.721091 0.59324
14095 0.721087 0.593218
14096 0.721099 0.593198
14097 0.721126 0.59318
14098 0.721165 0.593166
14099 0.721217 0.593153
14100 0.721279 0.593142
14101 0.721321 0.59314
14102 0.721344 0.593145
14103 0.721382 0.593151
14104 0.721431 0.593156
14105 0.721461 0.593168
14106 0.721474 0.593187
14107 0.721477 0.59319
14108 0.721496 0.593194
14109 0.721528 0.593199
14110 0.721543 0.59321
14111 0.721543 0.593227
14112 0.721558 0.593243
14113 0.721588 0.593259
14114 0.72163 0.593273
14115 0.721654 0.593293
14116 0.721662 0.593319
14117 0.721656 0.59335
14118 0.721636 0.593385
14119 0.721605 0.593423
14120 0.721563 0.593466
14121 0.721541 0.593505
14122 0.721536 0.59354
14123 0.721523 0.593559
14124 0.721503 0.593564
14125 0.721475 0.593555
14126 0.721466 0.593548
14127 0.721474 0.593542
14128 0.721496 0.593538
14129 0.721507 0.593521
14130 0.721508 0.593494
14131 0.721524 0.593469
14132 0.721555 0.593448
14133 0.721598 0.59343
14134 0.721652 0.593414
14135 0.721692 0.593387
14136 0.721719 0.59335
14137 0.721734 0.593304
14138 0.721763 0.593264
14139 0.721806 0.593228
14140 0.721859 0.593196
14141 0.721923 0.593168
14142 0.721996 0.593144
14143 0.722077 0.593123
14144 0.722166 0.593104
14145 0.722237 0.593075
14146 0.722292 0.593035
14147 0.722333 0.592987
14148 0.722361 0.59293
14149 0.722377 0.592867
14150 0.722383 0.592796
14151 0.722404 0.592734
14152 0.722439 0.592678
14153 0.722485 0.592629
14154 0.722543 0.592585
14155 0.722581 0.592553
14156 0.722602 0.592532
14157 0.722607 0.592521
14158 0.722597 0.592518
14159 0.722575 0.592523
14160 0.722571 0.592528
14161 0.722583 0.592534
14162 0.722609 0.592539
14163 0.722619 0.592552
14164 0.722615 0.59257
14165 0.722597 0.592595
14166 0.722567 0.592625
14167 0.722527 0.59266
14168 0.722477 0.592698
14169 0.722418 0.592741
14170 0.722352 0.592787
14171 0.722283 0.592816
14172 0.722213 0.592828
14173 0.722166 0.59284
14174 0.722138 0.592851
14175 0.72213 0.592861
14176 0.722113 0.592858
14177 0.722089 0.592842
14178 0.722059 0.592814
14179 0.722024 0.592776
14180 0.722007 0.592743
14181 0.722008 0.592713
14182 0.722024 0.592687
14183 0.722039 0.592679
14184 0.722052 0.592687
14185 0.722063 0.592711
14186 0.722065 0.592718
14187 0.722058 0.592712
14188 0.722067 0.592708
14189 0.722091 0.592704
14190 0.722129 0.592701
14191 0.722178 0.592698
14192 0.722209 0.592704
14193 0.722223 0.592717
14194 0.722222 0.592736
14195 0.722207 0.592762
14196 0.72218 0.592792
14197 0.722143 0.592828
14198 0.722095 0.592867
14199 0.722039 0.592911
14200 0.721975 0.592958
14201 0.721932 0.593001
14202 0.72191 0.59304
14203 0.721906 0.593075
14204 0.721917 0.593108
14205 0.721944 0.593138
14206 0.721983 0.593165
14207 0.72201 0.593177
14208 0.72202 0.593195
14209 0.722016 0.593219
14210 0.722 0.593249
14211 0.721976 0.593263
14212 0.721946 0.593262
14213 0.721911 0.593249
14214 0.721871 0.593223
14215 0.721826 0.593187
14216 0.721777 0.593142
14217 0.721749 0.593101
14218 0.721739 0.593066
14219 0.721721 0.59302
14220 0.721697 0.592966
14221 0.721667 0.592905
14222 0.721631 0.592836
14223 0.721614 0.592775
14224 0.72159 0.592707
14225 0.721561 0.592633
14226 0.721525 0.592553
14227 0.721484 0.592469
14228 0.721439 0.592379
14229 0.721414 0.592299
14230 0.721407 0.592228
14231 0.721416 0.592164
14232 0.72144 0.592106
14233 0.721477 0.592055
14234 0.721502 0.591995
14235 0.721515 0.591929
14236 0.721528 0.591885
14237 0.721538 0.591861
14238 0.721547 0.591855
14239 0.721547 0.591836
14240 0.721538 0.591807
14241 0.721522 0.591767
14242 0.721523 0.591731
14243 0.721539 0.5917
14244 0.721569 0.591672
14245 0.721612 0.591647
14246 0.721667 0.591624
14247 0.721707 0.591591
14248 0.721729 0.591569
14249 0.721736 0.591556
14250 0.721728 0.591552
14251 0.721737 0.591549
14252 0.72176 0.591546
14253 0.721781 0.591559
14254 0.721792 0.591558
14255 0.721792 0.591544
14256 0.721785 0.591517
14257 0.72177 0.591481
14258 0.721756 0.591463
14259 0.721743 0.591463
14260 0.721732 0.591479
14261 0.721721 0.591509
14262 0.721703 0.591522
14263 0.721678 0.591522
14264 0.721656 0.591536
14265 0.721636 0.591565
14266 0.721633 0.591592
14267 0.721646 0.591616
14268 0.721674 0.591638
14269 0.72169 0.591644
14270 0.721696 0.591637
14271 0.721693 0.591617
14272 0.721706 0.5916
14273 0.721734 0.591585
14274 0.721774 0.591572
14275 0.721796 0.591567
14276 0.721803 0.591571
14277 0.721795 0.591582
14278 0.721774 0.591599
14279 0.721771 0.591615
14280 0.721784 0.59163
14281 0.721812 0.591644
14282 0.721852 0.591657
14283 0.721905 0.591669
14284 0.721967 0.59168
14285 0.72204 0.59169
14286 0.72212 0.5917
14287 0.722209 0.591709
14288 0.722304 0.591717
14289 0.722405 0.591725
14290 0.722483 0.59174
14291 0.722539 0.591761
14292 0.722576 0.591788
14293 0.722596 0.59182
14294 0.7226 0.591856
14295 0.72259 0.591896
14296 0.722573 0.591919
14297 0.72255 0.591927
14298 0.722521 0.59192
14299 0.722486 0.591901
14300 0.722447 0.59187
14301 0.722404 0.591829
14302 0.722356 0.591778
14303 0.722305 0.59172
14304 0.722251 0.591654
14305 0.722203 0.59161
14306 0.722158 0.591586
14307 0.722118 0.591581
14308 0.722074 0.591562
14309 0.722026 0.591532
14310 0.721982 0.591521
14311 0.721943 0.591527
14312 0.721923 0.591532
14313 0.72192 0.591536
14314 0.721934 0.59154
14315 0.721962 0.591544
14316 0.722002 0.591547
14317 0.722055 0.59155
14318 0.722117 0.591553
14319 0.722189 0.591555
14320 0.72227 0.591558
14321 0.722358 0.59156
14322 0.722429 0.591549
14323 0.722484 0.591525
14324 0.72252 0.591512
14325 0.722539 0.591507
14326 0.722548 0.59149
14327 0.722547 0.591461
14328 0.722546 0.591451
14329 0.722545 0.591457
14330 0.722544 0.591478
14331 0.722543 0.591513
14332 0.722543 0.59156
14333 0.722533 0.591589
14334 0.722517 0.591602
14335 0.722493 0.5916
14336 0.722464 0.591586
14337 0.722429 0.591559
14338 0.722389 0.591523
14339 0.722369 0.591489
14340 0.722367 0.591459
14341 0.72238 0.591432
14342 0.722408 0.591407
14343 0.722448 0.591384
14344 0.722485 0.59138
14345 0.722509 0.591362
14346 0.722523 0.591333
14347 0.722527 0.591294
14348 0.722522 0.591245
14349 0.722518 0.591217
14350 0.722514 0.591207
14351 0.722511 0.591214
14352 0.722507 0.591236
14353 0.722504 0.591271
14354 0.722501 0.591318
14355 0.722499 0.591377
14356 0.722496 0.591445
14357 0.722486 0.591493
14358 0.722468 0.591522
14359 0.722444 0.591536
14360 0.722414 0.591535
14361 0.722379 0.591521
14362 0.722339 0.591495
14363 0.722318 0.591471
14364 0.722315 0.591449
14365 0.722313 0.591444
14366 0.72231 0.591456
14367 0.722308 0.591482
14368 0.722305 0.591521
14369 0.722303 0.591572
14370 0.722293 0.591605
14371 0.722275 0.591621
14372 0.722251 0.591622
14373 0.722221 0.59161
14374 0.722209 0.591598
14375 0.722214 0.591587
14376 0.722205 0.591585
14377 0.722183 0.59159
14378 0.72215 0.591602
14379 0.722135 0.591612
14380 0.722137 0.591621
14381 0.722155 0.591628
14382 0.722171 0.59165
14383 0.722185 0.591685
14384 0.722198 0.591733
14385 0.722201 0.591763
14386 0.722195 0.591776
14387 0.722182 0.591775
14388 0.722169 0.59179
14389 0.722158 0.591819
14390 0.722164 0.591844
14391 0.722184 0.591866
14392 0.722219 0.591885
14393 0.722265 0.591902
14394 0.722323 0.591917
14395 0.72239 0.591929
14396 0.722466 0.591939
14397 0.722551 0.591948
14398 0.722642 0.591954
14399 0.722711 0.591968
14400 0.722759 0.591988
14401 0.722789 0.592013
14402 0.722815 0.592052
14403 0.722839 0.592102
14404 0.722861 0.592163
14405 0.722872 0.592205
14406 0.722874 0.592229
14407 0.722867 0.592237
14408 0.722853 0.592232
14409 0.722841 0.592242
14410 0.722821 0.592238
14411 0.722795 0.592221
14412 0.722763 0.592193
14413 0.722727 0.592154
14414 0.72268 0.592127
14415 0.722624 0.59211
14416 0.72256 0.592102
14417 0.722489 0.592102
14418 0.722411 0.592109
14419 0.722333 0.592103
14420 0.722254 0.592084
14421 0.722174 0.592053
14422 0.722095 0.592012
14423 0.722039 0.591975
14424 0.722004 0.59194
14425 0.721988 0.591907
14426 0.721989 0.591877
14427 0.722006 0.591848
14428 0.722037 0.591821
14429 0.722065 0.591812
14430 0.722089 0.59182
14431 0.722111 0.591843
14432 0.722131 0.59188
14433 0.722149 0.591928
14434 0.722164 0.591987
14435 0.722179 0.592056
14436 0.722191 0.592133
14437 0.722194 0.59219
14438 0.722197 0.592257
14439 0.722199 0.592332
14440 0.722201 0.592416
14441 0.722202 0.592507
14442 0.722204 0.592604
14443 0.722205 0.592707
14444 0.722206 0.592816
14445 0.722198 0.5929
14446 0.722207 0.592976
14447 0.72223 0.593043
14448 0.722267 0.593102
14449 0.722316 0.593155
14450 0.722375 0.593201
14451 0.722445 0.593242
14452 0.722523 0.593279
14453 0.722608 0.593311
14454 0.722701 0.593339
14455 0.722801 0.593363
14456 0.722882 0.593372
14457 0.722946 0.593367
14458 0.72299 0.59337
14459 0.723017 0.59338
14460 0.723026 0.593397
14461 0.723022 0.59342
14462 0.723004 0.593449
14463 0.722974 0.593482
14464 0.722933 0.593519
14465 0.722883 0.59356
14466 0.722853 0.593597
14467 0.722842 0.593629
14468 0.722848 0.593656
14469 0.722869 0.59368
14470 0.722904 0.593701
14471 0.72295 0.593719
14472 0.723008 0.593734
14473 0.723076 0.593747
14474 0.723152 0.593758
14475 0.723207 0.593775
14476 0.723273 0.59379
14477 0.723347 0.593803
14478 0.72343 0.593813
14479 0.72349 0.593831
14480 0.723531 0.593853
14481 0.723584 0.593873
14482 0.723617 0.593899
14483 0.723663 0.593921
14484 0.723719 0.59394
14485 0.723786 0.593956
14486 0.723838 0.593958
14487 0.723876 0.593946
14488 0.723902 0.593923
14489 0.723917 0.593888
14490 0.723922 0.593844
14491 0.723918 0.593791
14492 0.723906 0.59373
14493 0.723911 0.593674
14494 0.723931 0.593623
14495 0.723965 0.593576
14496 0.72401 0.593533
14497 0.724043 0.593481
14498 0.724065 0.593421
14499 0.724099 0.593366
14500 0.724146 0.593316
14501 0.72418 0.593258
14502 0.724196 0.593212
14503 0.724211 0.593187
14504 0.724225 0.59318
14505 0.724238 0.59319
14506 0.72425 0.593214
14507 0.724246 0.593243
14508 0.724259 0.593268
14509 0.724286 0.59329
14510 0.724326 0.593308
14511 0.724378 0.593323
14512 0.72444 0.593336
14513 0.724482 0.593354
14514 0.72452 0.593387
14515 0.724555 0.593431
14516 0.724586 0.593487
14517 0.724606 0.593525
14518 0.724616 0.593545
14519 0.724625 0.593579
14520 0.724633 0.593625
14521 0.724641 0.593682
14522 0.724649 0.593749
14523 0.724647 0.593797
14524 0.724646 0.593855
14525 0.724645 0.593923
14526 0.724645 0.594
14527 0.724645 0.594085
14528 0.724646 0.594177
14529 0.724638 0.594247
14530 0.724616 0.594317
14531 0.724584 0.594387
14532 0.72454 0.594458
14533 0.724487 0.594529
14534 0.724426 0.5946
14535 0.724356 0.594672
14536 0.72428 0.594744
14537 0.724198 0.594816
14538 0.72411 0.594888
14539 0.724046 0.594952
14540 0.724005 0.595008
14541 0.723983 0.595056
14542 0.723979 0.595099
14543 0.723991 0.595136
14544 0.724018 0.595168
14545 0.724058 0.595196
14546 0.724109 0.595219
14547 0.724171 0.595239
14548 0.724218 0.595244
14549 0.724251 0.595236
14550 0.724297 0.595227
14551 0.724353 0.595218
14552 0.724391 0.595217
14553 0.724411 0.595224
14554 0.724415 0.595237
14555 0.724405 0.595257
14556 0.724382 0.595282
14557 0.724348 0.595313
14558 0.724303 0.595348
14559 0.724279 0.595378
14560 0.724272 0.595404
14561 0.724282 0.595426
14562 0.724277 0.595453
14563 0.724264 0.595465
14564 0.724243 0.595463
14565 0.724215 0.595448
14566 0.724181 0.595421
14567 0.724142 0.595384
14568 0.724098 0.595338
14569 0.724049 0.595284
14570 0.72402 0.595233
14571 0.724011 0.595187
14572 0.724017 0.595143
14573 0.724039 0.595102
14574 0.724045 0.595073
14575 0.724036 0.595054
14576 0.724014 0.595044
14577 0.723981 0.595043
14578 0.723937 0.595049
14579 0.723913 0.595053
14580 0.723907 0.595055
14581 0.723888 0.595064
14582 0.723857 0.595079
14583 0.723844 0.595091
14584 0.723848 0.5951
14585 0.723868 0.595106
14586 0.723901 0.595109
14587 0.723931 0.595128
14588 0.723959 0.595161
14589 0.723984 0.595206
14590 0.724007 0.595262
14591 0.724043 0.595311
14592 0.724076 0.595371
14593 0.724092 0.595432
14594 0.724092 0.595494
14595 0.724093 0.595566
14596 0.72408 0.595638
14597 0.724054 0.59571
14598 0.724046 0.595773
14599 0.724026 0.595837
14600 0.723993 0.595902
14601 0.72398 0.59596
14602 0.723983 0.596009
14603 0.724002 0.596052
14604 0.724035 0.596089
14605 0.724079 0.596121
14606 0.724111 0.596137
14607 0.72413 0.596138
14608 0.724138 0.596127
14609 0.724136 0.596103
14610 0.724126 0.59607
14611 0.724116 0.596055
14612 0.724109 0.596057
14613 0.724093 0.596047
14614 0.724069 0.596024
14615 0.724039 0.595992
14616 0.724027 0.59596
14617 0.724017 0.595948
14618 0.724008 0.595952
14619 0.724001 0.595972
14620 0.723985 0.595976
14621 0.723987 0.595979
14622 0.724003 0.595979
14623 0.724034 0.595978
14624 0.724048 0.595984
14625 0.724046 0.595996
14626 0.724031 0.596015
14627 0.724004 0.59604
14628 0.723966 0.59607
14629 0.723917 0.596104
14630 0.723889 0.596132
14631 0.72388 0.596156
14632 0.723887 0.596176
14633 0.723909 0.596192
14634 0.723944 0.596204
14635 0.723962 0.596222
14636 0.723993 0.596237
14637 0.724008 0.596258
14638 0.724037 0.596274
14639 0.724049 0.596297
14640 0.724046 0.596325
14641 0.72403 0.596357
14642 0.724031 0.596385
14643 0.724047 0.596407
14644 0.724048 0.596435
14645 0.724035 0.596468
14646 0.72401 0.596505
14647 0.724003 0.596536
14648 0.724012 0.596562
14649 0.724006 0.596593
14650 0.723987 0.596629
14651 0.723956 0.596668
14652 0.723944 0.596701
14653 0.723949 0.59673
14654 0.723969 0.596753
14655 0.724002 0.596772
14656 0.724048 0.596788
14657 0.724075 0.596809
14658 0.724086 0.596836
14659 0.724081 0.596867
14660 0.724064 0.596903
14661 0.724034 0.596942
14662 0.723998 0.596965
14663 0.723957 0.596973
14664 0.72391 0.596967
14665 0.723859 0.59695
14666 0.723829 0.596932
14667 0.723817 0.596913
14668 0.723822 0.596895
14669 0.723842 0.596876
14670 0.723846 0.596867
14671 0.723865 0.596856
14672 0.723898 0.596844
14673 0.723943 0.596832
14674 0.723999 0.596819
14675 0.724036 0.596814
14676 0.724055 0.596818
14677 0.724063 0.596808
14678 0.724061 0.596786
14679 0.72405 0.596754
14680 0.724031 0.596713
14681 0.724015 0.596691
14682 0.723991 0.596659
14683 0.72396 0.596617
14684 0.723948 0.596577
14685 0.723952 0.59654
14686 0.723947 0.596493
14687 0.723934 0.596439
14688 0.723937 0.596388
14689 0.723926 0.596349
14690 0.723902 0.596322
14691 0.723867 0.596304
14692 0.723821 0.596295
14693 0.723766 0.596295
14694 0.723732 0.596293
14695 0.723717 0.596289
14696 0.723719 0.596283
14697 0.723737 0.596276
14698 0.723768 0.596268
14699 0.723812 0.596259
14700 0.723838 0.596258
14701 0.723861 0.596273
14702 0.723883 0.596302
14703 0.723918 0.596326
14704 0.72394 0.596335
14705 0.723951 0.59633
14706 0.723977 0.596324
14707 0.724015 0.596317
14708 0.724036 0.596318
14709 0.724041 0.596326
14710 0.724061 0.596331
14711 0.724094 0.596334
14712 0.72411 0.596344
14713 0.724111 0.59636
14714 0.724098 0.596382
14715 0.724101 0.596399
14716 0.72409 0.596423
14717 0.724067 0.596451
14718 0.724032 0.596484
14719 0.724016 0.596511
14720 0.724017 0.596535
14721 0.724034 0.596554
14722 0.724065 0.59657
14723 0.724108 0.596582
14724 0.724138 0.596581
14725 0.724156 0.596567
14726 0.724162 0.596541
14727 0.724159 0.596506
14728 0.724148 0.596461
14729 0.724153 0.596418
14730 0.724173 0.596379
14731 0.724177 0.596351
14732 0.724167 0.596333
14733 0.724144 0.596324
14734 0.724139 0.596314
14735 0.72415 0.596304
14736 0.724146 0.596302
14737 0.724129 0.596308
14738 0.724129 0.596312
14739 0.724145 0.596313
14740 0.724145 0.596322
14741 0.724131 0.596338
14742 0.724105 0.596359
14743 0.724097 0.596376
14744 0.724105 0.596391
14745 0.724099 0.596411
14746 0.72408 0.596437
14747 0.724048 0.596467
14748 0.724036 0.596493
14749 0.72404 0.596515
14750 0.72403 0.596542
14751 0.724037 0.596565
14752 0.724059 0.596585
14753 0.724064 0.596609
14754 0.724085 0.59663
14755 0.72412 0.596648
14756 0.724137 0.596671
14757 0.724138 0.596699
14758 0.724126 0.596732
14759 0.724101 0.596769
14760 0.724094 0.596801
14761 0.724103 0.596828
14762 0.724127 0.596852
14763 0.724165 0.596871
14764 0.724184 0.596896
14765 0.724188 0.596926
14766 0.724178 0.596961
14767 0.724184 0.59699
14768 0.724176 0.597024
14769 0.724185 0.597053
14770 0.724178 0.597087
14771 0.724188 0.597115
14772 0.724183 0.597148
14773 0.724165 0.597186
14774 0.724134 0.597226
14775 0.724123 0.597262
14776 0.724128 0.597292
14777 0.724148 0.597317
14778 0.724152 0.597347
14779 0.724142 0.597382
14780 0.724119 0.59742
14781 0.724114 0.597453
14782 0.724125 0.597482
14783 0.724121 0.597514
14784 0.724104 0.597551
14785 0.724075 0.597591
14786 0.724064 0.597626
14787 0.724069 0.597656
14788 0.72409 0.597681
14789 0.724095 0.597711
14790 0.724086 0.597746
14791 0.724063 0.597784
14792 0.724029 0.597826
14793 0.723989 0.597851
14794 0.723969 0.597872
14795 0.723967 0.59789
14796 0.72398 0.597904
14797 0.724008 0.597915
14798 0.724048 0.597923
14799 0.7241 0.597929
14800 0.724138 0.597922
14801 0.724162 0.597903
14802 0.724175 0.597873
14803 0.724178 0.597833
14804 0.724171 0.597785
14805 0.724155 0.597729
14806 0.724157 0.597677
14807 0.724174 0.597628
14808 0.724204 0.597582
14809 0.724223 0.597529
14810 0.724231 0.597468
14811 0.724224 0.59742
14812 0.724204 0.597385
14813 0.724173 0.597361
14814 0.72413 0.597346
14815 0.724108 0.597332
14816 0.724103 0.597317
14817 0.724115 0.597301
14818 0.724111 0.597295
14819 0.724094 0.597297
14820 0.724065 0.597306
14821 0.72403 0.597302
14822 0.723989 0.597285
14823 0.723943 0.597256
14824 0.723918 0.597229
14825 0.723911 0.597203
14826 0.723919 0.597177
14827 0.723943 0.597153
14828 0.72398 0.597128
14829 0.724004 0.597094
14830 0.724017 0.597049
14831 0.72402 0.596997
14832 0.724013 0.596936
14833 0.723998 0.596869
14834 0.723976 0.596796
14835 0.723947 0.596717
14836 0.723911 0.596633
14837 0.723871 0.596545
14838 0.723825 0.596452
14839 0.723775 0.596356
14840 0.723746 0.596268
14841 0.723735 0.596186
14842 0.72374 0.59611
14843 0.723761 0.596039
14844 0.723795 0.595973
14845 0.723826 0.59593
14846 0.723855 0.595907
14847 0.723867 0.595893
14848 0.723864 0.595888
14849 0.723861 0.595899
14850 0.72386 0.595925
14851 0.723859 0.595964
14852 0.723849 0.595986
14853 0.723831 0.595993
14854 0.723805 0.595987
14855 0.723798 0.595979
14856 0.723807 0.59597
14857 0.723831 0.595959
14858 0.723868 0.595948
14859 0.723917 0.595936
14860 0.723961 0.59594
14861 0.724002 0.59596
14862 0.724039 0.595994
14863 0.724072 0.596039
14864 0.724094 0.596068
14865 0.724104 0.59608
14866 0.724114 0.596107
14867 0.724124 0.596147
14868 0.724133 0.596199
14869 0.724142 0.596261
14870 0.724141 0.596304
14871 0.724131 0.59633
14872 0.724114 0.59634
14873 0.724089 0.596337
14874 0.724058 0.59632
14875 0.724045 0.596304
14876 0.72402 0.596296
14877 0.724014 0.596288
14878 0.724023 0.596278
14879 0.724047 0.596267
14880 0.724054 0.596264
14881 0.724047 0.596269
14882 0.724057 0.596272
14883 0.724051 0.596282
14884 0.724038 0.596278
14885 0.724017 0.596261
14886 0.723989 0.596233
14887 0.72395 0.596215
14888 0.723901 0.596207
14889 0.723873 0.596197
14890 0.723863 0.596187
14891 0.72387 0.596176
14892 0.723891 0.596164
14893 0.723926 0.596151
14894 0.723944 0.596147
14895 0.723946 0.596151
14896 0.723934 0.596162
14897 0.723939 0.59617
14898 0.723959 0.596175
14899 0.723993 0.596178
14900 0.724014 0.596168
14901 0.724025 0.596146
14902 0.724025 0.596113
14903 0.724041 0.596082
14904 0.724071 0.596052
14905 0.724114 0.596023
14906 0.724139 0.596005
14907 0.724147 0.595996
14908 0.724141 0.595995
14909 0.724121 0.596002
14910 0.72409 0.596016
14911 0.724048 0.596036
14912 0.723996 0.596061
14913 0.723965 0.596082
14914 0.723953 0.596099
14915 0.723958 0.596113
14916 0.723978 0.596125
14917 0.724011 0.596133
14918 0.724028 0.596148
14919 0.724029 0.596169
14920 0.724021 0.596175
14921 0.724029 0.596178
14922 0.724052 0.59618
14923 0.724089 0.59618
14924 0.724108 0.596187
14925 0.724111 0.596202
14926 0.724101 0.596222
14927 0.724077 0.596248
14928 0.724043 0.596279
14929 0.724027 0.596305
14930 0.724028 0.596327
14931 0.724045 0.596344
14932 0.724076 0.596358
14933 0.724095 0.596358
14934 0.724103 0.596345
14935 0.724102 0.59632
14936 0.724092 0.596284
14937 0.724074 0.59624
14938 0.724044 0.596207
14939 0.724033 0.596175
14940 0.724038 0.596145
14941 0.724059 0.596116
14942 0.724069 0.596077
14943 0.724069 0.596028
14944 0.72406 0.595972
14945 0.724068 0.595919
14946 0.724091 0.595869
14947 0.724102 0.595812
14948 0.724104 0.595747
14949 0.724097 0.595675
14950 0.724092 0.595627
14951 0.724087 0.595598
14952 0.724074 0.59556
14953 0.724054 0.595512
14954 0.724028 0.595456
14955 0.724004 0.595421
14956 0.723983 0.595406
14957 0.723956 0.595379
14958 0.723923 0.595341
14959 0.723908 0.595306
14960 0.723911 0.595271
14961 0.723929 0.595239
14962 0.723931 0.595216
14963 0.723933 0.595212
14964 0.723936 0.595224
14965 0.723939 0.59525
14966 0.723933 0.595261
14967 0.723919 0.595257
14968 0.723897 0.595241
14969 0.723864 0.595234
14970 0.723835 0.595243
14971 0.723809 0.595267
14972 0.723786 0.595304
14973 0.723765 0.595353
14974 0.723748 0.595413
14975 0.723732 0.595483
14976 0.723734 0.595543
14977 0.723751 0.595595
14978 0.723781 0.59564
14979 0.7238 0.595667
14980 0.723809 0.595679
14981 0.723808 0.595676
14982 0.723798 0.59566
14983 0.723776 0.595653
14984 0.723747 0.595634
14985 0.723712 0.595604
14986 0.723672 0.595563
14987 0.723652 0.595524
14988 0.723649 0.595487
14989 0.723662 0.595451
14990 0.723675 0.595434
14991 0.723686 0.595435
14992 0.723682 0.595442
14993 0.723665 0.595457
14994 0.723636 0.595477
14995 0.723625 0.595492
14996 0.723631 0.595504
14997 0.723651 0.595512
14998 0.723685 0.595517
14999 0.723702 0.595529
15000 0.723703 0.595546
