14000 0.660089 0.530874
14001 0.660092 0.530936
14002 0.660095 0.530977
14003 0.660099 0.530998
14004 0.660103 0.531002
14005 0.660107 0.530989
14006 0.660112 0.530962
14007 0.660117 0.530922
14008 0.660121 0.530871
14009 0.660126 0.530809
14010 0.660131 0.530737
14011 0.660136 0.530688
14012 0.66014 0.53066
14013 0.660145 0.530619
14014 0.660149 0.530567
14015 0.660154 0.530504
14016 0.660159 0.530463
14017 0.660164 0.530411
14018 0.660168 0.530348
14019 0.660173 0.530307
14020 0.660177 0.530286
14021 0.660181 0.530282
14022 0.660184 0.530295
14023 0.660172 0.530306
14024 0.660145 0.530315
14025 0.660105 0.530323
14026 0.660053 0.53033
14027 0.659991 0.530336
14028 0.659958 0.53035
14029 0.659946 0.530334
14030 0.659949 0.530294
14031 0.659957 0.530239
14032 0.659983 0.530202
14033 0.66001 0.530154
14034 0.660034 0.530127
14035 0.660056 0.530119
14036 0.660076 0.530127
14037 0.660093 0.53015
14038 0.660109 0.530186
14039 0.660124 0.530234
14040 0.660137 0.530294
14041 0.660148 0.530362
14042 0.660159 0.530409
14043 0.66017 0.530435
14044 0.66018 0.530443
14045 0.66019 0.530434
14046 0.6602 0.530411
14047 0.66021 0.530374
14048 0.660219 0.530326
14049 0.660228 0.530266
14050 0.660237 0.530197
14051 0.660245 0.530119
14052 0.660254 0.530034
14053 0.660262 0.529941
14054 0.660269 0.529873
14055 0.660276 0.529828
14056 0.660282 0.529802
14057 0.660288 0.529795
14058 0.660293 0.529804
14059 0.660298 0.529828
14060 0.660302 0.529866
14061 0.660306 0.529883
14062 0.660311 0.529884
14063 0.660316 0.529869
14064 0.660321 0.529839
14065 0.660326 0.529797
14066 0.660332 0.529743
14067 0.660337 0.529679
14068 0.660343 0.529606
14069 0.660348 0.529524
14070 0.660354 0.529467
14071 0.660358 0.52943
14072 0.660362 0.529413
14073 0.660351 0.529397
14074 0.66034 0.529367
14075 0.660332 0.529325
14076 0.660325 0.529271
14077 0.660319 0.529206
14078 0.660314 0.529133
14079 0.66031 0.529051
14080 0.660307 0.528962
14081 0.660305 0.528866
14082 0.660303 0.528764
14083 0.660302 0.528688
14084 0.660301 0.528636
14085 0.6603 0.528604
14086 0.660299 0.52859
14087 0.660298 0.528594
14088 0.660298 0.528582
14089 0.660298 0.528555
14090 0.660298 0.528516
14091 0.660299 0.528465
14092 0.6603 0.528403
14093 0.660286 0.528347
14094 0.660257 0.528295
14095 0.660215 0.528249
14096 0.660162 0.528206
14097 0.660099 0.528167
14098 0.660042 0.528116
14099 0.659991 0.528055
14100 0.659953 0.528015
14101 0.659942 0.52799
14102 0.659952 0.527975
14103 0.659973 0.527954
14104 0.659993 0.527948
14105 0.660033 0.527977
14106 0.660069 0.52802
14107 0.660101 0.528074
14108 0.66013 0.528138
14109 0.660156 0.528211
14110 0.660179 0.528261
14111 0.6602 0.528291
14112 0.66022 0.528302
14113 0.660238 0.528297
14114 0.660254 0.528276
14115 0.660269 0.528273
14116 0.660282 0.528286
14117 0.660293 0.528313
14118 0.660304 0.528322
14119 0.660314 0.528315
14120 0.660308 0.528307
14121 0.660286 0.5283
14122 0.660267 0.528278
14123 0.660251 0.528242
14124 0.660236 0.528195
14125 0.660222 0.528167
14126 0.66021 0.528158
14127 0.6602 0.528135
14128 0.660191 0.528098
14129 0.660183 0.52808
14130 0.660175 0.52808
14131 0.660169 0.528064
14132 0.660163 0.528066
14133 0.660158 0.528083
14134 0.660154 0.528114
14135 0.66015 0.528126
14136 0.660147 0.528121
14137 0.660144 0.528101
14138 0.660142 0.528067
14139 0.66014 0.528022
14140 0.660139 0.527965
14141 0.660137 0.527898
14142 0.660136 0.527853
14143 0.66012 0.527812
14144 0.660089 0.527775
14145 0.660062 0.527757
14146 0.660037 0.527725
14147 0.660015 0.527681
14148 0.659995 0.527657
14149 0.660013 0.527639
14150 0.660029 0.527638
14151 0.660044 0.527622
14152 0.660057 0.527592
14153 0.660069 0.527581
14154 0.66008 0.527586
14155 0.660089 0.527606
14156 0.660098 0.527641
14157 0.660106 0.527687
14158 0.660113 0.527744
14159 0.660119 0.527811
14160 0.660125 0.527888
14161 0.66013 0.52794
14162 0.660134 0.528004
14163 0.660138 0.528045
14164 0.660142 0.528098
14165 0.660145 0.528161
14166 0.660149 0.528233
14167 0.660151 0.528314
14168 0.660154 0.528371
14169 0.660156 0.528407
14170 0.660158 0.528424
14171 0.66016 0.528454
14172 0.660162 0.528497
14173 0.660164 0.528521
14174 0.660165 0.528526
14175 0.660167 0.528515
14176 0.660168 0.52849
14177 0.66017 0.528451
14178 0.660171 0.528401
14179 0.660172 0.528371
14180 0.660174 0.52836
14181 0.660175 0.528366
14182 0.660176 0.528387
14183 0.660178 0.528421
14184 0.660179 0.528468
14185 0.66018 0.528526
14186 0.660181 0.528562
14187 0.660182 0.528579
14188 0.660184 0.528578
14189 0.660185 0.528562
14190 0.660186 0.528532
14191 0.660187 0.528489
14192 0.660172 0.528451
14193 0.660159 0.528431
14194 0.660147 0.528429
14195 0.660136 0.528444
14196 0.660127 0.528472
14197 0.660102 0.528497
14198 0.660065 0.528519
14199 0.660015 0.528539
14200 0.659955 0.528556
14201 0.659897 0.528567
14202 0.659849 0.528561
14203 0.659792 0.528505
14204 0.659725 0.528448
14205 0.659662 0.528399
14206 0.65961 0.528359
14207 0.659582 0.52834
14208 0.659579 0.528339
14209 0.659604 0.528364
14210 0.659641 0.528332
14211 0.659681 0.528326
14212 0.659731 0.528314
14213 0.659776 0.528323
14214 0.659835 0.528374
14215 0.659898 0.528467
14216 0.659941 0.528534
14217 0.659969 0.528595
14218 0.659998 0.5286
14219 0.660024 0.528579
14220 0.660048 0.528575
14221 0.66007 0.528587
14222 0.660089 0.528613
14223 0.660091 0.528637
14224 0.660077 0.528658
14225 0.660065 0.528661
14226 0.660054 0.528649
14227 0.660044 0.528622
14228 0.660036 0.528583
14229 0.660029 0.528531
14230 0.660023 0.528469
14231 0.660018 0.528398
14232 0.660013 0.52835
14233 0.660008 0.528322
14234 0.660005 0.528281
14235 0.660002 0.528229
14236 0.659999 0.528166
14237 0.659999 0.528124
14238 0.660008 0.528093
14239 0.660016 0.528082
14240 0.660024 0.528087
14241 0.66003 0.528107
14242 0.660036 0.528109
14243 0.660042 0.528096
14244 0.660048 0.528068
14245 0.660053 0.528028
14246 0.660057 0.528007
14247 0.660061 0.528004
14248 0.66005 0.528001
14249 0.660023 0.527998
14250 0.659984 0.527995
14251 0.659959 0.527977
14252 0.659947 0.527942
14253 0.659924 0.527923
14254 0.659914 0.527963
14255 0.659931 0.527992
14256 0.659976 0.528021
14257 0.660002 0.528024
14258 0.66001 0.528026
14259 0.660001 0.528027
14260 0.659978 0.528028
14261 0.659946 0.528014
14262 0.65993 0.528017
14263 0.659919 0.528044
14264 0.659923 0.528109
14265 0.659944 0.528152
14266 0.659966 0.528118
14267 0.659992 0.528135
14268 0.660022 0.528125
14269 0.660049 0.5281
14270 0.660073 0.528094
14271 0.660094 0.528104
14272 0.660113 0.528128
14273 0.66013 0.528166
14274 0.660145 0.528216
14275 0.660159 0.528277
14276 0.660171 0.528316
14277 0.660182 0.528335
14278 0.660192 0.528337
14279 0.660201 0.528322
14280 0.660209 0.528293
14281 0.660217 0.528251
14282 0.660223 0.52823
14283 0.660229 0.528226
14284 0.660234 0.528238
14285 0.660238 0.528265
14286 0.660241 0.528305
14287 0.660244 0.528356
14288 0.660246 0.528419
14289 0.660247 0.52849
14290 0.660248 0.528571
14291 0.660249 0.528627
14292 0.660249 0.528694
14293 0.660249 0.528769
14294 0.660249 0.528853
14295 0.660248 0.528944
14296 0.660247 0.529042
14297 0.660246 0.529114
14298 0.660244 0.529194
14299 0.660243 0.529283
14300 0.660241 0.529378
14301 0.660239 0.529479
14302 0.660237 0.529554
14303 0.660235 0.529606
14304 0.660234 0.529638
14305 0.660232 0.529682
14306 0.66023 0.529737
14307 0.660228 0.529771
14308 0.660227 0.529786
14309 0.660226 0.529784
14310 0.660225 0.529766
14311 0.660224 0.529734
14312 0.660223 0.52969
14313 0.660223 0.529635
14314 0.660223 0.52957
14315 0.660223 0.529495
14316 0.660223 0.529412
14317 0.660223 0.529322
14318 0.660223 0.529225
14319 0.660224 0.529121
14320 0.660224 0.529013
14321 0.660225 0.5289
14322 0.660225 0.528814
14323 0.660224 0.528752
14324 0.660223 0.528712
14325 0.660221 0.528691
14326 0.660219 0.528689
14327 0.660217 0.528702
14328 0.660214 0.52873
14329 0.660211 0.528771
14330 0.660207 0.528824
14331 0.660204 0.528887
14332 0.6602 0.528959
14333 0.660195 0.52904
14334 0.660191 0.529128
14335 0.660186 0.529223
14336 0.660182 0.529293
14337 0.660178 0.529341
14338 0.660174 0.529399
14339 0.66017 0.529467
14340 0.660165 0.529544
14341 0.66016 0.529629
14342 0.660155 0.529721
14343 0.66015 0.529819
14344 0.660144 0.529923
14345 0.660138 0.530032
14346 0.660132 0.530146
14347 0.660127 0.530233
14348 0.660122 0.530296
14349 0.660118 0.530336
14350 0.660114 0.530389
14351 0.660109 0.530451
14352 0.660104 0.530523
14353 0.660099 0.530603
14354 0.660093 0.530691
14355 0.660088 0.530786
14356 0.660082 0.530886
14357 0.660076 0.530992
14358 0.66007 0.531103
14359 0.660064 0.531219
14360 0.660059 0.531307
14361 0.660054 0.531371
14362 0.660049 0.531413
14363 0.660045 0.531435
14364 0.660042 0.53144
14365 0.660038 0.531459
14366 0.660034 0.531492
14367 0.660029 0.531538
14368 0.660025 0.531563
14369 0.660022 0.53157
14370 0.660018 0.531592
14371 0.660015 0.531597
14372 0.660011 0.531616
14373 0.660007 0.531649
14374 0.660003 0.531663
14375 0.66 0.53166
14376 0.659997 0.531673
14377 0.660031 0.53168
14378 0.660062 0.531702
14379 0.660089 0.531737
14380 0.660113 0.531753
14381 0.660135 0.531751
14382 0.660155 0.531735
14383 0.660172 0.531735
14384 0.660187 0.531751
14385 0.6602 0.531781
14386 0.66021 0.531824
14387 0.660219 0.531879
14388 0.660227 0.531943
14389 0.660232 0.532017
14390 0.660237 0.532099
14391 0.660241 0.532189
14392 0.660243 0.532285
14393 0.660244 0.532387
14394 0.660245 0.532495
14395 0.660245 0.532576
14396 0.660246 0.532634
14397 0.660246 0.53267
14398 0.660246 0.532687
14399 0.660246 0.532687
14400 0.660246 0.532702
14401 0.660245 0.532731
14402 0.660243 0.532773
14403 0.660225 0.532812
14404 0.660194 0.532847
14405 0.66015 0.53288
14406 0.66011 0.532925
14407 0.660074 0.532981
14408 0.66004 0.533047
14409 0.660008 0.533121
14410 0.65998 0.533204
14411 0.659978 0.533296
14412 0.659975 0.533375
14413 0.659973 0.533448
14414 0.660005 0.533535
14415 0.660034 0.533598
14416 0.66006 0.533638
14417 0.660082 0.533691
14418 0.660102 0.533753
14419 0.660119 0.533825
14420 0.660134 0.533874
14421 0.660146 0.533934
14422 0.660157 0.534004
14423 0.660167 0.53405
14424 0.660176 0.534077
14425 0.660183 0.534117
14426 0.66019 0.534136
14427 0.660195 0.534139
14428 0.660201 0.534125
14429 0.660206 0.534097
14430 0.66021 0.534056
14431 0.660214 0.534004
14432 0.660218 0.533941
14433 0.660222 0.533869
14434 0.660224 0.53382
14435 0.660225 0.533791
14436 0.660226 0.533781
14437 0.660225 0.533787
14438 0.660224 0.533808
14439 0.660223 0.533843
14440 0.660221 0.533859
14441 0.660204 0.533874
14442 0.660188 0.533903
14443 0.660173 0.533945
14444 0.660159 0.533998
14445 0.660145 0.534061
14446 0.660132 0.534103
14447 0.660121 0.534124
14448 0.660111 0.534128
14449 0.660102 0.534116
14450 0.660094 0.534089
14451 0.660085 0.534081
14452 0.660077 0.534089
14453 0.660068 0.534112
14454 0.66006 0.534149
14455 0.660051 0.534197
14456 0.660042 0.534257
14457 0.660033 0.534326
14458 0.660024 0.534372
14459 0.660017 0.534398
14460 0.66001 0.534406
14461 0.660002 0.534429
14462 0.659994 0.534465
14463 0.659995 0.534511
14464 0.660002 0.534588
14465 0.660006 0.534673
14466 0.660009 0.534765
14467 0.660011 0.534864
14468 0.660012 0.534937
14469 0.660013 0.534987
14470 0.660013 0.535016
14471 0.660013 0.535027
14472 0.660013 0.535021
14473 0.660013 0.535
14474 0.660013 0.534965
14475 0.660012 0.534918
14476 0.660011 0.53486
14477 0.66001 0.534792
14478 0.660009 0.534715
14479 0.660007 0.53463
14480 0.660005 0.534569
14481 0.660001 0.53453
14482 0.659997 0.53451
14483 0.660038 0.534524
14484 0.660073 0.534553
14485 0.660104 0.534594
14486 0.660131 0.534646
14487 0.660153 0.534709
14488 0.660173 0.534782
14489 0.660189 0.534862
14490 0.660203 0.534919
14491 0.660215 0.534955
14492 0.660226 0.534971
14493 0.660235 0.53497
14494 0.660243 0.534985
14495 0.660248 0.535014
14496 0.660251 0.535056
14497 0.660254 0.535078
14498 0.660256 0.535082
14499 0.660257 0.535101
14500 0.660256 0.535134
14501 0.660254 0.535179
14502 0.660251 0.535235
14503 0.660247 0.535302
14504 0.660243 0.535377
14505 0.660238 0.535429
14506 0.660233 0.535461
14507 0.660228 0.535504
14508 0.660222 0.535559
14509 0.660215 0.535624
14510 0.660207 0.535699
14511 0.6602 0.53575
14512 0.660192 0.535811
14513 0.660184 0.535883
14514 0.660176 0.535931
14515 0.660168 0.535959
14516 0.66016 0.535999
14517 0.660152 0.536052
14518 0.660143 0.536114
14519 0.660134 0.536186
14520 0.660124 0.536266
14521 0.660114 0.536354
14522 0.660104 0.536449
14523 0.660094 0.53655
14524 0.660083 0.536656
14525 0.660072 0.536767
14526 0.660061 0.536883
14527 0.66005 0.537003
14528 0.660039 0.537126
14529 0.660028 0.537253
14530 0.660016 0.537382
14531 0.660004 0.537514
14532 0.659993 0.537618
14533 0.659992 0.537688
14534 0.659992 0.537737
14535 0.659995 0.537749
14536 0.660024 0.537828
14537 0.66005 0.537882
14538 0.660072 0.537916
14539 0.660092 0.537931
14540 0.660109 0.53796
14541 0.660123 0.538001
14542 0.660134 0.538054
14543 0.660144 0.538086
14544 0.660152 0.538099
14545 0.660159 0.538096
14546 0.660165 0.538076
14547 0.660169 0.538044
14548 0.660173 0.537998
14549 0.660176 0.537942
14550 0.660178 0.537876
14551 0.660179 0.5378
14552 0.660179 0.537748
14553 0.660178 0.537717
14554 0.660175 0.537704
14555 0.660172 0.537708
14556 0.660168 0.537728
14557 0.660164 0.537761
14558 0.660159 0.537807
14559 0.660153 0.537863
14560 0.660146 0.53793
14561 0.660139 0.538006
14562 0.660132 0.53809
14563 0.660124 0.538181
14564 0.660115 0.538278
14565 0.660107 0.538382
14566 0.660098 0.538459
14567 0.660089 0.538545
14568 0.66008 0.538637
14569 0.660071 0.538736
14570 0.660061 0.538841
14571 0.660051 0.538951
14572 0.66004 0.539065
14573 0.660029 0.539184
14574 0.660018 0.539307
14575 0.660007 0.539433
14576 0.659996 0.539562
14577 0.659989 0.539667
14578 0.659986 0.539776
14579 0.659993 0.53989
14580 0.660003 0.540013
14581 0.66001 0.540139
14582 0.660016 0.540268
14583 0.66002 0.540369
14584 0.660023 0.540444
14585 0.660025 0.540495
14586 0.660027 0.540526
14587 0.660027 0.540538
14588 0.660027 0.540565
14589 0.660025 0.540604
14590 0.660022 0.540655
14591 0.660018 0.540717
14592 0.660014 0.540757
14593 0.66001 0.540777
14594 0.660005 0.540779
14595 0.660001 0.540766
14596 0.659996 0.540738
14597 0.659996 0.540776
14598 0.659997 0.540768
14599 0.660004 0.54073
14600 0.660008 0.540712
14601 0.660011 0.540711
14602 0.660012 0.540726
14603 0.660012 0.540755
14604 0.66001 0.540797
14605 0.660008 0.540819
14606 0.660005 0.540823
14607 0.660002 0.540842
14608 0.659998 0.540844
14609 0.659995 0.54087
14610 0.660004 0.540888
14611 0.660011 0.54092
14612 0.660016 0.540965
14613 0.660019 0.54102
14614 0.660021 0.541055
14615 0.660022 0.54107
14616 0.660022 0.541099
14617 0.66002 0.541142
14618 0.660017 0.541195
14619 0.660013 0.541259
14620 0.660009 0.5413
14621 0.660005 0.541322
14622 0.66 0.541326
14623 0.659995 0.541346
14624 0.660002 0.541434
14625 0.660008 0.541497
14626 0.660012 0.541539
14627 0.660016 0.541561
14628 0.660018 0.541564
14629 0.66002 0.541552
14630 0.660021 0.541526
14631 0.660021 0.541517
14632 0.660019 0.541526
14633 0.660017 0.541549
14634 0.660013 0.541585
14635 0.660009 0.541633
14636 0.660004 0.541693
14637 0.659998 0.541762
14638 0.660006 0.541856
14639 0.660013 0.541926
14640 0.660018 0.541973
14641 0.660022 0.541999
14642 0.660026 0.542008
14643 0.660028 0.541999
14644 0.660029 0.542007
14645 0.660028 0.54203
14646 0.660027 0.542067
14647 0.660024 0.542115
14648 0.66002 0.542175
14649 0.660015 0.542244
14650 0.66001 0.542322
14651 0.660004 0.542409
14652 0.659997 0.542502
14653 0.659997 0.542613
14654 0.660012 0.542724
14655 0.660024 0.542839
14656 0.660035 0.542928
14657 0.660043 0.542991
14658 0.660051 0.543033
14659 0.660057 0.543055
14660 0.660062 0.543058
14661 0.660065 0.543046
14662 0.660068 0.543019
14663 0.66007 0.542979
14664 0.660071 0.542928
14665 0.660071 0.542897
14666 0.66007 0.542885
14667 0.660067 0.54289
14668 0.660063 0.54291
14669 0.660058 0.542944
14670 0.660053 0.542958
14671 0.660048 0.542956
14672 0.660043 0.542938
14673 0.660038 0.542906
14674 0.660032 0.542861
14675 0.660027 0.542805
14676 0.660022 0.542739
14677 0.660016 0.542664
14678 0.660011 0.54258
14679 0.660006 0.54249
14680 0.66 0.542392
14681 0.659995 0.542288
14682 0.659994 0.542138
14683 0.660025 0.54201
14684 0.660051 0.541911
14685 0.660074 0.541837
14686 0.660093 0.541787
14687 0.660109 0.541757
14688 0.660121 0.541746
14689 0.660131 0.541751
14690 0.660139 0.541772
14691 0.660145 0.541806
14692 0.660148 0.541852
14693 0.660151 0.541878
14694 0.660153 0.541886
14695 0.660154 0.541877
14696 0.660155 0.541854
14697 0.660155 0.541817
14698 0.660154 0.541768
14699 0.660153 0.541708
14700 0.660152 0.541638
14701 0.660135 0.541578
14702 0.660104 0.541525
14703 0.66006 0.541479
14704 0.660006 0.54144
14705 0.659941 0.541406
14706 0.659897 0.541379
14707 0.659857 0.541357
14708 0.659847 0.541316
14709 0.659858 0.541286
14710 0.659887 0.541229
14711 0.659934 0.541174
14712 0.660005 0.541134
14713 0.660068 0.541113
14714 0.660123 0.54111
14715 0.660172 0.541091
14716 0.660216 0.541059
14717 0.660255 0.541014
14718 0.660289 0.540958
14719 0.660319 0.540892
14720 0.660346 0.540849
14721 0.660368 0.540825
14722 0.660386 0.540819
14723 0.660402 0.540829
14724 0.660415 0.540823
14725 0.660427 0.540802
14726 0.660437 0.540767
14727 0.660444 0.540751
14728 0.66045 0.540752
14729 0.660454 0.540738
14730 0.660458 0.540709
14731 0.660461 0.540668
14732 0.660463 0.540614
14733 0.660464 0.540551
14734 0.660465 0.540478
14735 0.660465 0.540428
14736 0.660463 0.540398
14737 0.66046 0.540388
14738 0.660456 0.540394
14739 0.660451 0.540415
14740 0.660445 0.54045
14741 0.660439 0.540497
14742 0.660432 0.540555
14743 0.660424 0.540623
14744 0.660416 0.540668
14745 0.660409 0.540693
14746 0.660402 0.5407
14747 0.660396 0.54069
14748 0.660389 0.540666
14749 0.660383 0.540628
14750 0.660376 0.540578
14751 0.66037 0.540518
14752 0.660364 0.540447
14753 0.660359 0.540368
14754 0.660352 0.540313
14755 0.660344 0.540279
14756 0.660336 0.540264
14757 0.660327 0.540266
14758 0.660319 0.540252
14759 0.660311 0.540224
14760 0.660302 0.540214
14761 0.660293 0.540221
14762 0.660283 0.540243
14763 0.660272 0.540278
14764 0.660262 0.540326
14765 0.66025 0.540384
14766 0.660238 0.540453
14767 0.660226 0.54053
14768 0.660214 0.540615
14769 0.660201 0.540708
14770 0.660188 0.540806
14771 0.660176 0.54088
14772 0.660164 0.54093
14773 0.660153 0.540959
14774 0.660143 0.54097
14775 0.660132 0.540996
14776 0.66012 0.541034
14777 0.660108 0.541084
14778 0.660096 0.541145
14779 0.660083 0.541215
14780 0.66007 0.541294
14781 0.660058 0.541349
14782 0.660047 0.541383
14783 0.660036 0.541398
14784 0.660024 0.541427
14785 0.660013 0.541469
14786 0.660001 0.541522
14787 0.659989 0.541554
14788 0.659987 0.541534
14789 0.66002 0.541479
14790 0.660048 0.541446
14791 0.660072 0.541432
14792 0.660092 0.541434
14793 0.660108 0.541452
14794 0.660122 0.541484
14795 0.660133 0.541528
14796 0.660141 0.541583
14797 0.660147 0.541648
14798 0.660152 0.541692
14799 0.660156 0.541715
14800 0.660159 0.54172
14801 0.660161 0.541709
14802 0.660163 0.541684
14803 0.660163 0.541645
14804 0.660163 0.541626
14805 0.660161 0.541625
14806 0.660159 0.541639
14807 0.660155 0.541667
14808 0.660151 0.541708
14809 0.660147 0.54173
14810 0.660142 0.541733
14811 0.660138 0.541721
14812 0.660132 0.541726
14813 0.660127 0.541745
14814 0.660121 0.541778
14815 0.660114 0.541824
14816 0.660107 0.54188
14817 0.6601 0.541915
14818 0.660094 0.541931
14819 0.660087 0.54193
14820 0.660081 0.541914
14821 0.660074 0.541914
14822 0.660067 0.54193
14823 0.66006 0.54196
14824 0.660052 0.542003
14825 0.660044 0.542057
14826 0.660037 0.54209
14827 0.66003 0.542104
14828 0.660022 0.542132
14829 0.660014 0.542173
14830 0.660007 0.542225
14831 0.659999 0.542257
14832 0.659993 0.542282
14833 0.65999 0.542304
14834 0.660032 0.542319
14835 0.660068 0.542348
14836 0.6601 0.542389
14837 0.660129 0.542443
14838 0.660153 0.542506
14839 0.660175 0.542579
14840 0.660193 0.542628
14841 0.66021 0.542658
14842 0.660224 0.542668
14843 0.660236 0.542693
14844 0.660246 0.542732
14845 0.660254 0.542751
14846 0.660261 0.542783
14847 0.660267 0.542797
14848 0.660271 0.542825
14849 0.660275 0.542834
14850 0.660278 0.542827
14851 0.660279 0.542805
14852 0.660281 0.542769
14853 0.660281 0.542721
14854 0.660281 0.542662
14855 0.660281 0.542594
14856 0.66028 0.542516
14857 0.660278 0.54243
14858 0.660277 0.542338
14859 0.660274 0.54227
14860 0.660271 0.542224
14861 0.660268 0.5422
14862 0.660264 0.542193
14863 0.66026 0.542203
14864 0.660256 0.542227
14865 0.660251 0.542265
14866 0.660245 0.542315
14867 0.66024 0.542375
14868 0.660235 0.542414
14869 0.660229 0.542433
14870 0.660224 0.542435
14871 0.660219 0.542421
14872 0.660213 0.542392
14873 0.660208 0.542351
14874 0.660203 0.542298
14875 0.660197 0.542266
14876 0.660191 0.542253
14877 0.660185 0.542257
14878 0.660179 0.542276
14879 0.660172 0.542309
14880 0.660166 0.542323
14881 0.66016 0.542319
14882 0.660154 0.542301
14883 0.660148 0.542268
14884 0.660142 0.542223
14885 0.660136 0.542167
14886 0.66013 0.542101
14887 0.660124 0.542025
14888 0.660118 0.541941
14889 0.660112 0.54185
14890 0.660106 0.541752
14891 0.660101 0.541648
14892 0.660095 0.541539
14893 0.660089 0.541425
14894 0.660084 0.541307
14895 0.660078 0.541217
14896 0.660072 0.541151
14897 0.660065 0.541107
14898 0.660059 0.541083
14899 0.660052 0.541078
14900 0.660045 0.541057
14901 0.660039 0.541023
14902 0.660033 0.540976
14903 0.660026 0.54095
14904 0.660019 0.54091
14905 0.660013 0.540859
14906 0.660007 0.540798
14907 0.66 0.540726
14908 0.659994 0.540647
14909 0.659994 0.540547
14910 0.660004 0.540487
14911 0.660012 0.540449
14912 0.660018 0.540431
14913 0.660023 0.54043
14914 0.660026 0.540444
14915 0.660028 0.540474
14916 0.660029 0.540515
14917 0.660029 0.540569
14918 0.660028 0.540633
14919 0.660027 0.540706
14920 0.660024 0.540787
14921 0.660021 0.540877
14922 0.660017 0.540973
14923 0.660014 0.541043
14924 0.660009 0.541123
14925 0.660004 0.54121
14926 0.659999 0.541304
14927 0.66 0.541333
14928 0.660001 0.541374
14929 0.660001 0.541427
14930 0.659999 0.541491
14931 0.66 0.541487
14932 0.660014 0.54146
14933 0.660027 0.541451
14934 0.660037 0.541458
14935 0.660045 0.54148
14936 0.660051 0.541516
14937 0.660056 0.541564
14938 0.660059 0.541623
14939 0.660061 0.541692
14940 0.660062 0.541769
14941 0.660062 0.541824
14942 0.660062 0.541856
14943 0.660061 0.54187
14944 0.66006 0.541867
14945 0.660058 0.541848
14946 0.660056 0.541816
14947 0.660053 0.54177
14948 0.66005 0.541714
14949 0.660047 0.541648
14950 0.660044 0.541572
14951 0.66004 0.541488
14952 0.660036 0.541429
14953 0.660031 0.54139
14954 0.660026 0.541372
14955 0.660021 0.541339
14956 0.660016 0.541295
14957 0.66001 0.541239
14958 0.660004 0.541204
14959 0.659998 0.541188
14960 0.659992 0.541187
14961 0.659988 0.541208
14962 0.660002 0.541229
14963 0.660014 0.541263
14964 0.660024 0.541309
14965 0.660032 0.541366
14966 0.660037 0.541434
14967 0.660042 0.54151
14968 0.660045 0.541594
14969 0.660046 0.541686
14970 0.660047 0.541753
14971 0.660047 0.541828
14972 0.660046 0.541912
14973 0.660044 0.542003
14974 0.660041 0.542101
14975 0.660038 0.542173
14976 0.660035 0.542222
14977 0.660031 0.542251
14978 0.660027 0.542293
14979 0.660022 0.542346
14980 0.660017 0.542409
14981 0.660011 0.542482
14982 0.660005 0.542563
14983 0.659999 0.542652
14984 0.66 0.542715
14985 0.66 0.542782
14986 0.660008 0.542823
14987 0.660015 0.542874
14988 0.66002 0.542937
14989 0.660024 0.542977
14990 0.660026 0.542998
14991 0.660029 0.543001
14992 0.66003 0.542988
14993 0.66003 0.54296
14994 0.66003 0.54292
14995 0.66003 0.542868
14996 0.660029 0.542806
14997 0.660027 0.542734
14998 0.660025 0.542653
14999 0.660023 0.542565
15000 0.66002 0.542502
