14000 0.629246 0.403033
14001 0.629255 0.403101
14002 0.629288 0.403116
14003 0.629321 0.403131
14004 0.629357 0.403136
14005 0.62939 0.403128
14006 0.629406 0.403127
14007 0.629414 0.403124
14008 0.629425 0.4031
14009 0.629426 0.403067
14010 0.629417 0.403039
14011 0.629417 0.402988
14012 0.629405 0.403018
14013 0.62939 0.40304
14014 0.629363 0.403029
14015 0.629353 0.403019
14016 0.629335 0.40301
14017 0.629304 0.403071
14018 0.62927 0.403142
14019 0.629246 0.403227
14020 0.629245 0.403304
14021 0.629233 0.40345
14022 0.629241 0.403626
14023 0.629237 0.403779
14024 0.629231 0.403912
14025 0.629222 0.404028
14026 0.629201 0.404131
14027 0.629206 0.404236
14028 0.629218 0.404297
14029 0.629224 0.404326
14030 0.629219 0.404389
14031 0.629218 0.404437
14032 0.629203 0.404457
14033 0.629179 0.404434
14034 0.629148 0.404465
14035 0.629115 0.404498
14036 0.629078 0.404502
14037 0.629052 0.404567
14038 0.629059 0.404708
14039 0.629065 0.404816
14040 0.629077 0.404909
14041 0.629091 0.404988
14042 0.629104 0.405063
14043 0.629112 0.405097
14044 0.629113 0.405115
14045 0.629118 0.405129
14046 0.62912 0.405144
14047 0.62912 0.40515
14048 0.629111 0.405175
14049 0.629089 0.405184
14050 0.629077 0.405201
14051 0.62905 0.40524
14052 0.629038 0.405286
14053 0.629049 0.405336
14054 0.629067 0.405417
14055 0.629086 0.405487
14056 0.629091 0.405535
14057 0.629097 0.405537
14058 0.629115 0.405539
14059 0.629117 0.405501
14060 0.629122 0.405429
14061 0.62914 0.405318
14062 0.629149 0.405289
14063 0.629146 0.405247
14064 0.629129 0.405221
14065 0.629114 0.405203
14066 0.629103 0.405181
14067 0.629081 0.405169
14068 0.629053 0.405186
14069 0.629018 0.405192
14070 0.628981 0.405206
14071 0.628936 0.405215
14072 0.628884 0.40524
14073 0.628849 0.405215
14074 0.628807 0.405156
14075 0.628761 0.40513
14076 0.628706 0.405089
14077 0.628642 0.405046
14078 0.62858 0.404992
14079 0.628546 0.404918
14080 0.628508 0.404834
14081 0.62847 0.404759
14082 0.628432 0.404653
14083 0.628394 0.404564
14084 0.628352 0.404554
14085 0.628309 0.404625
14086 0.628268 0.404659
14087 0.628246 0.404747
14088 0.628213 0.404825
14089 0.628173 0.404907
14090 0.628134 0.405014
14091 0.628108 0.405171
14092 0.628075 0.405356
14093 0.628048 0.405531
14094 0.628022 0.405693
14095 0.628025 0.405821
14096 0.628052 0.405943
14097 0.628087 0.406053
14098 0.628123 0.406174
14099 0.628154 0.4063
14100 0.628188 0.406416
14101 0.628229 0.406493
14102 0.628252 0.40653
14103 0.628291 0.406526
14104 0.628326 0.406567
14105 0.62835 0.4066
14106 0.628359 0.406613
14107 0.628369 0.406634
14108 0.628364 0.406617
14109 0.628373 0.406592
14110 0.628378 0.406513
14111 0.6284 0.406454
14112 0.628412 0.406438
14113 0.628428 0.406483
14114 0.628443 0.406576
14115 0.628446 0.406646
14116 0.62846 0.406713
14117 0.628485 0.406772
14118 0.628497 0.406836
14119 0.628503 0.406916
14120 0.628508 0.406954
14121 0.628515 0.407015
14122 0.628523 0.407062
14123 0.628541 0.407085
14124 0.628545 0.40707
14125 0.628551 0.407105
14126 0.628585 0.407169
14127 0.628607 0.407214
14128 0.628627 0.407305
14129 0.628666 0.407369
14130 0.628706 0.407405
14131 0.628738 0.4075
14132 0.628784 0.407605
14133 0.628824 0.407733
14134 0.628851 0.4079
14135 0.628867 0.408032
14136 0.628872 0.408168
14137 0.628862 0.408296
14138 0.628842 0.408433
14139 0.628811 0.408551
14140 0.628775 0.408664
14141 0.628743 0.408754
14142 0.62872 0.408835
14143 0.628691 0.408975
14144 0.628655 0.409113
14145 0.628634 0.409225
14146 0.628606 0.409325
14147 0.628568 0.409438
14148 0.628545 0.409537
14149 0.62851 0.409621
14150 0.628499 0.409665
14151 0.628495 0.409669
14152 0.628477 0.409668
14153 0.628481 0.409694
14154 0.62847 0.409746
14155 0.628461 0.40979
14156 0.628442 0.409865
14157 0.62841 0.409945
14158 0.628382 0.409967
14159 0.628349 0.409964
14160 0.628307 0.409975
14161 0.628259 0.409929
14162 0.628242 0.409864
14163 0.628257 0.409806
14164 0.628265 0.409752
14165 0.628265 0.409655
14166 0.628253 0.409575
14167 0.628237 0.409499
14168 0.628215 0.409486
14169 0.628187 0.409475
14170 0.628171 0.409454
14171 0.628156 0.409447
14172 0.628164 0.409443
14173 0.628158 0.409461
14174 0.628148 0.409484
14175 0.628147 0.409541
14176 0.628155 0.40962
14177 0.6282 0.409652
14178 0.628237 0.409718
14179 0.628272 0.409825
14180 0.628324 0.409917
14181 0.62838 0.409985
14182 0.628418 0.410059
14183 0.628444 0.410133
14184 0.628464 0.410225
14185 0.628487 0.410285
14186 0.6285 0.410366
14187 0.62853 0.410489
14188 0.628554 0.410619
14189 0.628572 0.410755
14190 0.628576 0.410945
14191 0.628568 0.411145
14192 0.628572 0.411276
14193 0.628575 0.411377
14194 0.628602 0.411459
14195 0.628663 0.411514
14196 0.628732 0.411553
14197 0.628811 0.411531
14198 0.628916 0.411502
14199 0.629005 0.411522
14200 0.629082 0.411545
14201 0.629168 0.411539
14202 0.629244 0.411566
14203 0.629303 0.411596
14204 0.629362 0.411597
14205 0.6294 0.411671
14206 0.629448 0.411712
14207 0.629478 0.411771
14208 0.629506 0.411862
14209 0.629538 0.411922
14210 0.629562 0.411963
14211 0.629583 0.411981
14212 0.629597 0.411949
14213 0.62961 0.411919
14214 0.629629 0.411849
14215 0.629663 0.411768
14216 0.629689 0.411665
14217 0.629709 0.411576
14218 0.629719 0.411457
14219 0.629719 0.411298
14220 0.629706 0.411168
14221 0.629691 0.411039
14222 0.6297 0.410928
14223 0.629694 0.410802
14224 0.629674 0.410688
14225 0.629677 0.410594
14226 0.629679 0.410513
14227 0.629682 0.410435
14228 0.629679 0.41038
14229 0.629687 0.41034
14230 0.629678 0.410335
14231 0.629665 0.410315
14232 0.629667 0.410317
14233 0.629661 0.410318
14234 0.629644 0.410331
14235 0.629621 0.410391
14236 0.6296 0.410435
14237 0.629577 0.410456
14238 0.629544 0.410469
14239 0.629507 0.410457
14240 0.629489 0.410416
14241 0.629471 0.410363
14242 0.629443 0.410293
14243 0.629445 0.410232
14244 0.629444 0.410175
14245 0.629449 0.41013
14246 0.629476 0.410069
14247 0.629489 0.410017
14248 0.62953 0.409993
14249 0.62957 0.410015
14250 0.629598 0.410075
14251 0.629624 0.410132
14252 0.629653 0.410213
14253 0.629692 0.410308
14254 0.629737 0.41041
14255 0.629764 0.410524
14256 0.629784 0.410677
14257 0.629798 0.410832
14258 0.629806 0.410959
14259 0.629809 0.411081
14260 0.629815 0.41121
14261 0.62982 0.411355
14262 0.62982 0.411526
14263 0.62985 0.411683
14264 0.629878 0.41189
14265 0.629918 0.412089
14266 0.629951 0.41226
14267 0.630008 0.412389
14268 0.63006 0.412455
14269 0.630103 0.412495
14270 0.630186 0.412504
14271 0.630287 0.4125
14272 0.630416 0.412506
14273 0.630544 0.412488
14274 0.630667 0.412461
14275 0.630776 0.412438
14276 0.630867 0.412417
14277 0.630965 0.412403
14278 0.631089 0.412425
14279 0.631206 0.412449
14280 0.631304 0.41248
14281 0.631386 0.412482
14282 0.631457 0.412473
14283 0.631518 0.412419
14284 0.631575 0.412321
14285 0.631627 0.412247
14286 0.631678 0.412174
14287 0.631729 0.412107
14288 0.631786 0.412109
14289 0.631853 0.412065
14290 0.631926 0.41205
14291 0.632014 0.412005
14292 0.632124 0.411971
14293 0.632238 0.411958
14294 0.632334 0.411961
14295 0.632421 0.411967
14296 0.632495 0.411962
14297 0.632573 0.411943
14298 0.632652 0.411926
14299 0.632715 0.41191
14300 0.632766 0.411896
14301 0.632845 0.411849
14302 0.632915 0.411806
14303 0.632966 0.411799
14304 0.632999 0.411795
14305 0.633025 0.411759
14306 0.633041 0.41177
14307 0.633041 0.411787
14308 0.633029 0.411784
14309 0.633009 0.411794
14310 0.632999 0.411798
14311 0.633003 0.4118
14312 0.633004 0.411812
14313 0.632999 0.411843
14314 0.633022 0.411845
14315 0.633027 0.411867
14316 0.633046 0.411871
14317 0.63305 0.41189
14318 0.633054 0.411958
14319 0.633072 0.412044
14320 0.633094 0.412134
14321 0.633126 0.412196
14322 0.633165 0.412247
14323 0.633229 0.412286
14324 0.633296 0.412328
14325 0.633349 0.412356
14326 0.63342 0.412344
14327 0.63348 0.412292
14328 0.633546 0.412231
14329 0.633606 0.41218
14330 0.633701 0.412121
14331 0.633802 0.412063
14332 0.633891 0.411979
14333 0.633965 0.411922
14334 0.634035 0.4119
14335 0.634112 0.411917
14336 0.634184 0.411923
14337 0.634265 0.411873
14338 0.634363 0.411814
14339 0.634451 0.41174
14340 0.634518 0.411678
14341 0.634568 0.41162
14342 0.634637 0.411565
14343 0.63471 0.411509
14344 0.634782 0.411501
14345 0.634874 0.411543
14346 0.634949 0.41157
14347 0.635006 0.411594
14348 0.635047 0.411666
14349 0.635108 0.411782
14350 0.635196 0.411878
14351 0.635273 0.411981
14352 0.635339 0.412064
14353 0.635405 0.412125
14354 0.635474 0.412164
14355 0.635547 0.412177
14356 0.635605 0.41219
14357 0.635652 0.412224
14358 0.635694 0.412251
14359 0.635724 0.412264
14360 0.635756 0.412289
14361 0.635785 0.412272
14362 0.6358 0.412288
14363 0.635806 0.41236
14364 0.635801 0.412409
14365 0.635797 0.412454
14366 0.635783 0.412526
14367 0.635755 0.41256
14368 0.635731 0.412592
14369 0.63572 0.412633
14370 0.635701 0.412694
14371 0.63569 0.41277
14372 0.635704 0.412858
14373 0.635701 0.412918
14374 0.635692 0.413026
14375 0.635677 0.413121
14376 0.635662 0.413159
14377 0.635652 0.413187
14378 0.635655 0.41323
14379 0.635694 0.41328
14380 0.635729 0.413316
14381 0.635767 0.413378
14382 0.635789 0.413519
14383 0.635804 0.413687
14384 0.63584 0.413842
14385 0.635879 0.413959
14386 0.635909 0.414064
14387 0.635931 0.414131
14388 0.635949 0.414183
14389 0.635974 0.414198
14390 0.635991 0.4142
14391 0.636011 0.414173
14392 0.636062 0.414129
14393 0.636102 0.414075
14394 0.636153 0.414028
14395 0.636192 0.413997
14396 0.636218 0.413971
14397 0.636227 0.413964
14398 0.63624 0.413971
14399 0.636241 0.413984
14400 0.636229 0.413974
14401 0.636227 0.413984
14402 0.636232 0.413975
14403 0.636227 0.414013
14404 0.636213 0.414055
14405 0.636221 0.414113
14406 0.636236 0.414183
14407 0.636246 0.414308
14408 0.636258 0.414423
14409 0.636263 0.414528
14410 0.636261 0.414621
14411 0.636257 0.414669
14412 0.636278 0.414764
14413 0.636334 0.414841
14414 0.636397 0.414901
14415 0.63649 0.414932
14416 0.636588 0.414958
14417 0.636664 0.414947
14418 0.636732 0.414923
14419 0.636804 0.41493
14420 0.636875 0.414946
14421 0.63693 0.41495
14422 0.63697 0.414937
14423 0.637015 0.414899
14424 0.637046 0.414882
14425 0.637084 0.414818
14426 0.63711 0.414816
14427 0.637118 0.414836
14428 0.637119 0.414856
14429 0.637122 0.414898
14430 0.637132 0.414922
14431 0.637149 0.414942
14432 0.637149 0.414941
14433 0.637135 0.41494
14434 0.637113 0.414955
14435 0.637108 0.41495
14436 0.637127 0.415002
14437 0.637167 0.415043
14438 0.63722 0.415096
14439 0.637277 0.415212
14440 0.637351 0.415302
14441 0.637418 0.415363
14442 0.637477 0.415458
14443 0.637557 0.41552
14444 0.637632 0.415562
14445 0.637709 0.415583
14446 0.637776 0.415589
14447 0.637839 0.415597
14448 0.637895 0.415627
14449 0.637968 0.415654
14450 0.638039 0.415611
14451 0.638114 0.415565
14452 0.638202 0.415545
14453 0.638279 0.415535
14454 0.638335 0.415536
14455 0.638372 0.415544
14456 0.638416 0.415591
14457 0.638461 0.415665
14458 0.638503 0.415694
14459 0.638545 0.415744
14460 0.638582 0.415811
14461 0.638616 0.415868
14462 0.638651 0.415904
14463 0.63869 0.415896
14464 0.638722 0.415863
14465 0.638756 0.415857
14466 0.638783 0.415835
14467 0.638843 0.415774
14468 0.638924 0.415722
14469 0.638989 0.415668
14470 0.639038 0.415617
14471 0.639071 0.41564
14472 0.639133 0.415672
14473 0.639177 0.415705
14474 0.639208 0.415764
14475 0.639235 0.415799
14476 0.639279 0.415842
14477 0.639333 0.41587
14478 0.639384 0.415878
14479 0.639429 0.415902
14480 0.639477 0.41595
14481 0.639521 0.415999
14482 0.639579 0.416012
14483 0.639626 0.415969
14484 0.639688 0.415912
14485 0.63976 0.415894
14486 0.639814 0.415879
14487 0.639873 0.415845
14488 0.639952 0.415879
14489 0.64001 0.415925
14490 0.640057 0.415978
14491 0.640132 0.41601
14492 0.640194 0.41603
14493 0.640277 0.415998
14494 0.640339 0.415956
14495 0.640396 0.415963
14496 0.640468 0.416011
14497 0.640542 0.416039
14498 0.640627 0.416067
14499 0.6407 0.416073
14500 0.640759 0.416083
14501 0.640833 0.41604
14502 0.640896 0.416005
14503 0.640938 0.415983
14504 0.640983 0.415957
14505 0.641011 0.416014
14506 0.641027 0.416091
14507 0.641028 0.416175
14508 0.641022 0.416264
14509 0.641037 0.416289
14510 0.641048 0.416342
14511 0.641049 0.41635
14512 0.641034 0.416326
14513 0.641032 0.416284
14514 0.641051 0.416285
14515 0.641056 0.416335
14516 0.641085 0.416383
14517 0.64111 0.416426
14518 0.641129 0.416476
14519 0.641138 0.416498
14520 0.641134 0.416526
14521 0.641158 0.416578
14522 0.641174 0.416696
14523 0.641185 0.416814
14524 0.641186 0.416969
14525 0.641179 0.417105
14526 0.641161 0.417231
14527 0.641142 0.41733
14528 0.641128 0.417428
14529 0.641112 0.417486
14530 0.641093 0.417526
14531 0.641075 0.417571
14532 0.641089 0.417596
14533 0.641094 0.417635
14534 0.641108 0.417666
14535 0.641116 0.417701
14536 0.641127 0.417714
14537 0.641168 0.417743
14538 0.641191 0.417768
14539 0.641202 0.417775
14540 0.641235 0.417775
14541 0.64125 0.417772
14542 0.641256 0.417757
14543 0.641283 0.417786
14544 0.641318 0.417844
14545 0.641347 0.417881
14546 0.641378 0.417922
14547 0.64141 0.417948
14548 0.641449 0.417969
14549 0.641479 0.417997
14550 0.641502 0.418037
14551 0.641507 0.418054
14552 0.641509 0.418126
14553 0.641532 0.418194
14554 0.641549 0.418251
14555 0.64156 0.418338
14556 0.641606 0.418392
14557 0.641667 0.418407
14558 0.641766 0.418431
14559 0.641852 0.418437
14560 0.641945 0.418452
14561 0.642047 0.418483
14562 0.642174 0.41853
14563 0.642274 0.418571
14564 0.642363 0.418631
14565 0.642452 0.418686
14566 0.642547 0.418741
14567 0.642621 0.418805
14568 0.642674 0.418873
14569 0.642723 0.418968
14570 0.642754 0.419114
14571 0.642795 0.419216
14572 0.642821 0.419347
14573 0.642835 0.419498
14574 0.642858 0.41965
14575 0.642879 0.419767
14576 0.642897 0.41982
14577 0.642899 0.419846
14578 0.642902 0.419815
14579 0.642913 0.419814
14580 0.642925 0.419879
14581 0.642931 0.419956
14582 0.642924 0.42002
14583 0.642934 0.420109
14584 0.642949 0.420202
14585 0.642949 0.420247
14586 0.642938 0.420331
14587 0.64294 0.420418
14588 0.642929 0.420542
14589 0.642922 0.420663
14590 0.642904 0.420789
14591 0.642873 0.420946
14592 0.642831 0.421096
14593 0.642795 0.421206
14594 0.642799 0.421301
14595 0.642801 0.421345
14596 0.642812 0.421373
14597 0.642835 0.421439
14598 0.642855 0.42148
14599 0.642881 0.421496
14600 0.642949 0.421521
14601 0.643009 0.421513
14602 0.643065 0.4215
14603 0.643123 0.421459
14604 0.643183 0.421376
14605 0.643252 0.421289
14606 0.643313 0.421176
14607 0.643366 0.421115
14608 0.643409 0.42109
14609 0.643447 0.421076
14610 0.643491 0.421059
14611 0.64353 0.42103
14612 0.643563 0.420989
14613 0.643591 0.420928
14614 0.643615 0.420896
14615 0.643638 0.420918
14616 0.643658 0.420933
14617 0.643673 0.420889
14618 0.643694 0.42084
14619 0.64371 0.420793
14620 0.64372 0.420773
14621 0.643717 0.42074
14622 0.643716 0.420711
14623 0.643721 0.420677
14624 0.643736 0.420665
14625 0.643739 0.420669
14626 0.643764 0.420715
14627 0.643802 0.42075
14628 0.643844 0.420803
14629 0.643867 0.420894
14630 0.643885 0.420977
14631 0.64389 0.421042
14632 0.643904 0.421053
14633 0.643906 0.421094
14634 0.643911 0.421159
14635 0.643931 0.421235
14636 0.643952 0.421341
14637 0.643985 0.421486
14638 0.644014 0.421632
14639 0.644053 0.421801
14640 0.644102 0.42195
14641 0.644162 0.422119
14642 0.64423 0.422303
14643 0.644297 0.422443
14644 0.644375 0.422511
14645 0.644453 0.422557
14646 0.644541 0.422614
14647 0.64462 0.422657
14648 0.64469 0.422702
14649 0.644747 0.422719
14650 0.644827 0.422722
14651 0.644915 0.422678
14652 0.644997 0.42257
14653 0.645077 0.422443
14654 0.64516 0.422359
14655 0.645231 0.422286
14656 0.64528 0.42223
14657 0.645341 0.422184
14658 0.645409 0.422147
14659 0.645478 0.422115
14660 0.645552 0.422109
14661 0.645616 0.422112
14662 0.645664 0.422116
14663 0.645697 0.422123
14664 0.645768 0.422123
14665 0.645843 0.422127
14666 0.645908 0.42209
14667 0.645985 0.422013
14668 0.646074 0.421892
14669 0.646148 0.421802
14670 0.646201 0.421712
14671 0.646252 0.421657
14672 0.646299 0.421581
14673 0.646344 0.421508
14674 0.646371 0.421465
14675 0.646393 0.42144
14676 0.646405 0.421412
14677 0.646413 0.421393
14678 0.646418 0.421333
14679 0.646419 0.421272
14680 0.646421 0.421236
14681 0.646427 0.421231
14682 0.646463 0.421204
14683 0.646524 0.421143
14684 0.646577 0.421095
14685 0.646631 0.42107
14686 0.646676 0.421078
14687 0.646742 0.421056
14688 0.6468 0.421008
14689 0.646857 0.420936
14690 0.64691 0.420847
14691 0.646984 0.420754
14692 0.647068 0.420652
14693 0.647151 0.42057
14694 0.647215 0.420486
14695 0.647262 0.420439
14696 0.647301 0.420396
14697 0.647335 0.420364
14698 0.647357 0.420338
14699 0.647364 0.420304
14700 0.647407 0.420244
14701 0.647444 0.420206
14702 0.647484 0.420152
14703 0.647532 0.42009
14704 0.647572 0.419983
14705 0.647606 0.419941
14706 0.647642 0.419891
14707 0.647677 0.419832
14708 0.647709 0.419771
14709 0.647733 0.419677
14710 0.647745 0.419595
14711 0.647769 0.419521
14712 0.647779 0.419505
14713 0.647781 0.419497
14714 0.647775 0.419495
14715 0.647762 0.419467
14716 0.647743 0.419448
14717 0.647712 0.419474
14718 0.647673 0.4195
14719 0.647641 0.419536
14720 0.647621 0.419553
14721 0.647618 0.419533
14722 0.647629 0.419498
14723 0.647634 0.419493
14724 0.647628 0.419502
14725 0.647668 0.41952
14726 0.647701 0.419528
14727 0.647763 0.419545
14728 0.64781 0.41956
14729 0.647843 0.4196
14730 0.647881 0.41964
14731 0.647929 0.419651
14732 0.648003 0.419635
14733 0.648085 0.419616
14734 0.648193 0.419621
14735 0.648291 0.419604
14736 0.648398 0.419626
14737 0.648489 0.41966
14738 0.648585 0.419676
14739 0.648687 0.419667
14740 0.648793 0.41961
14741 0.648887 0.419548
14742 0.648988 0.419481
14743 0.649076 0.419476
14744 0.649156 0.419446
14745 0.649226 0.419407
14746 0.649289 0.41939
14747 0.649334 0.419324
14748 0.649362 0.419292
14749 0.649377 0.419256
14750 0.649401 0.419218
14751 0.649415 0.419215
14752 0.649421 0.419203
14753 0.649437 0.419243
14754 0.649473 0.419282
14755 0.649517 0.419349
14756 0.649578 0.419386
14757 0.649636 0.419411
14758 0.649687 0.419433
14759 0.649765 0.419458
14760 0.649834 0.419465
14761 0.64991 0.419425
14762 0.649976 0.419378
14763 0.65008 0.419289
14764 0.650181 0.419193
14765 0.650283 0.419099
14766 0.650379 0.418996
14767 0.6505 0.418904
14768 0.650616 0.41879
14769 0.650726 0.418773
14770 0.650857 0.418752
14771 0.650959 0.418692
14772 0.65104 0.418668
14773 0.651114 0.41866
14774 0.651167 0.418632
14775 0.651234 0.418614
14776 0.651279 0.418601
14777 0.651333 0.418651
14778 0.651388 0.418678
14779 0.651475 0.418682
14780 0.651554 0.418683
14781 0.65164 0.418629
14782 0.651708 0.418602
14783 0.651757 0.418613
14784 0.651802 0.418624
14785 0.651858 0.418635
14786 0.651896 0.418609
14787 0.651921 0.418615
14788 0.651932 0.418592
14789 0.651927 0.418616
14790 0.651914 0.418627
14791 0.6519 0.418609
14792 0.651918 0.418547
14793 0.651923 0.418483
14794 0.651916 0.418415
14795 0.651912 0.41839
14796 0.651901 0.418311
14797 0.651877 0.418255
14798 0.651847 0.418182
14799 0.651806 0.418085
14800 0.65177 0.418032
14801 0.651756 0.417987
14802 0.65176 0.417983
14803 0.651752 0.418024
14804 0.651735 0.418038
14805 0.651716 0.418043
14806 0.651702 0.418015
14807 0.651676 0.418022
14808 0.651654 0.418041
14809 0.651621 0.418022
14810 0.651617 0.417977
14811 0.651615 0.417931
14812 0.651603 0.417915
14813 0.651586 0.417898
14814 0.651562 0.417884
14815 0.651527 0.417894
14816 0.651512 0.417905
14817 0.651489 0.417931
14818 0.65147 0.417952
14819 0.651479 0.417964
14820 0.651477 0.418007
14821 0.651466 0.418029
14822 0.651467 0.418083
14823 0.651463 0.418134
14824 0.651453 0.418187
14825 0.651429 0.418206
14826 0.651427 0.418238
14827 0.65141 0.418268
14828 0.651388 0.418334
14829 0.651352 0.418379
14830 0.651305 0.418453
14831 0.651271 0.418519
14832 0.651235 0.418653
14833 0.651186 0.41877
14834 0.651143 0.418866
14835 0.651105 0.418918
14836 0.651115 0.418951
14837 0.651122 0.419023
14838 0.651117 0.41905
14839 0.651134 0.419095
14840 0.651156 0.419121
14841 0.651187 0.419188
14842 0.651217 0.419248
14843 0.651234 0.41929
14844 0.651266 0.419372
14845 0.651286 0.419467
14846 0.651325 0.419626
14847 0.651346 0.419715
14848 0.651364 0.419775
14849 0.651382 0.419833
14850 0.651396 0.419874
14851 0.651411 0.419945
14852 0.65145 0.419985
14853 0.651488 0.419999
14854 0.651524 0.420033
14855 0.651567 0.420053
14856 0.651608 0.420072
14857 0.651665 0.420099
14858 0.651752 0.420142
14859 0.651834 0.420163
14860 0.651915 0.420143
14861 0.651988 0.420096
14862 0.652056 0.420035
14863 0.652123 0.41995
14864 0.652183 0.419863
14865 0.652254 0.419741
14866 0.652316 0.419624
14867 0.652398 0.419493
14868 0.652459 0.419364
14869 0.652508 0.419289
14870 0.652558 0.419218
14871 0.652639 0.419132
14872 0.652733 0.419071
14873 0.652817 0.41902
14874 0.652893 0.418964
14875 0.652962 0.418955
14876 0.653048 0.418915
14877 0.65313 0.418879
14878 0.653209 0.418823
14879 0.653309 0.418813
14880 0.653426 0.418759
14881 0.653521 0.418738
14882 0.65362 0.41867
14883 0.653697 0.418554
14884 0.653794 0.418434
14885 0.653895 0.418363
14886 0.653976 0.41828
14887 0.654037 0.418219
14888 0.654102 0.418195
14889 0.654159 0.418163
14890 0.654225 0.418087
14891 0.654309 0.418003
14892 0.654385 0.417959
14893 0.65447 0.417926
14894 0.654556 0.417853
14895 0.654632 0.417778
14896 0.654703 0.417691
14897 0.654784 0.417625
14898 0.654861 0.417568
14899 0.654923 0.417517
14900 0.655004 0.417482
14901 0.65509 0.417454
14902 0.65516 0.417428
14903 0.655236 0.417404
14904 0.655308 0.417334
14905 0.65538 0.417303
14906 0.65543 0.41728
14907 0.655462 0.417262
14908 0.655479 0.41727
14909 0.655502 0.417263
14910 0.655535 0.417273
14911 0.655563 0.417304
14912 0.655591 0.417365
14913 0.655641 0.417421
14914 0.655716 0.417433
14915 0.655782 0.41748
14916 0.655872 0.41753
14917 0.65597 0.417588
14918 0.656091 0.417639
14919 0.656202 0.417709
14920 0.656301 0.417751
14921 0.656389 0.417808
14922 0.656469 0.417825
14923 0.656558 0.417841
14924 0.656636 0.417837
14925 0.656719 0.417795
14926 0.656778 0.417768
14927 0.656825 0.417794
14928 0.656865 0.417857
14929 0.656899 0.41792
14930 0.656919 0.418001
14931 0.656939 0.418063
14932 0.656961 0.418107
14933 0.657015 0.418137
14934 0.657082 0.418146
14935 0.657145 0.418138
14936 0.657218 0.418105
14937 0.657307 0.418071
14938 0.657393 0.418024
14939 0.65749 0.417953
14940 0.657567 0.417927
14941 0.657661 0.41788
14942 0.657733 0.41786
14943 0.657787 0.417821
14944 0.657835 0.417801
14945 0.657867 0.417774
14946 0.657896 0.417778
14947 0.657906 0.417785
14948 0.657929 0.41777
14949 0.657949 0.417763
14950 0.657976 0.417747
14951 0.658 0.417697
14952 0.658021 0.417645
14953 0.658046 0.417583
14954 0.65808 0.417521
14955 0.658134 0.417478
14956 0.658181 0.417449
14957 0.658236 0.417455
14958 0.658324 0.417495
14959 0.658413 0.417481
14960 0.658492 0.417527
14961 0.65858 0.417554
14962 0.65865 0.417581
14963 0.658723 0.417628
14964 0.658814 0.417684
14965 0.658882 0.417691
14966 0.65893 0.4177
14967 0.658976 0.417752
14968 0.659004 0.417819
14969 0.65902 0.417884
14970 0.659038 0.417928
14971 0.659057 0.418018
14972 0.659081 0.41806
14973 0.659118 0.418097
14974 0.659165 0.418108
14975 0.659214 0.41815
14976 0.659272 0.418203
14977 0.659328 0.418253
14978 0.659363 0.418325
14979 0.659423 0.418392
14980 0.659466 0.418457
14981 0.659516 0.418517
14982 0.659593 0.418622
14983 0.659668 0.418732
14984 0.659738 0.418776
14985 0.659801 0.41876
14986 0.659859 0.418759
14987 0.659898 0.418784
14988 0.659919 0.41881
14989 0.659983 0.418825
14990 0.660048 0.418811
14991 0.660091 0.4188
14992 0.660129 0.418774
14993 0.660162 0.418736
14994 0.660191 0.418686
14995 0.660202 0.418643
14996 0.660195 0.418607
14997 0.660189 0.418559
14998 0.660183 0.418499
14999 0.660176 0.418431
15000 0.660169 0.418353
