14000 0.660022 0.468443
14001 0.660002 0.46843
14002 0.659976 0.468431
14003 0.65995 0.468437
14004 0.659916 0.468434
14005 0.65987 0.468444
14006 0.659848 0.468457
14007 0.659833 0.468451
14008 0.659856 0.468463
14009 0.659878 0.46844
14010 0.659915 0.468392
14011 0.659969 0.468331
14012 0.660018 0.46826
14013 0.660047 0.468197
14014 0.660065 0.468153
14015 0.660073 0.468128
14016 0.660072 0.468118
14017 0.660072 0.468093
14018 0.660071 0.468056
14019 0.660071 0.468006
14020 0.66007 0.467946
14021 0.66007 0.467876
14022 0.66007 0.467798
14023 0.660061 0.467741
14024 0.660046 0.467703
14025 0.660024 0.467682
14026 0.659997 0.467677
14027 0.659968 0.467685
14028 0.659935 0.467672
14029 0.659901 0.467699
14030 0.659874 0.467735
14031 0.659882 0.467801
14032 0.659892 0.467921
14033 0.659906 0.467972
14034 0.659948 0.468005
14035 0.659995 0.467991
14036 0.660055 0.467961
14037 0.660109 0.467917
14038 0.660158 0.467862
14039 0.660202 0.467798
14040 0.660233 0.467753
14041 0.660254 0.467726
14042 0.660265 0.467715
14043 0.660267 0.467719
14044 0.660261 0.467737
14045 0.660248 0.467766
14046 0.660229 0.467805
14047 0.660211 0.467825
14048 0.660196 0.467828
14049 0.660181 0.467815
14050 0.660169 0.467787
14051 0.660157 0.467746
14052 0.660147 0.467694
14053 0.660137 0.467632
14054 0.660129 0.46756
14055 0.660121 0.467479
14056 0.660107 0.467421
14057 0.660086 0.467381
14058 0.660059 0.467359
14059 0.660027 0.467353
14060 0.659991 0.467361
14061 0.659985 0.467372
14062 0.659977 0.467397
14063 0.659999 0.467432
14064 0.660037 0.467441
14065 0.660071 0.467433
14066 0.660101 0.467411
14067 0.660129 0.467375
14068 0.660153 0.467327
14069 0.660175 0.467268
14070 0.660195 0.4672
14071 0.660213 0.467122
14072 0.660229 0.467037
14073 0.660243 0.466944
14074 0.660256 0.466846
14075 0.66026 0.46677
14076 0.660255 0.466716
14077 0.660251 0.466651
14078 0.660248 0.466578
14079 0.660245 0.466496
14080 0.660242 0.466406
14081 0.660239 0.46631
14082 0.660229 0.466237
14083 0.660211 0.466185
14084 0.660188 0.466152
14085 0.660159 0.466135
14086 0.660133 0.466104
14087 0.660102 0.46609
14088 0.660066 0.466091
14089 0.660033 0.466076
14090 0.660004 0.466047
14091 0.659977 0.466005
14092 0.659956 0.465924
14093 0.659937 0.465836
14094 0.659925 0.465729
14095 0.65991 0.465643
14096 0.659894 0.465621
14097 0.659904 0.46567
14098 0.659919 0.46571
14099 0.659952 0.465744
14100 0.65999 0.465787
14101 0.66007 0.465854
14102 0.660143 0.465898
14103 0.660208 0.465922
14104 0.660267 0.465928
14105 0.66032 0.465918
14106 0.660368 0.465893
14107 0.660411 0.465854
14108 0.66045 0.465804
14109 0.660477 0.465773
14110 0.660494 0.465758
14111 0.6605 0.465758
14112 0.660499 0.465771
14113 0.660482 0.465783
14114 0.660466 0.465778
14115 0.660453 0.465758
14116 0.66044 0.465725
14117 0.660414 0.465694
14118 0.660374 0.465667
14119 0.66033 0.465656
14120 0.660283 0.465659
14121 0.660233 0.465675
14122 0.660179 0.465703
14123 0.660123 0.465742
14124 0.660073 0.465761
14125 0.660027 0.465763
14126 0.659986 0.465748
14127 0.659956 0.465711
14128 0.659964 0.465693
14129 0.659986 0.465685
14130 0.660019 0.465666
14131 0.660041 0.465663
14132 0.660053 0.465674
14133 0.660055 0.465697
14134 0.660058 0.465702
14135 0.66006 0.465691
14136 0.660062 0.465665
14137 0.660063 0.465626
14138 0.660065 0.465576
14139 0.660066 0.465515
14140 0.660067 0.465445
14141 0.660068 0.465365
14142 0.660069 0.465279
14143 0.660062 0.465214
14144 0.660047 0.465169
14145 0.660026 0.465142
14146 0.659999 0.465131
14147 0.659969 0.465161
14148 0.659941 0.465189
14149 0.65992 0.46525
14150 0.65993 0.465269
14151 0.659939 0.465274
14152 0.659949 0.465312
14153 0.659986 0.465331
14154 0.660024 0.465319
14155 0.66005 0.465322
14156 0.660065 0.465339
14157 0.660071 0.465367
14158 0.660068 0.465405
14159 0.660058 0.465454
14160 0.66004 0.465511
14161 0.660016 0.465575
14162 0.659995 0.465618
14163 0.659986 0.465645
14164 0.660004 0.465728
14165 0.660012 0.465817
14166 0.660019 0.46588
14167 0.660025 0.465922
14168 0.660031 0.465944
14169 0.66002 0.465964
14170 0.659995 0.465981
14171 0.659965 0.465993
14172 0.659925 0.465949
14173 0.659893 0.465919
14174 0.659858 0.465866
14175 0.659823 0.46587
14176 0.659817 0.465877
14177 0.659813 0.465901
14178 0.659797 0.465997
14179 0.659786 0.46605
14180 0.659781 0.466094
14181 0.659791 0.466192
14182 0.659835 0.466249
14183 0.659879 0.466304
14184 0.659923 0.466338
14185 0.659984 0.466335
14186 0.660044 0.466292
14187 0.660098 0.466238
14188 0.660131 0.466189
14189 0.660153 0.466158
14190 0.660165 0.466144
14191 0.660167 0.466144
14192 0.660162 0.466158
14193 0.660149 0.466185
14194 0.660137 0.466193
14195 0.660126 0.466184
14196 0.660117 0.466161
14197 0.660108 0.466124
14198 0.660101 0.466076
14199 0.660086 0.466045
14200 0.660065 0.466032
14201 0.660037 0.466033
14202 0.660005 0.466047
14203 0.659976 0.466044
14204 0.65996 0.466031
14205 0.659997 0.466087
14206 0.660037 0.466124
14207 0.660073 0.466142
14208 0.660105 0.466142
14209 0.660135 0.466127
14210 0.660169 0.466127
14211 0.660207 0.46614
14212 0.660242 0.466136
14213 0.660274 0.466117
14214 0.660302 0.466085
14215 0.660335 0.466069
14216 0.660373 0.466068
14217 0.660414 0.466081
14218 0.660452 0.466078
14219 0.660485 0.466058
14220 0.660516 0.466026
14221 0.660543 0.465981
14222 0.66056 0.465954
14223 0.660568 0.465942
14224 0.660566 0.465946
14225 0.660557 0.465963
14226 0.660541 0.465991
14227 0.660526 0.466001
14228 0.660513 0.465994
14229 0.660502 0.465972
14230 0.660492 0.465937
14231 0.660483 0.46589
14232 0.660475 0.465832
14233 0.660459 0.465793
14234 0.660438 0.465772
14235 0.66041 0.465766
14236 0.660378 0.465774
14237 0.660348 0.465766
14238 0.660322 0.465743
14239 0.660298 0.465706
14240 0.660277 0.465658
14241 0.66025 0.465628
14242 0.660218 0.465614
14243 0.66018 0.465615
14244 0.660147 0.4656
14245 0.660117 0.465571
14246 0.66009 0.46553
14247 0.660057 0.465506
14248 0.66002 0.465497
14249 0.659979 0.465503
14250 0.659947 0.465506
14251 0.659933 0.46551
14252 0.659906 0.465513
14253 0.659889 0.465535
14254 0.659874 0.465541
14255 0.659875 0.46554
14256 0.659886 0.465481
14257 0.659905 0.465441
14258 0.659937 0.46542
14259 0.659988 0.465396
14260 0.660053 0.465426
14261 0.660118 0.465466
14262 0.660184 0.465517
14263 0.660252 0.465576
14264 0.660321 0.465643
14265 0.66039 0.465717
14266 0.660461 0.465797
14267 0.660532 0.465883
14268 0.660604 0.465974
14269 0.660677 0.46607
14270 0.66075 0.46617
14271 0.660823 0.466274
14272 0.660898 0.466381
14273 0.660964 0.466462
14274 0.661025 0.466519
14275 0.661079 0.466554
14276 0.661129 0.46657
14277 0.661173 0.466569
14278 0.661214 0.466552
14279 0.66125 0.466521
14280 0.661284 0.466477
14281 0.661321 0.466451
14282 0.661363 0.466442
14283 0.661408 0.466448
14284 0.661448 0.466437
14285 0.661485 0.466412
14286 0.661526 0.466402
14287 0.661571 0.466408
14288 0.661618 0.466427
14289 0.661668 0.466458
14290 0.661721 0.466499
14291 0.661776 0.46655
14292 0.661833 0.46661
14293 0.661892 0.466678
14294 0.661929 0.466738
14295 0.661947 0.466793
14296 0.661947 0.466842
14297 0.661955 0.4669
14298 0.661969 0.466966
14299 0.661983 0.46701
14300 0.662002 0.467063
14301 0.662004 0.467111
14302 0.662006 0.467139
14303 0.662008 0.467148
14304 0.662017 0.46717
14305 0.662026 0.467174
14306 0.662041 0.467192
14307 0.662062 0.467222
14308 0.662088 0.467262
14309 0.662112 0.467283
14310 0.662134 0.467286
14311 0.662154 0.467274
14312 0.662173 0.467247
14313 0.66219 0.467207
14314 0.662206 0.467155
14315 0.662221 0.467093
14316 0.662235 0.467022
14317 0.662248 0.466942
14318 0.662267 0.466884
14319 0.662292 0.466845
14320 0.662322 0.466824
14321 0.662355 0.46682
14322 0.662394 0.466829
14323 0.662435 0.466852
14324 0.66248 0.466886
14325 0.662528 0.46693
14326 0.662572 0.466955
14327 0.662611 0.466961
14328 0.662648 0.466951
14329 0.662681 0.466926
14330 0.662712 0.466888
14331 0.662747 0.466868
14332 0.662786 0.466863
14333 0.662828 0.466873
14334 0.662874 0.466896
14335 0.662922 0.46693
14336 0.662972 0.466975
14337 0.663025 0.46703
14338 0.66308 0.467093
14339 0.663136 0.467163
14340 0.663171 0.467227
14341 0.663187 0.467284
14342 0.663186 0.467336
14343 0.663169 0.467382
14344 0.663138 0.467425
14345 0.663095 0.467463
14346 0.663041 0.467497
14347 0.662999 0.467543
14348 0.662968 0.467597
14349 0.662947 0.46766
14350 0.662935 0.467731
14351 0.662932 0.467809
14352 0.662936 0.467893
14353 0.662946 0.467982
14354 0.662962 0.468077
14355 0.662983 0.468177
14356 0.66301 0.46828
14357 0.663018 0.468374
14358 0.663009 0.468458
14359 0.662986 0.468535
14360 0.662949 0.468604
14361 0.662901 0.468668
14362 0.662841 0.468725
14363 0.662772 0.468777
14364 0.662717 0.468838
14365 0.662674 0.468907
14366 0.662642 0.468983
14367 0.662619 0.469066
14368 0.662606 0.469154
14369 0.662595 0.469218
14370 0.662585 0.46926
14371 0.662577 0.469282
14372 0.662571 0.469286
14373 0.662566 0.469275
14374 0.662568 0.469278
14375 0.662576 0.469296
14376 0.662591 0.469325
14377 0.662611 0.469366
14378 0.662635 0.469417
14379 0.662664 0.469477
14380 0.662697 0.469545
14381 0.662727 0.469591
14382 0.662755 0.469616
14383 0.662787 0.469653
14384 0.662823 0.4697
14385 0.662861 0.469757
14386 0.662903 0.469823
14387 0.662948 0.469896
14388 0.662995 0.469975
14389 0.663044 0.470062
14390 0.663095 0.470153
14391 0.663141 0.47022
14392 0.663184 0.470264
14393 0.663223 0.470288
14394 0.663259 0.470295
14395 0.663292 0.470285
14396 0.663323 0.47026
14397 0.663357 0.470252
14398 0.663395 0.470259
14399 0.663413 0.470266
14400 0.663414 0.470272
14401 0.663399 0.470279
14402 0.66337 0.470286
14403 0.663328 0.470293
14404 0.663275 0.4703
14405 0.663234 0.470321
14406 0.663204 0.470353
14407 0.663184 0.470396
14408 0.663172 0.47045
14409 0.663169 0.470511
14410 0.663172 0.470581
14411 0.663182 0.470659
14412 0.663198 0.470742
14413 0.663219 0.470831
14414 0.663245 0.470926
14415 0.663275 0.471025
14416 0.663286 0.471116
14417 0.663281 0.471198
14418 0.66326 0.471273
14419 0.663226 0.471342
14420 0.663202 0.471418
14421 0.663187 0.4715
14422 0.66318 0.471589
14423 0.66318 0.471683
14424 0.663181 0.471752
14425 0.663183 0.471798
14426 0.663185 0.471824
14427 0.663188 0.471832
14428 0.663191 0.471824
14429 0.663195 0.4718
14430 0.663199 0.471764
14431 0.663203 0.471715
14432 0.663208 0.471656
14433 0.663213 0.471587
14434 0.663218 0.471509
14435 0.663229 0.471453
14436 0.663246 0.471417
14437 0.663267 0.471399
14438 0.663293 0.471397
14439 0.663323 0.47141
14440 0.663357 0.471435
14441 0.663394 0.471473
14442 0.663434 0.47152
14443 0.663476 0.471578
14444 0.663521 0.471644
14445 0.663568 0.471718
14446 0.663617 0.471798
14447 0.663668 0.471885
14448 0.66372 0.471978
14449 0.663773 0.472076
14450 0.663828 0.472178
14451 0.663878 0.472254
14452 0.663924 0.472307
14453 0.663966 0.472339
14454 0.664005 0.472352
14455 0.664042 0.472348
14456 0.664075 0.472329
14457 0.664107 0.472296
14458 0.664141 0.47228
14459 0.664179 0.472281
14460 0.664219 0.472296
14461 0.664262 0.472323
14462 0.664307 0.472362
14463 0.664354 0.472412
14464 0.664403 0.472471
14465 0.664453 0.472538
14466 0.664505 0.472613
14467 0.664536 0.472681
14468 0.664549 0.472744
14469 0.664544 0.472802
14470 0.664541 0.472838
14471 0.66454 0.472855
14472 0.66454 0.472854
14473 0.66454 0.472839
14474 0.664542 0.472809
14475 0.664545 0.472766
14476 0.664549 0.472712
14477 0.664559 0.472678
14478 0.664574 0.472662
14479 0.664594 0.472661
14480 0.664618 0.472675
14481 0.664647 0.472702
14482 0.664673 0.472711
14483 0.664699 0.472703
14484 0.664722 0.47268
14485 0.66475 0.472674
14486 0.664781 0.472683
14487 0.664816 0.472705
14488 0.664853 0.47274
14489 0.664893 0.472785
14490 0.664935 0.47284
14491 0.664979 0.472905
14492 0.665026 0.472977
14493 0.665051 0.473043
14494 0.665059 0.473104
14495 0.665067 0.473142
14496 0.665076 0.473162
14497 0.665084 0.473164
14498 0.665094 0.47315
14499 0.665108 0.473151
14500 0.665127 0.473167
14501 0.665151 0.473196
14502 0.665178 0.473237
14503 0.665208 0.473288
14504 0.66522 0.473335
14505 0.665215 0.473378
14506 0.665217 0.473431
14507 0.665225 0.473494
14508 0.665237 0.473565
14509 0.665233 0.47363
14510 0.665214 0.473689
14511 0.665181 0.473744
14512 0.665136 0.473795
14513 0.665097 0.473825
14514 0.665062 0.473836
14515 0.665037 0.47386
14516 0.665021 0.473897
14517 0.665012 0.473945
14518 0.665011 0.474002
14519 0.665015 0.474068
14520 0.665025 0.474141
14521 0.66504 0.474222
14522 0.665059 0.474309
14523 0.665083 0.474402
14524 0.66511 0.4745
14525 0.665141 0.474603
14526 0.665174 0.47471
14527 0.66521 0.474821
14528 0.665227 0.474922
14529 0.665227 0.475014
14530 0.665211 0.475098
14531 0.665181 0.475176
14532 0.665138 0.475246
14533 0.665084 0.475312
14534 0.66502 0.475372
14535 0.664947 0.475427
14536 0.664865 0.475479
14537 0.664798 0.475539
14538 0.664743 0.475609
14539 0.664699 0.475685
14540 0.664661 0.475739
14541 0.664628 0.475771
14542 0.6646 0.475785
14543 0.664575 0.475782
14544 0.664559 0.475793
14545 0.66455 0.475818
14546 0.664548 0.475855
14547 0.664547 0.475873
14548 0.664547 0.475873
14549 0.664548 0.475857
14550 0.664551 0.475828
14551 0.664554 0.475786
14552 0.664563 0.475762
14553 0.664576 0.475756
14554 0.664595 0.475765
14555 0.664617 0.475787
14556 0.664643 0.475822
14557 0.664672 0.475868
14558 0.664704 0.475924
14559 0.664738 0.475989
14560 0.664775 0.476063
14561 0.664815 0.476143
14562 0.664855 0.47623
14563 0.664898 0.476323
14564 0.664942 0.476422
14565 0.664987 0.476525
14566 0.665034 0.476633
14567 0.665081 0.476744
14568 0.66513 0.476859
14569 0.665158 0.476964
14570 0.665189 0.477073
14571 0.665201 0.477173
14572 0.665218 0.477278
14573 0.665238 0.477387
14574 0.665262 0.477499
14575 0.66529 0.477615
14576 0.66532 0.477734
14577 0.665353 0.477856
14578 0.665368 0.477967
14579 0.665365 0.478069
14580 0.665347 0.478163
14581 0.665315 0.478249
14582 0.66527 0.478328
14583 0.665232 0.478384
14584 0.665199 0.478419
14585 0.665174 0.478464
14586 0.665158 0.47852
14587 0.665149 0.478585
14588 0.665146 0.478658
14589 0.665149 0.478738
14590 0.665158 0.478825
14591 0.665171 0.478918
14592 0.665189 0.479016
14593 0.665206 0.479089
14594 0.665223 0.479139
14595 0.665239 0.479168
14596 0.665255 0.479179
14597 0.665271 0.479173
14598 0.665287 0.479151
14599 0.665302 0.479116
14600 0.665322 0.4791
14601 0.665345 0.479099
14602 0.665372 0.479114
14603 0.665402 0.479141
14604 0.66543 0.479151
14605 0.665457 0.479143
14606 0.665482 0.479121
14607 0.665506 0.479085
14608 0.665529 0.479037
14609 0.665556 0.479009
14610 0.665585 0.478998
14611 0.665617 0.479003
14612 0.665631 0.479009
14613 0.665627 0.479017
14614 0.665608 0.479025
14615 0.665575 0.479035
14616 0.665552 0.479058
14617 0.665536 0.479094
14618 0.665506 0.479128
14619 0.665463 0.47916
14620 0.66541 0.479191
14621 0.665346 0.47922
14622 0.665273 0.479249
14623 0.665191 0.479277
14624 0.665103 0.479303
14625 0.665024 0.479312
14626 0.664959 0.479334
14627 0.664905 0.479369
14628 0.664862 0.479415
14629 0.664829 0.479471
14630 0.664805 0.479537
14631 0.664788 0.47961
14632 0.664774 0.479661
14633 0.664762 0.479691
14634 0.664753 0.479702
14635 0.66475 0.479727
14636 0.664753 0.479764
14637 0.664761 0.479813
14638 0.664773 0.479871
14639 0.664789 0.479938
14640 0.664809 0.480014
14641 0.664832 0.480097
14642 0.664859 0.480186
14643 0.664888 0.480282
14644 0.664919 0.480383
14645 0.664953 0.480489
14646 0.664988 0.480599
14647 0.665026 0.480714
14648 0.665064 0.480831
14649 0.665104 0.480952
14650 0.665142 0.481045
14651 0.665177 0.481113
14652 0.66521 0.481159
14653 0.66524 0.481184
14654 0.66527 0.481191
14655 0.665297 0.481181
14656 0.665323 0.481157
14657 0.665348 0.48112
14658 0.665372 0.48107
14659 0.665378 0.481028
14660 0.665388 0.481005
14661 0.665402 0.480999
14662 0.66542 0.481009
14663 0.665441 0.481032
14664 0.665465 0.481068
14665 0.665487 0.481085
14666 0.665509 0.481085
14667 0.66553 0.481069
14668 0.665551 0.481038
14669 0.665571 0.480996
14670 0.66559 0.480942
14671 0.665591 0.480895
14672 0.665577 0.480855
14673 0.665549 0.480821
14674 0.665525 0.480776
14675 0.665505 0.480719
14676 0.665489 0.480652
14677 0.665475 0.480576
14678 0.665467 0.480523
14679 0.665462 0.480459
14680 0.665458 0.480386
14681 0.66546 0.480336
14682 0.665463 0.480275
14683 0.665467 0.480204
14684 0.665472 0.480124
14685 0.665478 0.480037
14686 0.665488 0.479974
14687 0.665502 0.479932
14688 0.665519 0.479909
14689 0.665539 0.479904
14690 0.665562 0.479914
14691 0.665587 0.479938
14692 0.665615 0.479975
14693 0.665641 0.479992
14694 0.665666 0.479992
14695 0.66569 0.479976
14696 0.665713 0.479947
14697 0.665735 0.479904
14698 0.665756 0.47985
14699 0.665776 0.479786
14700 0.665796 0.479713
14701 0.665815 0.479632
14702 0.665834 0.479543
14703 0.665852 0.479447
14704 0.665874 0.479376
14705 0.665897 0.479327
14706 0.665923 0.479298
14707 0.665951 0.479286
14708 0.66596 0.479278
14709 0.665953 0.479272
14710 0.665932 0.479269
14711 0.665896 0.479268
14712 0.665849 0.479269
14713 0.665808 0.479254
14714 0.665772 0.479225
14715 0.665741 0.479183
14716 0.665715 0.47913
14717 0.665693 0.479066
14718 0.665675 0.478993
14719 0.665642 0.47893
14720 0.665618 0.478887
14721 0.6656 0.478864
14722 0.665589 0.478859
14723 0.665583 0.478869
14724 0.665563 0.478879
14725 0.665549 0.478904
14726 0.665541 0.478941
14727 0.665538 0.47899
14728 0.665537 0.479018
14729 0.665537 0.479028
14730 0.665539 0.479021
14731 0.665541 0.478999
14732 0.665545 0.478963
14733 0.66555 0.478915
14734 0.665555 0.478857
14735 0.665564 0.478819
14736 0.665577 0.4788
14737 0.665593 0.478799
14738 0.665612 0.478813
14739 0.665633 0.47884
14740 0.665656 0.47888
14741 0.665682 0.478932
14742 0.665709 0.478993
14743 0.665737 0.479063
14744 0.665764 0.479111
14745 0.66579 0.479138
14746 0.665815 0.479147
14747 0.665838 0.479139
14748 0.665861 0.479116
14749 0.665882 0.47908
14750 0.665903 0.479032
14751 0.665923 0.478973
14752 0.665943 0.478904
14753 0.665962 0.478826
14754 0.665981 0.47874
14755 0.666002 0.478678
14756 0.666025 0.478638
14757 0.66605 0.478616
14758 0.666077 0.478613
14759 0.666105 0.478625
14760 0.666135 0.478651
14761 0.666166 0.478689
14762 0.666198 0.47874
14763 0.666231 0.4788
14764 0.666264 0.47887
14765 0.666296 0.478916
14766 0.666326 0.478943
14767 0.666355 0.478951
14768 0.666383 0.478943
14769 0.666409 0.47892
14770 0.666437 0.478915
14771 0.666465 0.478925
14772 0.666495 0.478949
14773 0.666506 0.478973
14774 0.666501 0.478996
14775 0.66648 0.47902
14776 0.666446 0.479042
14777 0.6664 0.479065
14778 0.666362 0.4791
14779 0.666332 0.479147
14780 0.666309 0.479205
14781 0.666272 0.479259
14782 0.666224 0.47931
14783 0.666164 0.479357
14784 0.666096 0.479402
14785 0.666035 0.479427
14786 0.665983 0.479434
14787 0.665937 0.479424
14788 0.665897 0.4794
14789 0.665862 0.479363
14790 0.665835 0.479345
14791 0.665813 0.479344
14792 0.665796 0.479327
14793 0.665764 0.479314
14794 0.66572 0.479305
14795 0.665666 0.479298
14796 0.665601 0.479295
14797 0.665527 0.479294
14798 0.665445 0.479295
14799 0.665355 0.479298
14800 0.665259 0.479303
14801 0.665158 0.47931
14802 0.665051 0.479318
14803 0.664939 0.479327
14804 0.664839 0.47932
14805 0.664751 0.479298
14806 0.664672 0.479263
14807 0.664603 0.479216
14808 0.664544 0.479189
14809 0.664494 0.479179
14810 0.664452 0.479186
14811 0.664417 0.479208
14812 0.664389 0.479242
14813 0.664349 0.479275
14814 0.664297 0.479307
14815 0.664235 0.479338
14816 0.664164 0.479368
14817 0.6641 0.479379
14818 0.664044 0.479373
14819 0.663997 0.479384
14820 0.663958 0.479408
14821 0.663923 0.479415
14822 0.663895 0.479436
14823 0.663873 0.47947
14824 0.663857 0.479516
14825 0.663845 0.479573
14826 0.663819 0.479626
14827 0.66378 0.479676
14828 0.663729 0.479723
14829 0.663668 0.479767
14830 0.663597 0.479809
14831 0.663519 0.479849
14832 0.663451 0.4799
14833 0.663393 0.479962
14834 0.663344 0.480032
14835 0.663302 0.480111
14836 0.663266 0.480167
14837 0.663237 0.480232
14838 0.663211 0.480275
14839 0.663191 0.480329
14840 0.663173 0.480362
14841 0.66316 0.480407
14842 0.663152 0.480463
14843 0.663145 0.480498
14844 0.663142 0.480544
14845 0.663142 0.480602
14846 0.663145 0.480669
14847 0.663151 0.480745
14848 0.663159 0.480828
14849 0.663167 0.480888
14850 0.663175 0.480925
14851 0.663183 0.480944
14852 0.663191 0.480945
14853 0.663199 0.48093
14854 0.663207 0.4809
14855 0.663214 0.480858
14856 0.663222 0.480805
14857 0.66323 0.48074
14858 0.663238 0.480667
14859 0.663247 0.480616
14860 0.663259 0.480587
14861 0.663273 0.480575
14862 0.663288 0.480581
14863 0.663304 0.480601
14864 0.66332 0.480603
14865 0.663334 0.48059
14866 0.663349 0.480562
14867 0.663362 0.480521
14868 0.663375 0.480469
14869 0.663387 0.480406
14870 0.663399 0.480334
14871 0.663395 0.480271
14872 0.663393 0.48023
14873 0.663394 0.480208
14874 0.663398 0.480204
14875 0.663404 0.480216
14876 0.663394 0.480229
14877 0.663369 0.480243
14878 0.663348 0.480239
14879 0.663329 0.480221
14880 0.663314 0.480188
14881 0.6633 0.480143
14882 0.663291 0.480118
14883 0.663283 0.48008
14884 0.663276 0.480031
14885 0.663271 0.47997
14886 0.663268 0.4799
14887 0.663265 0.479821
14888 0.663264 0.479735
14889 0.663264 0.479641
14890 0.663264 0.479541
14891 0.663266 0.479467
14892 0.663271 0.479415
14893 0.663276 0.479354
14894 0.663281 0.479282
14895 0.663287 0.479202
14896 0.663292 0.479114
14897 0.6633 0.479051
14898 0.663309 0.47901
14899 0.663319 0.478988
14900 0.66333 0.478984
14901 0.663342 0.478996
14902 0.663353 0.478991
14903 0.663365 0.478971
14904 0.663376 0.478937
14905 0.663387 0.478891
14906 0.663397 0.478834
14907 0.663408 0.478767
14908 0.663418 0.47869
14909 0.663429 0.478637
14910 0.663441 0.478605
14911 0.663454 0.478592
14912 0.663468 0.478596
14913 0.663482 0.478615
14914 0.663497 0.478648
14915 0.663512 0.478693
14916 0.663528 0.47875
14917 0.663544 0.478816
14918 0.663561 0.478892
14919 0.663577 0.478975
14920 0.663594 0.479066
14921 0.663611 0.479164
14922 0.663628 0.479267
14923 0.663646 0.479376
14924 0.663662 0.479458
14925 0.663678 0.479517
14926 0.663693 0.479553
14927 0.663707 0.479571
14928 0.663721 0.47957
14929 0.663735 0.479555
14930 0.663749 0.479556
14931 0.663763 0.479573
14932 0.663778 0.479604
14933 0.663792 0.479647
14934 0.663808 0.479702
14935 0.663822 0.479736
14936 0.663836 0.47975
14937 0.66385 0.479748
14938 0.663863 0.479729
14939 0.663859 0.479715
14940 0.66384 0.479705
14941 0.663825 0.479711
14942 0.663813 0.479732
14943 0.663803 0.479767
14944 0.663795 0.479782
14945 0.663789 0.479781
14946 0.663785 0.479763
14947 0.663782 0.479732
14948 0.66378 0.479689
14949 0.663779 0.479634
14950 0.66378 0.479568
14951 0.663781 0.479494
14952 0.663783 0.479412
14953 0.663786 0.479322
14954 0.66379 0.479256
14955 0.663795 0.479213
14956 0.663801 0.47919
14957 0.663807 0.479185
14958 0.663815 0.479196
14959 0.663823 0.479221
14960 0.663832 0.47926
14961 0.663841 0.47931
14962 0.66385 0.479371
14963 0.66386 0.479442
14964 0.66387 0.479521
14965 0.66388 0.479577
14966 0.663891 0.479611
14967 0.663901 0.479627
14968 0.663911 0.479656
14969 0.663921 0.479698
14970 0.663932 0.479752
14971 0.663943 0.479816
14972 0.663954 0.479889
14973 0.663965 0.479971
14974 0.663976 0.48006
14975 0.663988 0.480156
14976 0.663982 0.480244
14977 0.663962 0.480326
14978 0.663928 0.480402
14979 0.663899 0.480455
14980 0.663873 0.480486
14981 0.663834 0.480517
14982 0.663801 0.480561
14983 0.663772 0.480616
14984 0.663746 0.480681
14985 0.663725 0.480755
14986 0.663706 0.480837
14987 0.66369 0.480896
14988 0.663677 0.480933
14989 0.663666 0.48095
14990 0.663657 0.480951
14991 0.66365 0.480935
14992 0.663644 0.480906
14993 0.66364 0.480863
14994 0.663637 0.48081
14995 0.663636 0.480746
14996 0.663635 0.480673
14997 0.663636 0.480591
14998 0.663637 0.480502
14999 0.663639 0.480437
15000 0.663642 0.480364
