14000 0.875654 0.609052
14001 0.875641 0.60902
14002 0.87564 0.609004
14003 0.875647 0.609002
14004 0.875664 0.609012
14005 0.875688 0.609034
14006 0.87572 0.609066
14007 0.875735 0.609087
14008 0.875735 0.609097
14009 0.875721 0.609099
14010 0.875696 0.609093
14011 0.875659 0.60908
14012 0.875613 0.60906
14013 0.875572 0.609026
14014 0.875535 0.60898
14015 0.875512 0.608952
14016 0.8755 0.608938
14017 0.8755 0.608938
14018 0.875508 0.608951
14019 0.875526 0.608974
14020 0.875551 0.609008
14021 0.875583 0.609051
14022 0.875621 0.609102
14023 0.875656 0.609132
14024 0.875688 0.609143
14025 0.875718 0.609138
14026 0.875745 0.609118
14027 0.875756 0.609092
14028 0.875752 0.609061
14029 0.875736 0.609025
14030 0.875707 0.608984
14031 0.875668 0.608955
14032 0.875619 0.608937
14033 0.875562 0.608928
14034 0.87552 0.608932
14035 0.875491 0.608948
14036 0.875474 0.608976
14037 0.875469 0.609012
14038 0.875473 0.609058
14039 0.875464 0.609106
14040 0.875441 0.609158
14041 0.875408 0.609211
14042 0.875393 0.609258
14043 0.875395 0.609298
14044 0.875412 0.609333
14045 0.875443 0.609362
14046 0.875458 0.609396
14047 0.875457 0.609435
14048 0.875443 0.609477
14049 0.875431 0.609499
14050 0.87542 0.609504
14051 0.875412 0.609492
14052 0.875404 0.609466
14053 0.875398 0.609427
14054 0.875393 0.609377
14055 0.875389 0.609316
14056 0.875386 0.609245
14057 0.87537 0.609189
14058 0.875342 0.609147
14059 0.875303 0.609116
14060 0.875254 0.609095
14061 0.875211 0.609062
14062 0.875173 0.609016
14063 0.875139 0.608959
14064 0.875117 0.60892
14065 0.875107 0.608898
14066 0.875108 0.60889
14067 0.875118 0.608896
14068 0.875136 0.608913
14069 0.875162 0.608941
14070 0.875195 0.608979
14071 0.875234 0.609026
14072 0.875278 0.60908
14073 0.875327 0.609141
14074 0.875381 0.609209
14075 0.875439 0.609283
14076 0.8755 0.609361
14077 0.875556 0.609416
14078 0.875607 0.60945
14079 0.875653 0.609465
14080 0.875682 0.609471
14081 0.875694 0.609468
14082 0.875691 0.609458
14083 0.875698 0.609461
14084 0.875713 0.609477
14085 0.875736 0.609503
14086 0.875766 0.60954
14087 0.87578 0.60958
14088 0.875778 0.609624
14089 0.875764 0.609672
14090 0.875737 0.609722
14091 0.875699 0.609775
14092 0.875666 0.609807
14093 0.875637 0.609821
14094 0.875611 0.609818
14095 0.875589 0.609799
14096 0.875569 0.609767
14097 0.875561 0.60975
14098 0.875562 0.609748
14099 0.875565 0.60973
14100 0.875567 0.609699
14101 0.875579 0.609683
14102 0.875599 0.609681
14103 0.875626 0.609692
14104 0.875659 0.609715
14105 0.875699 0.609748
14106 0.875743 0.60979
14107 0.875793 0.60984
14108 0.875847 0.609898
14109 0.875881 0.609942
14110 0.875899 0.609974
14111 0.875902 0.609995
14112 0.875891 0.610007
14113 0.875867 0.610009
14114 0.875832 0.610004
14115 0.87581 0.610012
14116 0.875799 0.610031
14117 0.875799 0.610061
14118 0.875799 0.610073
14119 0.875786 0.610075
14120 0.87576 0.61007
14121 0.875746 0.610078
14122 0.875743 0.610098
14123 0.875727 0.610108
14124 0.875698 0.610109
14125 0.875659 0.610103
14126 0.87561 0.610089
14127 0.875576 0.610089
14128 0.875554 0.610102
14129 0.875543 0.610127
14130 0.87552 0.610141
14131 0.875485 0.610146
14132 0.875441 0.610143
14133 0.875387 0.610132
14134 0.875347 0.610136
14135 0.875321 0.610151
14136 0.875306 0.610178
14137 0.875302 0.610215
14138 0.875307 0.610261
14139 0.875313 0.610287
14140 0.875327 0.610323
14141 0.87534 0.610339
14142 0.875352 0.610339
14143 0.875364 0.610323
14144 0.875376 0.610293
14145 0.875387 0.61025
14146 0.875397 0.610196
14147 0.875416 0.610161
14148 0.875441 0.610141
14149 0.875473 0.610136
14150 0.875489 0.610124
14151 0.875489 0.610106
14152 0.875475 0.610082
14153 0.875472 0.610073
14154 0.87547 0.610049
14155 0.875469 0.610012
14156 0.875469 0.609963
14157 0.875478 0.609932
14158 0.875494 0.609916
14159 0.875519 0.609915
14160 0.87555 0.609927
14161 0.875587 0.60995
14162 0.875629 0.609984
14163 0.875668 0.609998
14164 0.875703 0.609996
14165 0.875736 0.609978
14166 0.875766 0.609947
14167 0.875803 0.609931
14168 0.875845 0.609929
14169 0.875892 0.609941
14170 0.875943 0.609963
14171 0.875999 0.609996
14172 0.876058 0.610038
14173 0.876112 0.610061
14174 0.876161 0.610065
14175 0.876207 0.610054
14176 0.876248 0.610028
14177 0.876287 0.609989
14178 0.876308 0.609962
14179 0.876313 0.609946
14180 0.876328 0.609944
14181 0.876327 0.609949
14182 0.876313 0.609962
14183 0.876287 0.609982
14184 0.87625 0.610007
14185 0.876203 0.610038
14186 0.87617 0.610078
14187 0.876127 0.610106
14188 0.876075 0.610124
14189 0.876014 0.610133
14190 0.87596 0.610125
14191 0.875921 0.61013
14192 0.875887 0.610119
14193 0.875857 0.610094
14194 0.875839 0.610083
14195 0.875832 0.610086
14196 0.875836 0.610102
14197 0.875848 0.610128
14198 0.875869 0.610164
14199 0.875897 0.610208
14200 0.875932 0.610261
14201 0.875973 0.610321
14202 0.875996 0.610367
14203 0.876017 0.610393
14204 0.876038 0.610401
14205 0.876056 0.610392
14206 0.876074 0.610369
14207 0.876091 0.610333
14208 0.876116 0.610312
14209 0.876148 0.610306
14210 0.876185 0.610313
14211 0.876229 0.610332
14212 0.876269 0.610333
14213 0.876306 0.610319
14214 0.87634 0.61029
14215 0.87638 0.610277
14216 0.876426 0.610277
14217 0.876453 0.610285
14218 0.876464 0.6103
14219 0.876461 0.610322
14220 0.876444 0.610348
14221 0.876415 0.61038
14222 0.876376 0.610417
14223 0.876327 0.610457
14224 0.876284 0.610478
14225 0.876246 0.610481
14226 0.876213 0.610468
14227 0.876184 0.610441
14228 0.876159 0.610402
14229 0.876137 0.61035
14230 0.876127 0.610317
14231 0.876126 0.610299
14232 0.876135 0.610296
14233 0.876153 0.610305
14234 0.876178 0.610327
14235 0.876201 0.61033
14236 0.876223 0.610318
14237 0.876243 0.610291
14238 0.876263 0.610251
14239 0.876289 0.610228
14240 0.876322 0.61022
14241 0.876362 0.610225
14242 0.876406 0.610242
14243 0.876455 0.61027
14244 0.876486 0.610288
14245 0.876501 0.610295
14246 0.8765 0.610294
14247 0.876486 0.610286
14248 0.87646 0.610286
14249 0.876423 0.610294
14250 0.876376 0.610308
14251 0.876321 0.610329
14252 0.876257 0.610356
14253 0.876186 0.610372
14254 0.876109 0.610379
14255 0.876041 0.61037
14256 0.87598 0.610346
14257 0.875926 0.610309
14258 0.875887 0.610288
14259 0.875861 0.610282
14260 0.875846 0.610289
14261 0.875842 0.610308
14262 0.875848 0.610338
14263 0.875863 0.610377
14264 0.875885 0.610425
14265 0.875905 0.610453
14266 0.875925 0.610462
14267 0.875944 0.610455
14268 0.875961 0.610433
14269 0.875978 0.610398
14270 0.875994 0.610351
14271 0.876009 0.610292
14272 0.876024 0.610225
14273 0.876024 0.610156
14274 0.876033 0.610106
14275 0.876051 0.610074
14276 0.876053 0.610037
14277 0.876065 0.610017
14278 0.876062 0.60999
14279 0.876068 0.609979
14280 0.876084 0.609981
14281 0.876107 0.609996
14282 0.876138 0.610021
14283 0.876152 0.610036
14284 0.876174 0.610062
14285 0.876203 0.610098
14286 0.876239 0.610143
14287 0.87628 0.610195
14288 0.876304 0.610235
14289 0.876312 0.610263
14290 0.876329 0.6103
14291 0.876353 0.610347
14292 0.876385 0.610401
14293 0.876422 0.610462
14294 0.876465 0.61053
14295 0.876513 0.610603
14296 0.876566 0.610682
14297 0.8766 0.610745
14298 0.876617 0.610794
14299 0.876619 0.61083
14300 0.87663 0.610875
14301 0.876649 0.610928
14302 0.876675 0.610989
14303 0.876708 0.611055
14304 0.876724 0.611108
14305 0.87674 0.61114
14306 0.876741 0.61116
14307 0.876728 0.611171
14308 0.876703 0.611173
14309 0.876667 0.611167
14310 0.87662 0.611154
14311 0.876566 0.611134
14312 0.876503 0.611109
14313 0.876432 0.611078
14314 0.876378 0.611063
14315 0.876338 0.611062
14316 0.876312 0.611075
14317 0.876296 0.611098
14318 0.876284 0.611104
14319 0.876274 0.611094
14320 0.876273 0.611097
14321 0.876259 0.611108
14322 0.876248 0.611102
14323 0.876239 0.611081
14324 0.876232 0.611047
14325 0.876226 0.611
14326 0.876222 0.610943
14327 0.876228 0.610904
14328 0.876242 0.610882
14329 0.876263 0.610874
14330 0.876292 0.610881
14331 0.876326 0.610899
14332 0.876366 0.610928
14333 0.876388 0.610963
14334 0.876395 0.611001
14335 0.876387 0.611043
14336 0.876367 0.611089
14337 0.876358 0.611143
14338 0.876358 0.611204
14339 0.876368 0.611272
14340 0.876385 0.611346
14341 0.876387 0.611405
14342 0.876376 0.61145
14343 0.876374 0.611503
14344 0.87636 0.611543
14345 0.876355 0.611592
14346 0.876361 0.611649
14347 0.876374 0.611712
14348 0.876373 0.611762
14349 0.876381 0.61182
14350 0.876374 0.611864
14351 0.876369 0.611888
14352 0.876366 0.611894
14353 0.876364 0.611884
14354 0.876364 0.611859
14355 0.876373 0.61185
14356 0.87639 0.611854
14357 0.876414 0.611871
14358 0.876422 0.611878
14359 0.876415 0.611877
14360 0.876396 0.611868
14361 0.876365 0.611853
14362 0.876324 0.611831
14363 0.876288 0.611796
14364 0.876265 0.611777
14365 0.876252 0.611773
14366 0.876243 0.611753
14367 0.876235 0.61172
14368 0.876215 0.611698
14369 0.876183 0.611686
14370 0.876141 0.611683
14371 0.876089 0.611688
14372 0.876051 0.611705
14373 0.876026 0.611734
14374 0.876013 0.611772
14375 0.876009 0.611819
14376 0.875993 0.611869
14377 0.875964 0.611922
14378 0.875947 0.611983
14379 0.875933 0.612022
14380 0.875921 0.612041
14381 0.875912 0.612043
14382 0.875904 0.61203
14383 0.875899 0.612002
14384 0.875895 0.611961
14385 0.875892 0.611909
14386 0.875898 0.611875
14387 0.875913 0.611857
14388 0.875934 0.611854
14389 0.875963 0.611865
14390 0.875989 0.611858
14391 0.876014 0.611837
14392 0.876045 0.611831
14393 0.876082 0.611838
14394 0.876116 0.611829
14395 0.876148 0.611806
14396 0.876178 0.611769
14397 0.876206 0.61172
14398 0.87624 0.611689
14399 0.876257 0.611654
14400 0.876259 0.611614
14401 0.876247 0.61157
14402 0.876245 0.611544
14403 0.876252 0.611533
14404 0.876268 0.611536
14405 0.876291 0.611551
14406 0.876298 0.611557
14407 0.876291 0.611555
14408 0.876286 0.611537
14409 0.876282 0.611506
14410 0.876288 0.61149
14411 0.876303 0.611489
14412 0.876302 0.61148
14413 0.876288 0.611464
14414 0.876284 0.611462
14415 0.87629 0.611473
14416 0.876304 0.611496
14417 0.876326 0.611529
14418 0.876333 0.611551
14419 0.876325 0.611563
14420 0.876304 0.611566
14421 0.876272 0.611561
14422 0.87623 0.611564
14423 0.876201 0.61158
14424 0.876176 0.611578
14425 0.87614 0.611584
14426 0.876094 0.611598
14427 0.876039 0.611617
14428 0.875999 0.611647
14429 0.875963 0.611659
14430 0.875933 0.611654
14431 0.875906 0.611634
14432 0.875883 0.611601
14433 0.875863 0.611555
14434 0.875847 0.611499
14435 0.875833 0.611432
14436 0.875829 0.611385
14437 0.875834 0.611355
14438 0.87584 0.611313
14439 0.875855 0.611288
14440 0.875877 0.611278
14441 0.875883 0.611277
14442 0.875875 0.611283
14443 0.875854 0.611296
14444 0.875822 0.611316
14445 0.875779 0.611342
14446 0.875727 0.611372
14447 0.875667 0.611408
14448 0.875614 0.611424
14449 0.875567 0.611423
14450 0.875525 0.611406
14451 0.875489 0.611376
14452 0.875458 0.611333
14453 0.875438 0.611308
14454 0.875429 0.611297
14455 0.87543 0.611301
14456 0.87544 0.611317
14457 0.875457 0.611344
14458 0.875482 0.611381
14459 0.875505 0.611399
14460 0.875535 0.611428
14461 0.875571 0.611467
14462 0.875604 0.611487
14463 0.875634 0.611489
14464 0.875662 0.611475
14465 0.875688 0.611447
14466 0.875721 0.611434
14467 0.875759 0.611436
14468 0.875794 0.611422
14469 0.875826 0.611393
14470 0.875864 0.61138
14471 0.875907 0.611382
14472 0.875947 0.611367
14473 0.875983 0.611339
14474 0.876024 0.611326
14475 0.876071 0.611327
14476 0.876122 0.61134
14477 0.876176 0.611365
14478 0.876235 0.6114
14479 0.876296 0.611445
14480 0.876338 0.611477
14481 0.876362 0.611498
14482 0.876371 0.611508
14483 0.876365 0.61151
14484 0.876346 0.611504
14485 0.876338 0.611511
14486 0.87634 0.61153
14487 0.876351 0.61156
14488 0.876369 0.6116
14489 0.876395 0.611649
14490 0.876427 0.611706
14491 0.876464 0.61177
14492 0.876485 0.61182
14493 0.876489 0.611856
14494 0.87648 0.611881
14495 0.876459 0.611896
14496 0.876425 0.611917
14497 0.876382 0.611944
14498 0.876352 0.61198
14499 0.876333 0.612027
14500 0.876326 0.612081
14501 0.876328 0.612143
14502 0.876316 0.612191
14503 0.876306 0.612218
14504 0.876298 0.612227
14505 0.876291 0.61222
14506 0.876294 0.612226
14507 0.876305 0.612245
14508 0.876324 0.612274
14509 0.876341 0.612285
14510 0.876366 0.612308
14511 0.876397 0.612342
14512 0.876434 0.612385
14513 0.876476 0.612437
14514 0.876514 0.612468
14515 0.876558 0.612509
14516 0.876606 0.612559
14517 0.876657 0.612617
14518 0.87669 0.612662
14519 0.876707 0.612694
14520 0.876708 0.612715
14521 0.876695 0.612726
14522 0.87667 0.612728
14523 0.876634 0.612722
14524 0.87661 0.612729
14525 0.876597 0.612749
14526 0.876595 0.61278
14527 0.876601 0.612821
14528 0.876616 0.612871
14529 0.876638 0.612929
14530 0.876644 0.612973
14531 0.876636 0.613005
14532 0.876637 0.613046
14533 0.876648 0.613097
14534 0.876643 0.613135
14535 0.876626 0.613161
14536 0.876597 0.613176
14537 0.876557 0.613183
14538 0.876507 0.613181
14539 0.876449 0.613171
14540 0.876412 0.613161
14541 0.876395 0.613151
14542 0.876395 0.613141
14543 0.87641 0.61313
14544 0.87644 0.613119
14545 0.876482 0.613108
14546 0.876536 0.613097
14547 0.87657 0.613079
14548 0.876588 0.613055
14549 0.876591 0.613026
14550 0.876579 0.612991
14551 0.876555 0.612953
14552 0.876549 0.612917
14553 0.87656 0.612883
14554 0.876585 0.612851
14555 0.876593 0.612814
14556 0.876588 0.612774
14557 0.876569 0.612729
14558 0.876568 0.612688
14559 0.876553 0.612643
14560 0.876526 0.612595
14561 0.876518 0.61255
14562 0.876497 0.612502
14563 0.876464 0.612451
14564 0.87645 0.612404
14565 0.876424 0.612353
14566 0.876416 0.612307
14567 0.876396 0.612257
14568 0.876393 0.612211
14569 0.876406 0.612169
14570 0.876404 0.612122
14571 0.876389 0.612073
14572 0.876391 0.612028
14573 0.876408 0.611985
14574 0.87644 0.611946
14575 0.876454 0.611918
14576 0.876454 0.611901
14577 0.876439 0.611894
14578 0.876436 0.6119
14579 0.876441 0.611918
14580 0.876455 0.611948
14581 0.876483 0.611973
14582 0.876524 0.611995
14583 0.876577 0.612013
14584 0.87664 0.612028
14585 0.876712 0.61204
14586 0.876763 0.612059
14587 0.876796 0.612068
14588 0.876812 0.612068
14589 0.876813 0.612076
14590 0.8768 0.612091
14591 0.876775 0.612113
14592 0.876767 0.612131
14593 0.876777 0.612145
14594 0.876801 0.612157
14595 0.876838 0.612166
14596 0.876858 0.612167
14597 0.876862 0.612159
14598 0.876852 0.612144
14599 0.87683 0.612123
14600 0.876796 0.612096
14601 0.876753 0.612064
14602 0.8767 0.612027
14603 0.876668 0.611993
14604 0.876655 0.61196
14605 0.876658 0.61193
14606 0.876677 0.611901
14607 0.87671 0.611873
14608 0.876755 0.611847
14609 0.876811 0.611822
14610 0.876848 0.611791
14611 0.876868 0.611756
14612 0.876901 0.611723
14613 0.876947 0.611691
14614 0.877003 0.611662
14615 0.877041 0.611627
14616 0.877061 0.611588
14617 0.877095 0.611551
14618 0.877112 0.611526
14619 0.877113 0.611511
14620 0.877101 0.611506
14621 0.877076 0.611508
14622 0.877041 0.611518
14623 0.876995 0.611535
14624 0.876969 0.611549
14625 0.876961 0.61156
14626 0.87697 0.611569
14627 0.876994 0.611575
14628 0.877001 0.611589
14629 0.876995 0.611609
14630 0.876975 0.611634
14631 0.876944 0.611665
14632 0.876931 0.611692
14633 0.876935 0.611714
14634 0.876955 0.611733
14635 0.876959 0.611743
14636 0.876949 0.611743
14637 0.876926 0.611735
14638 0.876892 0.611721
14639 0.876848 0.6117
14640 0.876824 0.611679
14641 0.876818 0.61166
14642 0.876828 0.611641
14643 0.876853 0.611622
14644 0.876891 0.611604
14645 0.876911 0.61158
14646 0.876916 0.61155
14647 0.876907 0.611516
14648 0.876885 0.611477
14649 0.876875 0.611454
14650 0.876881 0.611433
14651 0.876902 0.611412
14652 0.876936 0.611392
14653 0.876983 0.611372
14654 0.877011 0.611362
14655 0.877023 0.61136
14656 0.877021 0.611367
14657 0.877034 0.611371
14658 0.877061 0.611374
14659 0.877101 0.611374
14660 0.877124 0.611382
14661 0.87713 0.611398
14662 0.877152 0.61141
14663 0.877187 0.611419
14664 0.877234 0.611426
14665 0.877292 0.61143
14666 0.877331 0.611442
14667 0.877352 0.61146
14668 0.877387 0.611475
14669 0.877404 0.611496
14670 0.877407 0.611523
14671 0.877395 0.611555
14672 0.877371 0.611591
14673 0.877365 0.611622
14674 0.877375 0.611649
14675 0.87737 0.611681
14676 0.877352 0.611717
14677 0.877323 0.611757
14678 0.877312 0.611792
14679 0.877311 0.611836
14680 0.87732 0.611888
14681 0.877314 0.611943
14682 0.877295 0.612001
14683 0.877293 0.612051
14684 0.877308 0.612094
14685 0.877336 0.612132
14686 0.877348 0.612173
14687 0.877345 0.612218
14688 0.877329 0.612267
14689 0.877301 0.612303
14690 0.877263 0.612327
14691 0.877243 0.612348
14692 0.877242 0.612365
14693 0.877226 0.612373
14694 0.877199 0.612372
14695 0.87719 0.612369
14696 0.877198 0.612366
14697 0.87722 0.612361
14698 0.877227 0.612349
14699 0.877249 0.612337
14700 0.877284 0.612324
14701 0.877302 0.612305
14702 0.877304 0.61228
14703 0.877293 0.612265
14704 0.877269 0.612244
14705 0.877263 0.612224
14706 0.877274 0.612204
14707 0.877299 0.612184
14708 0.877308 0.612175
14709 0.877302 0.612174
14710 0.877284 0.612181
14711 0.877253 0.612195
14712 0.877212 0.612215
14713 0.877161 0.612241
14714 0.877102 0.612273
14715 0.877065 0.612299
14716 0.877047 0.612322
14717 0.877046 0.612341
14718 0.877031 0.612365
14719 0.877034 0.612386
14720 0.877052 0.612403
14721 0.877084 0.612417
14722 0.877099 0.612421
14723 0.877099 0.612417
14724 0.877086 0.612406
14725 0.87706 0.612388
14726 0.877023 0.612364
14727 0.877006 0.612341
14728 0.877006 0.612318
14729 0.876992 0.61229
14730 0.876966 0.612257
14731 0.876929 0.612219
14732 0.876883 0.612178
14733 0.876827 0.612132
14734 0.876793 0.61209
14735 0.876777 0.61205
14736 0.876779 0.612013
14737 0.876796 0.611978
14738 0.876827 0.611945
14739 0.876842 0.611907
14740 0.876841 0.611865
14741 0.876827 0.61182
14742 0.876824 0.611792
14743 0.876829 0.611779
14744 0.87685 0.611767
14745 0.876885 0.611754
14746 0.876902 0.611734
14747 0.876904 0.611709
14748 0.876922 0.611684
14749 0.876953 0.611661
14750 0.876968 0.611647
14751 0.876967 0.611643
14752 0.876953 0.611647
14753 0.87695 0.611664
14754 0.876955 0.611691
14755 0.87697 0.611728
14756 0.876992 0.611775
14757 0.876999 0.611809
14758 0.876991 0.611831
14759 0.876971 0.611844
14760 0.876961 0.611868
14761 0.876962 0.611902
14762 0.876972 0.611946
14763 0.87699 0.611998
14764 0.877006 0.612029
14765 0.877037 0.612055
14766 0.87708 0.612077
14767 0.877134 0.612096
14768 0.877198 0.612111
14769 0.877243 0.612132
14770 0.877269 0.612159
14771 0.877279 0.612191
14772 0.877275 0.612228
14773 0.877286 0.61226
14774 0.877312 0.612286
14775 0.877351 0.612309
14776 0.877402 0.612327
14777 0.877434 0.612351
14778 0.877449 0.612381
14779 0.877449 0.612416
14780 0.877458 0.61246
14781 0.877476 0.612512
14782 0.877478 0.612551
14783 0.877467 0.612579
14784 0.877443 0.612595
14785 0.877408 0.612602
14786 0.877363 0.612601
14787 0.877338 0.612598
14788 0.877331 0.612594
14789 0.87734 0.612588
14790 0.877364 0.612582
14791 0.877373 0.612569
14792 0.877366 0.612564
14793 0.877347 0.612568
14794 0.877316 0.61258
14795 0.877275 0.612598
14796 0.877253 0.612612
14797 0.877249 0.612624
14798 0.877261 0.612634
14799 0.877288 0.61264
14800 0.877298 0.612654
14801 0.877294 0.612675
14802 0.877276 0.612685
14803 0.877247 0.612687
14804 0.877207 0.61268
14805 0.877157 0.612667
14806 0.877122 0.612668
14807 0.877099 0.612681
14808 0.877087 0.612706
14809 0.877063 0.61272
14810 0.877028 0.612726
14811 0.876983 0.612723
14812 0.876928 0.612713
14813 0.876865 0.612696
14814 0.876818 0.612693
14815 0.876784 0.612704
14816 0.87674 0.612706
14817 0.876687 0.6127
14818 0.876625 0.612687
14819 0.876556 0.612668
14820 0.876509 0.612649
14821 0.876483 0.612631
14822 0.876474 0.612612
14823 0.876483 0.612594
14824 0.876476 0.61257
14825 0.876457 0.612541
14826 0.876426 0.612507
14827 0.876384 0.612469
14828 0.876333 0.612427
14829 0.876296 0.612402
14830 0.876271 0.612392
14831 0.876258 0.612397
14832 0.876256 0.612413
14833 0.876263 0.612441
14834 0.876269 0.61245
14835 0.876261 0.612451
14836 0.87624 0.612444
14837 0.87623 0.61245
14838 0.87623 0.612469
14839 0.876246 0.612485
14840 0.876275 0.612498
14841 0.876318 0.612508
14842 0.876372 0.612516
14843 0.876436 0.612522
14844 0.876509 0.612526
14845 0.876561 0.612522
14846 0.876594 0.612511
14847 0.876611 0.612494
14848 0.876611 0.61247
14849 0.876598 0.612442
14850 0.876573 0.612408
14851 0.876536 0.612371
14852 0.876489 0.612329
14853 0.876456 0.612305
14854 0.876435 0.612296
14855 0.876425 0.612301
14856 0.876425 0.612318
14857 0.876434 0.612347
14858 0.876451 0.612386
14859 0.876476 0.612433
14860 0.876507 0.612489
14861 0.876543 0.612553
14862 0.876562 0.612602
14863 0.876566 0.612639
14864 0.876555 0.612665
14865 0.876555 0.612701
14866 0.876563 0.612746
14867 0.876579 0.6128
14868 0.876603 0.612861
14869 0.876634 0.61293
14870 0.87667 0.613004
14871 0.876712 0.613083
14872 0.876758 0.613168
14873 0.876786 0.613237
14874 0.876798 0.613291
14875 0.876794 0.613333
14876 0.876777 0.613363
14877 0.876747 0.613382
14878 0.87673 0.613413
14879 0.876723 0.613453
14880 0.876704 0.613482
14881 0.876672 0.6135
14882 0.876629 0.61351
14883 0.876577 0.613511
14884 0.876517 0.613505
14885 0.876448 0.613492
14886 0.876395 0.613493
14887 0.876334 0.613486
14888 0.876265 0.613473
14889 0.876189 0.613454
14890 0.876107 0.61343
14891 0.876048 0.613406
14892 0.876011 0.613384
14893 0.875994 0.613362
14894 0.875994 0.613342
14895 0.876009 0.613322
14896 0.876039 0.613302
14897 0.876081 0.613284
14898 0.876105 0.613259
14899 0.876113 0.61323
14900 0.876129 0.613216
14901 0.876152 0.613217
14902 0.876182 0.613231
14903 0.876218 0.613256
14904 0.876251 0.613263
14905 0.87628 0.613253
14906 0.876306 0.613229
14907 0.876316 0.6132
14908 0.876334 0.613187
14909 0.876351 0.613159
14910 0.876366 0.613118
14911 0.876379 0.613066
14912 0.876378 0.613011
14913 0.876363 0.612955
14914 0.876358 0.612917
14915 0.876363 0.612895
14916 0.876376 0.612889
14917 0.876397 0.612896
14918 0.876402 0.612895
14919 0.876393 0.612887
14920 0.876371 0.612871
14921 0.87636 0.612871
14922 0.876359 0.612883
14923 0.876358 0.612878
14924 0.876358 0.612858
14925 0.876366 0.612853
14926 0.876383 0.612861
14927 0.876407 0.612882
14928 0.876438 0.612913
14929 0.876474 0.612954
14930 0.876516 0.613004
14931 0.876562 0.613061
14932 0.876613 0.613126
14933 0.876645 0.613177
14934 0.87666 0.613215
14935 0.876683 0.613262
14936 0.876712 0.613317
14937 0.876724 0.61336
14938 0.876722 0.61339
14939 0.876706 0.61341
14940 0.876678 0.613421
14941 0.876662 0.613443
14942 0.876633 0.613455
14943 0.876594 0.613459
14944 0.876544 0.613455
14945 0.876486 0.613444
14946 0.876443 0.613447
14947 0.876413 0.613462
14948 0.876395 0.613489
14949 0.876387 0.613526
14950 0.876367 0.613551
14951 0.876357 0.613587
14952 0.876358 0.613633
14953 0.876367 0.613687
14954 0.876362 0.613727
14955 0.876365 0.613777
14956 0.876355 0.613814
14957 0.876332 0.61384
14958 0.876298 0.613856
14959 0.876276 0.613884
14960 0.876265 0.613921
14961 0.876241 0.613947
14962 0.876206 0.613964
14963 0.87616 0.613971
14964 0.87612 0.613961
14965 0.876083 0.613937
14966 0.87605 0.6139
14967 0.87602 0.613851
14968 0.875994 0.613791
14969 0.875979 0.61375
14970 0.875974 0.613725
14971 0.875979 0.613717
14972 0.875992 0.613722
14973 0.876012 0.613739
14974 0.87604 0.613768
14975 0.876074 0.613807
14976 0.876113 0.613855
14977 0.876157 0.613911
14978 0.876206 0.613974
14979 0.876236 0.614023
14980 0.876249 0.61406
14981 0.87627 0.614106
14982 0.876298 0.614161
14983 0.876332 0.614222
14984 0.876372 0.614291
14985 0.876408 0.614337
14986 0.87644 0.614362
14987 0.876455 0.614378
14988 0.876455 0.614385
14989 0.876441 0.614383
14990 0.876415 0.614374
14991 0.876378 0.614359
14992 0.87633 0.614337
14993 0.876273 0.614311
14994 0.876231 0.6143
14995 0.876202 0.614302
14996 0.876185 0.614318
14997 0.876156 0.614324
14998 0.876116 0.614323
14999 0.876089 0.614334
15000 0.876073 0.614358
