14000 0.775301 0.566107
14001 0.775301 0.566081
14002 0.775315 0.56605
14003 0.775341 0.566014
14004 0.775349 0.565984
14005 0.77534 0.565959
14006 0.775317 0.565938
14007 0.77531 0.565927
14008 0.775316 0.565926
14009 0.775306 0.565926
14010 0.775311 0.565919
14011 0.77533 0.565906
14012 0.775331 0.565896
14013 0.775316 0.565888
14014 0.775317 0.565874
14015 0.775332 0.565854
14016 0.775329 0.565838
14017 0.775312 0.565825
14018 0.77531 0.565806
14019 0.775322 0.565782
14020 0.775346 0.565754
14021 0.775383 0.565721
14022 0.775429 0.565684
14023 0.775455 0.565652
14024 0.775464 0.565626
14025 0.775455 0.565603
14026 0.775432 0.565585
14027 0.775396 0.56557
14028 0.775378 0.565549
14029 0.775375 0.565523
14030 0.775386 0.565493
14031 0.77541 0.565458
14032 0.775445 0.56542
14033 0.775491 0.565378
14034 0.775516 0.565342
14035 0.775524 0.565311
14036 0.775515 0.565285
14037 0.775492 0.565263
14038 0.775455 0.565245
14039 0.775435 0.565237
14040 0.775431 0.565238
14041 0.77544 0.565248
14042 0.775461 0.565265
14043 0.775494 0.565288
14044 0.775536 0.565318
14045 0.775587 0.565353
14046 0.775646 0.565393
14047 0.775684 0.56543
14048 0.775702 0.565466
14049 0.775704 0.5655
14050 0.775689 0.565532
14051 0.77566 0.565562
14052 0.775619 0.565592
14053 0.775567 0.56562
14054 0.775504 0.565647
14055 0.775431 0.565673
14056 0.77538 0.56569
14057 0.775348 0.565697
14058 0.775333 0.565697
14059 0.775334 0.565689
14060 0.775348 0.565676
14061 0.775375 0.565656
14062 0.775413 0.565631
14063 0.775432 0.565611
14064 0.775433 0.565594
14065 0.775418 0.56558
14066 0.775419 0.565561
14067 0.775434 0.565536
14068 0.775461 0.565507
14069 0.775499 0.565473
14070 0.775548 0.565436
14071 0.775605 0.565395
14072 0.775671 0.565351
14073 0.775743 0.565304
14074 0.775823 0.565255
14075 0.775879 0.565212
14076 0.775914 0.565174
14077 0.775959 0.565134
14078 0.776013 0.56509
14079 0.776076 0.565043
14080 0.776146 0.564994
14081 0.776224 0.564942
14082 0.776307 0.564888
14083 0.776396 0.564833
14084 0.77646 0.564784
14085 0.776503 0.564742
14086 0.776525 0.564705
14087 0.77653 0.564674
14088 0.776519 0.564646
14089 0.776493 0.564624
14090 0.776454 0.564604
14091 0.776404 0.564588
14092 0.776343 0.564575
14093 0.776302 0.564556
14094 0.776279 0.564532
14095 0.776272 0.564503
14096 0.77628 0.564469
14097 0.776272 0.564441
14098 0.776278 0.564408
14099 0.776297 0.56437
14100 0.776329 0.56433
14101 0.776371 0.564286
14102 0.776423 0.564239
14103 0.776454 0.564198
14104 0.776466 0.564163
14105 0.776491 0.564124
14106 0.776527 0.564081
14107 0.776544 0.564044
14108 0.776544 0.564011
14109 0.776558 0.563975
14110 0.776584 0.563935
14111 0.776621 0.563891
14112 0.776639 0.563853
14113 0.776639 0.56382
14114 0.776624 0.563792
14115 0.776595 0.563767
14116 0.776553 0.563746
14117 0.776529 0.563719
14118 0.776522 0.563688
14119 0.776528 0.563653
14120 0.776519 0.563622
14121 0.776495 0.563595
14122 0.776487 0.563563
14123 0.776493 0.563527
14124 0.776483 0.563496
14125 0.776459 0.563469
14126 0.776422 0.563446
14127 0.776402 0.563417
14128 0.776397 0.563399
14129 0.776406 0.563376
14130 0.776428 0.563347
14131 0.776462 0.563314
14132 0.776506 0.563277
14133 0.776559 0.563236
14134 0.77662 0.563191
14135 0.77666 0.563152
14136 0.77668 0.563118
14137 0.776683 0.563088
14138 0.77667 0.563063
14139 0.776672 0.563032
14140 0.776687 0.562997
14141 0.776714 0.562957
14142 0.776753 0.562915
14143 0.776801 0.562869
14144 0.776858 0.56282
14145 0.776923 0.562768
14146 0.776995 0.562714
14147 0.777074 0.562658
14148 0.777129 0.562608
14149 0.777163 0.562564
14150 0.777178 0.562526
14151 0.777176 0.562492
14152 0.777158 0.562462
14153 0.777127 0.562437
14154 0.777083 0.562414
14155 0.777057 0.562387
14156 0.777048 0.562354
14157 0.777053 0.562317
14158 0.777071 0.562277
14159 0.777072 0.562241
14160 0.777057 0.562209
14161 0.777028 0.562182
14162 0.776987 0.562158
14163 0.776933 0.562137
14164 0.77687 0.562119
14165 0.776826 0.562095
14166 0.776772 0.562074
14167 0.776707 0.562056
14168 0.776632 0.562041
14169 0.776579 0.562019
14170 0.776545 0.561991
14171 0.776528 0.561959
14172 0.776526 0.561922
14173 0.776538 0.561882
14174 0.776533 0.561846
14175 0.776513 0.561814
14176 0.776508 0.561793
14177 0.776518 0.561782
14178 0.77654 0.56178
14179 0.776573 0.561787
14180 0.776616 0.5618
14181 0.776639 0.561813
14182 0.776645 0.561825
14183 0.776634 0.561836
14184 0.776608 0.561847
14185 0.77657 0.561857
14186 0.77652 0.561867
14187 0.776459 0.561876
14188 0.776389 0.561885
14189 0.77631 0.561894
14190 0.776223 0.561902
14191 0.776159 0.561902
14192 0.776114 0.561893
14193 0.776088 0.561878
14194 0.776078 0.561857
14195 0.776053 0.561838
14196 0.776015 0.561821
14197 0.775965 0.561807
14198 0.775905 0.561794
14199 0.775835 0.561783
14200 0.775785 0.561765
14201 0.775754 0.561741
14202 0.775739 0.561712
14203 0.77574 0.561677
14204 0.775754 0.561638
14205 0.77578 0.561596
14206 0.775788 0.561557
14207 0.775779 0.561523
14208 0.775785 0.561484
14209 0.775803 0.561442
14210 0.775834 0.561395
14211 0.775845 0.561354
14212 0.77584 0.561316
14213 0.775849 0.561291
14214 0.77587 0.561276
14215 0.775902 0.56127
14216 0.775945 0.561273
14217 0.775997 0.561284
14218 0.776057 0.561302
14219 0.776124 0.561326
14220 0.776199 0.561355
14221 0.776279 0.56139
14222 0.776364 0.561429
14223 0.776425 0.561465
14224 0.776465 0.561497
14225 0.776485 0.561527
14226 0.776487 0.561554
14227 0.776474 0.561579
14228 0.776446 0.561602
14229 0.776406 0.561622
14230 0.776383 0.561649
14231 0.776375 0.561682
14232 0.776382 0.561719
14233 0.776402 0.561744
14234 0.776433 0.56176
14235 0.776475 0.561767
14236 0.776526 0.561765
14237 0.776586 0.561756
14238 0.776624 0.561749
14239 0.776643 0.561743
14240 0.776644 0.561738
14241 0.77663 0.561733
14242 0.776601 0.56173
14243 0.77656 0.561728
14244 0.776507 0.561726
14245 0.776474 0.561717
14246 0.776457 0.561701
14247 0.776456 0.56168
14248 0.776468 0.561653
14249 0.776493 0.561621
14250 0.77653 0.561585
14251 0.776576 0.561545
14252 0.776631 0.561502
14253 0.776665 0.561463
14254 0.776681 0.561429
14255 0.776694 0.561414
14256 0.776707 0.561416
14257 0.776717 0.561433
14258 0.776727 0.561464
14259 0.77672 0.561493
14260 0.776699 0.561519
14261 0.776663 0.561543
14262 0.776616 0.561565
14263 0.776558 0.561585
14264 0.77649 0.561604
14265 0.776413 0.561621
14266 0.776358 0.561629
14267 0.776322 0.561629
14268 0.776303 0.561621
14269 0.7763 0.561607
14270 0.77631 0.561586
14271 0.776304 0.561568
14272 0.776283 0.561552
14273 0.776249 0.561538
14274 0.776202 0.561526
14275 0.776144 0.561515
14276 0.776106 0.561498
14277 0.776085 0.561475
14278 0.77608 0.561447
14279 0.776089 0.561414
14280 0.776111 0.561376
14281 0.776145 0.561335
14282 0.776159 0.561298
14283 0.776186 0.561257
14284 0.776224 0.561212
14285 0.776271 0.561165
14286 0.776328 0.561114
14287 0.776392 0.561061
14288 0.776464 0.561005
14289 0.776529 0.560971
14290 0.776586 0.560955
14291 0.776638 0.560957
14292 0.776685 0.560975
14293 0.776726 0.561006
14294 0.776763 0.56105
14295 0.776797 0.561105
14296 0.776827 0.56117
14297 0.776853 0.561245
14298 0.776891 0.561304
14299 0.776938 0.561349
14300 0.776994 0.561383
14301 0.777045 0.561429
14302 0.77709 0.561485
14303 0.77713 0.561552
14304 0.777166 0.561628
14305 0.777198 0.561711
14306 0.777241 0.561779
14307 0.777293 0.561833
14308 0.777339 0.561897
14309 0.777381 0.56197
14310 0.777418 0.562051
14311 0.777443 0.562111
14312 0.777457 0.562152
14313 0.777461 0.562175
14314 0.777457 0.562183
14315 0.777445 0.562177
14316 0.777426 0.562158
14317 0.7774 0.562129
14318 0.777368 0.562088
14319 0.777331 0.562039
14320 0.777312 0.561988
14321 0.777308 0.561934
14322 0.777319 0.561878
14323 0.777342 0.56182
14324 0.777377 0.56176
14325 0.777421 0.561699
14326 0.777476 0.561637
14327 0.777538 0.561574
14328 0.777594 0.561532
14329 0.777644 0.56151
14330 0.777689 0.561506
14331 0.77773 0.561518
14332 0.777766 0.561544
14333 0.777798 0.561584
14334 0.777812 0.561619
14335 0.777809 0.561652
14336 0.77779 0.561682
14337 0.777758 0.561709
14338 0.777714 0.561734
14339 0.777673 0.561772
14340 0.777637 0.561822
14341 0.777617 0.561859
14342 0.777614 0.561885
14343 0.777624 0.561902
14344 0.777648 0.561909
14345 0.777682 0.561908
14346 0.777727 0.5619
14347 0.777781 0.561886
14348 0.777844 0.561865
14349 0.7779 0.561863
14350 0.77795 0.561876
14351 0.777996 0.561903
14352 0.778036 0.561943
14353 0.778072 0.561995
14354 0.77809 0.562042
14355 0.778089 0.562085
14356 0.778074 0.562123
14357 0.778044 0.562159
14358 0.778001 0.562191
14359 0.777948 0.56222
14360 0.777883 0.562247
14361 0.77781 0.562271
14362 0.777729 0.562294
14363 0.777647 0.562301
14364 0.777588 0.5623
14365 0.777548 0.562291
14366 0.777512 0.5623
14367 0.777479 0.562323
14368 0.777441 0.56233
14369 0.777399 0.562324
14370 0.777352 0.562305
14371 0.777302 0.562274
14372 0.777249 0.562234
14373 0.777192 0.562184
14374 0.777141 0.562155
14375 0.777109 0.562121
14376 0.777093 0.562084
14377 0.777093 0.562043
14378 0.777093 0.562021
14379 0.777092 0.562017
14380 0.777092 0.56203
14381 0.777105 0.562033
14382 0.77713 0.562029
14383 0.777167 0.562018
14384 0.777199 0.562023
14385 0.777228 0.562044
14386 0.777254 0.562078
14387 0.777268 0.562096
14388 0.777273 0.562099
14389 0.777269 0.562088
14390 0.777257 0.562065
14391 0.777238 0.562031
14392 0.77722 0.562016
14393 0.777203 0.562019
14394 0.777188 0.562036
14395 0.777188 0.562045
14396 0.777201 0.562045
14397 0.777227 0.562038
14398 0.777264 0.562023
14399 0.777311 0.562003
14400 0.777367 0.561977
14401 0.777432 0.561946
14402 0.777489 0.561934
14403 0.77754 0.561939
14404 0.777586 0.561959
14405 0.777627 0.561993
14406 0.777664 0.562039
14407 0.777696 0.562096
14408 0.777726 0.562162
14409 0.777736 0.562223
14410 0.77773 0.562278
14411 0.777709 0.562328
14412 0.777674 0.562373
14413 0.777628 0.562415
14414 0.77757 0.562452
14415 0.777502 0.562487
14416 0.777455 0.56251
14417 0.777426 0.562524
14418 0.777385 0.562537
14419 0.777347 0.562564
14420 0.777313 0.562604
14421 0.777283 0.562656
14422 0.777255 0.562718
14423 0.777229 0.562789
14424 0.77722 0.562846
14425 0.777226 0.56289
14426 0.777245 0.562923
14427 0.777275 0.562945
14428 0.777317 0.562957
14429 0.777368 0.562961
14430 0.777414 0.56298
14431 0.777455 0.563013
14432 0.777484 0.56303
14433 0.777501 0.563031
14434 0.777508 0.56302
14435 0.777506 0.562996
14436 0.777496 0.562961
14437 0.777471 0.562931
14438 0.777433 0.562904
14439 0.777399 0.562896
14440 0.777367 0.562904
14441 0.777339 0.562926
14442 0.777313 0.562963
14443 0.777273 0.562996
14444 0.777238 0.563041
14445 0.77722 0.563075
14446 0.777217 0.563097
14447 0.777228 0.56311
14448 0.777229 0.563109
14449 0.777222 0.563095
14450 0.777207 0.563069
14451 0.777185 0.563033
14452 0.777179 0.562992
14453 0.777187 0.562948
14454 0.777194 0.562924
14455 0.7772 0.562919
14456 0.777205 0.562929
14457 0.777223 0.562931
14458 0.777239 0.562948
14459 0.777252 0.562979
14460 0.777264 0.563023
14461 0.777274 0.563078
14462 0.777283 0.563143
14463 0.77729 0.563218
14464 0.777297 0.5633
14465 0.777302 0.56339
14466 0.777305 0.563487
14467 0.777308 0.563589
14468 0.777325 0.563674
14469 0.777353 0.563743
14470 0.777393 0.563797
14471 0.777442 0.563839
14472 0.7775 0.563868
14473 0.777566 0.563888
14474 0.777639 0.563897
14475 0.777719 0.563898
14476 0.777804 0.563892
14477 0.777895 0.563878
14478 0.77799 0.563859
14479 0.778075 0.563857
14480 0.778136 0.563856
14481 0.778176 0.563856
14482 0.778225 0.563849
14483 0.778283 0.563834
14484 0.778349 0.563814
14485 0.778422 0.563788
14486 0.778501 0.563757
14487 0.778557 0.56373
14488 0.778607 0.563721
14489 0.778643 0.5637
14490 0.778676 0.563697
14491 0.778705 0.56371
14492 0.778731 0.563737
14493 0.778754 0.563777
14494 0.778775 0.563829
14495 0.778785 0.563862
14496 0.778807 0.563885
14497 0.778842 0.563898
14498 0.778886 0.563902
14499 0.77894 0.563898
14500 0.779002 0.563887
14501 0.779058 0.563893
14502 0.779108 0.563914
14503 0.779153 0.563949
14504 0.779193 0.563996
14505 0.779229 0.564054
14506 0.779261 0.564122
14507 0.77929 0.564198
14508 0.77933 0.56426
14509 0.77938 0.564308
14510 0.779438 0.564344
14511 0.779475 0.564378
14512 0.779523 0.5644
14513 0.779579 0.564413
14514 0.779644 0.564418
14515 0.779702 0.564438
14516 0.779754 0.564471
14517 0.779801 0.564517
14518 0.779843 0.564574
14519 0.779882 0.564641
14520 0.779916 0.564717
14521 0.779947 0.564801
14522 0.779959 0.564877
14523 0.779954 0.564947
14524 0.779935 0.565011
14525 0.779901 0.565069
14526 0.779855 0.565123
14527 0.779798 0.565172
14528 0.779731 0.565217
14529 0.779655 0.565258
14530 0.779571 0.565297
14531 0.77948 0.565332
14532 0.779383 0.565365
14533 0.779279 0.565396
14534 0.7792 0.565416
14535 0.779142 0.565427
14536 0.779074 0.565437
14537 0.778998 0.565448
14538 0.778914 0.565458
14539 0.778837 0.565483
14540 0.778783 0.565498
14541 0.778747 0.565504
14542 0.778729 0.565502
14543 0.778726 0.565493
14544 0.778738 0.565477
14545 0.778762 0.565455
14546 0.778797 0.565428
14547 0.778843 0.565397
14548 0.778869 0.565369
14549 0.778905 0.565336
14550 0.778922 0.565308
14551 0.778938 0.565298
14552 0.778952 0.565305
14553 0.778964 0.565327
14554 0.778975 0.565362
14555 0.778985 0.56541
14556 0.778994 0.565468
14557 0.778986 0.565522
14558 0.778963 0.565571
14559 0.778927 0.565616
14560 0.778879 0.565658
14561 0.77885 0.565688
14562 0.778837 0.565707
14563 0.778839 0.565718
14564 0.778855 0.565719
14565 0.778869 0.565736
14566 0.778882 0.565767
14567 0.778893 0.565811
14568 0.778902 0.565866
14569 0.778911 0.565931
14570 0.77891 0.565977
14571 0.7789 0.566005
14572 0.778882 0.566018
14573 0.778857 0.566016
14574 0.778825 0.566002
14575 0.77881 0.565981
14576 0.778797 0.565979
14577 0.778785 0.565992
14578 0.778774 0.56602
14579 0.778763 0.566061
14580 0.778754 0.566114
14581 0.778736 0.566148
14582 0.778734 0.566172
14583 0.778747 0.566186
14584 0.778771 0.566191
14585 0.778808 0.566188
14586 0.778854 0.566178
14587 0.77891 0.566162
14588 0.77896 0.566164
14589 0.778989 0.566166
14590 0.779 0.56617
14591 0.778994 0.566174
14592 0.778973 0.56618
14593 0.778954 0.5662
14594 0.778936 0.566235
14595 0.77892 0.566281
14596 0.77889 0.566324
14597 0.778848 0.566365
14598 0.778794 0.566402
14599 0.778729 0.566437
14600 0.778685 0.566462
14601 0.778659 0.566476
14602 0.77865 0.566481
14603 0.778655 0.566479
14604 0.778674 0.566469
14605 0.778704 0.566453
14606 0.778745 0.566431
14607 0.778796 0.566403
14608 0.778842 0.566394
14609 0.778882 0.566402
14610 0.778918 0.566424
14611 0.77895 0.56646
14612 0.778964 0.566494
14613 0.77896 0.566526
14614 0.778941 0.566556
14615 0.778909 0.566584
14616 0.778893 0.566602
14617 0.778893 0.566612
14618 0.778884 0.566607
14619 0.778866 0.56659
14620 0.778841 0.566562
14621 0.77881 0.566524
14622 0.778772 0.566477
14623 0.778738 0.566451
14624 0.778707 0.566443
14625 0.778679 0.566451
14626 0.778653 0.566474
14627 0.778621 0.566483
14628 0.778583 0.566477
14629 0.778548 0.566488
14630 0.778516 0.566514
14631 0.778502 0.566529
14632 0.778502 0.566535
14633 0.778516 0.566534
14634 0.778543 0.566525
14635 0.778581 0.566509
14636 0.778615 0.566511
14637 0.778645 0.566528
14638 0.778671 0.566559
14639 0.778686 0.566574
14640 0.7787 0.566603
14641 0.778702 0.566617
14642 0.778696 0.566617
14643 0.77869 0.566632
14644 0.778684 0.566662
14645 0.778679 0.566704
14646 0.778665 0.566729
14647 0.778652 0.566767
14648 0.778641 0.566818
14649 0.77863 0.566879
14650 0.77862 0.566949
14651 0.778626 0.567005
14652 0.778644 0.567048
14653 0.778674 0.567079
14654 0.778701 0.567123
14655 0.778716 0.567149
14656 0.77873 0.567189
14657 0.778742 0.56724
14658 0.778752 0.567302
14659 0.778762 0.567373
14660 0.77877 0.567453
14661 0.778768 0.567512
14662 0.778766 0.567581
14663 0.778755 0.567631
14664 0.778745 0.567691
14665 0.778726 0.567732
14666 0.778709 0.567785
14667 0.778708 0.567826
14668 0.778721 0.567855
14669 0.778746 0.567874
14670 0.778782 0.567883
14671 0.778829 0.567884
14672 0.778885 0.567878
14673 0.77895 0.567865
14674 0.779021 0.567846
14675 0.779077 0.567817
14676 0.779111 0.567791
14677 0.779126 0.56777
14678 0.77914 0.567767
14679 0.779152 0.56778
14680 0.779162 0.567807
14681 0.779163 0.567819
14682 0.779154 0.567817
14683 0.779137 0.567802
14684 0.779112 0.567776
14685 0.779081 0.56774
14686 0.779044 0.567695
14687 0.77901 0.56767
14688 0.77898 0.567663
14689 0.778952 0.567673
14690 0.778927 0.567697
14691 0.778905 0.567735
14692 0.778884 0.567784
14693 0.778865 0.567845
14694 0.778863 0.567892
14695 0.778874 0.567927
14696 0.778875 0.567946
14697 0.77889 0.567956
14698 0.778917 0.567958
14699 0.778956 0.567952
14700 0.779005 0.56794
14701 0.779063 0.567921
14702 0.779115 0.567921
14703 0.779161 0.567936
14704 0.779194 0.567937
14705 0.779214 0.567925
14706 0.779223 0.567901
14707 0.779245 0.567873
14708 0.779278 0.56784
14709 0.7793 0.567798
14710 0.779303 0.567761
14711 0.779291 0.56773
14712 0.779293 0.567695
14713 0.77928 0.567665
14714 0.779253 0.567639
14715 0.779212 0.567617
14716 0.77916 0.567599
14717 0.779098 0.567585
14718 0.779056 0.567564
14719 0.779032 0.567539
14720 0.779024 0.567508
14721 0.779017 0.567497
14722 0.77901 0.567502
14723 0.779018 0.567499
14724 0.779039 0.567489
14725 0.779072 0.567473
14726 0.779116 0.567451
14727 0.779155 0.567447
14728 0.779174 0.567445
14729 0.779176 0.567445
14730 0.779178 0.56746
14731 0.779193 0.567466
14732 0.779198 0.567459
14733 0.779193 0.56744
14734 0.77918 0.56741
14735 0.779158 0.56737
14736 0.77913 0.567322
14737 0.779096 0.567265
14738 0.779065 0.56723
14739 0.779037 0.567213
14740 0.779002 0.567186
14741 0.778962 0.567149
14742 0.778917 0.567102
14743 0.778867 0.567048
14744 0.778823 0.567014
14745 0.778782 0.567
14746 0.778745 0.567003
14747 0.778712 0.567021
14748 0.778682 0.567053
14749 0.778654 0.567098
14750 0.778644 0.567131
14751 0.778648 0.567153
14752 0.778665 0.567165
14753 0.778695 0.567169
14754 0.778722 0.567188
14755 0.778745 0.56722
14756 0.778766 0.567266
14757 0.778785 0.567322
14758 0.778801 0.567389
14759 0.778816 0.567464
14760 0.778843 0.567525
14761 0.778881 0.567572
14762 0.7789 0.567616
14763 0.778931 0.567648
14764 0.778972 0.567669
14765 0.77901 0.567705
14766 0.779043 0.567752
14767 0.779073 0.56781
14768 0.779099 0.567878
14769 0.779114 0.567927
14770 0.779127 0.567986
14771 0.779139 0.568055
14772 0.779149 0.568133
14773 0.779158 0.568219
14774 0.779181 0.568289
14775 0.779191 0.568339
14776 0.779192 0.568372
14777 0.779183 0.568388
14778 0.779166 0.56839
14779 0.779151 0.568408
14780 0.779137 0.56844
14781 0.779115 0.568455
14782 0.779086 0.568457
14783 0.77906 0.568474
14784 0.779037 0.568505
14785 0.779007 0.56852
14786 0.77897 0.568521
14787 0.778928 0.568509
14788 0.778881 0.568486
14789 0.778829 0.568452
14790 0.778773 0.568409
14791 0.778714 0.568358
14792 0.778651 0.568299
14793 0.778608 0.568239
14794 0.778583 0.568177
14795 0.778574 0.568114
14796 0.778581 0.568049
14797 0.7786 0.567984
14798 0.778631 0.567918
14799 0.778672 0.56785
14800 0.778724 0.567782
14801 0.778783 0.567713
14802 0.778837 0.567667
14803 0.778886 0.567641
14804 0.778929 0.567633
14805 0.778969 0.567641
14806 0.778989 0.567651
14807 0.778991 0.56766
14808 0.778977 0.56767
14809 0.77895 0.56768
14810 0.778909 0.567691
14811 0.778886 0.567693
14812 0.77888 0.567688
14813 0.778887 0.567675
14814 0.778879 0.567665
14815 0.778855 0.567658
14816 0.778819 0.567653
14817 0.77877 0.567649
14818 0.778711 0.567648
14819 0.778671 0.567639
14820 0.778649 0.567623
14821 0.778614 0.567611
14822 0.778566 0.567601
14823 0.778537 0.567585
14824 0.778525 0.567562
14825 0.778528 0.567535
14826 0.778544 0.567503
14827 0.778543 0.567475
14828 0.778527 0.567452
14829 0.778526 0.567423
14830 0.778538 0.56739
14831 0.778564 0.567353
14832 0.7786 0.567312
14833 0.778618 0.567276
14834 0.778647 0.567237
14835 0.778687 0.567194
14836 0.778715 0.567143
14837 0.77873 0.567083
14838 0.778735 0.567017
14839 0.778731 0.566945
14840 0.778717 0.566867
14841 0.778696 0.566784
14842 0.778668 0.566696
14843 0.778644 0.566633
14844 0.778621 0.566592
14845 0.778602 0.566571
14846 0.778598 0.566544
14847 0.778608 0.566513
14848 0.778631 0.566477
14849 0.778665 0.566438
14850 0.778688 0.566389
14851 0.778698 0.566333
14852 0.778699 0.566269
14853 0.7787 0.566228
14854 0.778701 0.566206
14855 0.778702 0.566202
14856 0.778704 0.566214
14857 0.778705 0.566241
14858 0.77872 0.566257
14859 0.778747 0.566265
14860 0.778785 0.566264
14861 0.778833 0.566256
14862 0.77889 0.566241
14863 0.778942 0.566243
14864 0.778989 0.566261
14865 0.779031 0.566292
14866 0.779069 0.566336
14867 0.779088 0.566377
14868 0.779089 0.566415
14869 0.779075 0.56645
14870 0.779046 0.566482
14871 0.779005 0.566513
14872 0.778952 0.566541
14873 0.778905 0.566583
14874 0.778863 0.566635
14875 0.778839 0.566675
14876 0.77883 0.566704
14877 0.778837 0.566722
14878 0.778857 0.566731
14879 0.778888 0.566732
14880 0.778901 0.566734
14881 0.778896 0.566736
14882 0.778877 0.56674
14883 0.778844 0.566744
14884 0.778798 0.566748
14885 0.778742 0.566753
14886 0.778675 0.566759
14887 0.778629 0.566756
14888 0.778572 0.566755
14889 0.778534 0.566747
14890 0.778514 0.566732
14891 0.77851 0.566711
14892 0.77852 0.566685
14893 0.778543 0.566654
14894 0.778548 0.566627
14895 0.778537 0.566603
14896 0.77854 0.566575
14897 0.778557 0.566542
14898 0.778587 0.566505
14899 0.778627 0.566464
14900 0.778677 0.56642
14901 0.778722 0.566396
14902 0.778763 0.56639
14903 0.7788 0.5664
14904 0.778817 0.56641
14905 0.778818 0.56642
14906 0.778802 0.566431
14907 0.778773 0.566441
14908 0.778731 0.566452
14909 0.778706 0.566454
14910 0.778685 0.566471
14911 0.778666 0.566503
14912 0.778649 0.566546
14913 0.778625 0.566573
14914 0.778594 0.566584
14915 0.778558 0.566581
14916 0.778539 0.566571
14917 0.778536 0.566554
14918 0.778546 0.566531
14919 0.77857 0.566504
14920 0.778582 0.566466
14921 0.778585 0.566419
14922 0.778578 0.566363
14923 0.778563 0.5663
14924 0.778541 0.566231
14925 0.778521 0.566184
14926 0.778503 0.566158
14927 0.778487 0.566149
14928 0.778473 0.566158
14929 0.778452 0.566152
14930 0.778446 0.56614
14931 0.778455 0.566121
14932 0.778477 0.566096
14933 0.778496 0.56609
14934 0.778514 0.5661
14935 0.77853 0.566124
14936 0.778544 0.566162
14937 0.778571 0.566188
14938 0.778595 0.566228
14939 0.778631 0.566256
14940 0.778676 0.566273
14941 0.778718 0.566305
14942 0.778768 0.566326
14943 0.778828 0.566337
14944 0.778895 0.56634
14945 0.77897 0.566335
14946 0.779021 0.566331
14947 0.779052 0.566329
14948 0.779063 0.566328
14949 0.779058 0.566329
14950 0.779038 0.56633
14951 0.779004 0.566332
14952 0.778988 0.566326
14953 0.778986 0.566314
14954 0.778999 0.566295
14955 0.779011 0.566295
14956 0.779022 0.566309
14957 0.779016 0.566324
14958 0.778995 0.566337
14959 0.77896 0.566351
14960 0.778943 0.566355
14961 0.778941 0.566352
14962 0.778954 0.566342
14963 0.778949 0.566334
14964 0.77893 0.566328
14965 0.778896 0.566323
14966 0.778851 0.566319
14967 0.778823 0.566309
14968 0.778813 0.566292
14969 0.778817 0.56627
14970 0.778805 0.566251
14971 0.778795 0.566249
14972 0.778786 0.566264
14973 0.778778 0.566292
14974 0.77877 0.566334
14975 0.778764 0.566387
14976 0.778759 0.56645
14977 0.778754 0.566523
14978 0.77875 0.566604
14979 0.778731 0.566678
14980 0.778728 0.566737
14981 0.778738 0.566783
14982 0.778762 0.566817
14983 0.778797 0.566841
14984 0.778813 0.566863
14985 0.778812 0.566883
14986 0.778824 0.566895
14987 0.77885 0.566898
14988 0.778887 0.566893
14989 0.778904 0.56689
14990 0.778904 0.566888
14991 0.778888 0.566887
14992 0.778859 0.566887
14993 0.778816 0.566888
14994 0.778792 0.566881
14995 0.778784 0.566868
14996 0.778761 0.566857
14997 0.778755 0.566841
14998 0.778763 0.566818
14999 0.778754 0.566799
15000 0.778731 0.566782
