14000 0.757212 0.644887
14001 0.757203 0.644909
14002 0.757182 0.644936
14003 0.757165 0.644946
14004 0.757152 0.644938
14005 0.757144 0.644916
14006 0.757139 0.644881
14007 0.757138 0.644834
14008 0.75714 0.644777
14009 0.757144 0.64471
14010 0.757151 0.644634
14011 0.75716 0.64455
14012 0.757177 0.644487
14013 0.757179 0.644438
14014 0.757166 0.6444
14015 0.757141 0.644373
14016 0.757104 0.644356
14017 0.757074 0.644325
14018 0.757033 0.644304
14019 0.756982 0.644292
14020 0.756945 0.644293
14021 0.756921 0.644308
14022 0.756909 0.644333
14023 0.756908 0.644368
14024 0.756916 0.644412
14025 0.756925 0.644437
14026 0.756944 0.644471
14027 0.756969 0.644515
14028 0.757001 0.644567
14029 0.757033 0.644598
14030 0.757065 0.644611
14031 0.757095 0.644607
14032 0.757126 0.644588
14033 0.757156 0.644556
14034 0.757186 0.644511
14035 0.757216 0.644456
14036 0.757245 0.644391
14037 0.757281 0.644345
14038 0.7573 0.64431
14039 0.757302 0.644286
14040 0.757291 0.644272
14041 0.757266 0.644266
14042 0.757231 0.644267
14043 0.757201 0.644254
14044 0.757184 0.644254
14045 0.757178 0.644266
14046 0.757182 0.64429
14047 0.757188 0.644296
14048 0.757196 0.644286
14049 0.757207 0.644262
14050 0.757219 0.644225
14051 0.757239 0.644204
14052 0.757266 0.644198
14053 0.757277 0.644199
14054 0.757273 0.644208
14055 0.757255 0.644222
14056 0.757225 0.644242
14057 0.757184 0.644268
14058 0.757133 0.644297
14059 0.757074 0.644331
14060 0.757023 0.644346
14061 0.75698 0.644344
14062 0.75695 0.644355
14063 0.756933 0.644378
14064 0.756927 0.644411
14065 0.756931 0.644453
14066 0.756944 0.644503
14067 0.756958 0.644533
14068 0.756974 0.644545
14069 0.756991 0.64454
14070 0.757009 0.64452
14071 0.757034 0.644515
14072 0.757067 0.644523
14073 0.757105 0.644543
14074 0.757149 0.644574
14075 0.757197 0.644614
14076 0.757244 0.644634
14077 0.757272 0.64466
14078 0.757284 0.644675
14079 0.757281 0.64468
14080 0.757266 0.644675
14081 0.757239 0.644663
14082 0.757202 0.644643
14083 0.757155 0.644617
14084 0.757122 0.644607
14085 0.757102 0.64461
14086 0.75707 0.644604
14087 0.757028 0.64459
14088 0.756978 0.64457
14089 0.756919 0.644543
14090 0.756875 0.644532
14091 0.756844 0.644534
14092 0.756825 0.644549
14093 0.756818 0.644576
14094 0.756813 0.644584
14095 0.756812 0.644576
14096 0.756814 0.644554
14097 0.756818 0.644518
14098 0.756824 0.644471
14099 0.756833 0.644413
14100 0.756843 0.644345
14101 0.756861 0.644297
14102 0.756887 0.644267
14103 0.756919 0.644252
14104 0.756956 0.644252
14105 0.756999 0.644265
14106 0.757046 0.644289
14107 0.757098 0.644324
14108 0.757153 0.644368
14109 0.757212 0.64442
14110 0.757274 0.644481
14111 0.757332 0.644519
14112 0.757371 0.644561
14113 0.757393 0.64459
14114 0.757398 0.644624
14115 0.75739 0.644661
14116 0.757368 0.644702
14117 0.757334 0.644745
14118 0.757307 0.644769
14119 0.757285 0.644775
14120 0.757268 0.644765
14121 0.757256 0.644741
14122 0.757254 0.644732
14123 0.757261 0.644737
14124 0.757276 0.644754
14125 0.757299 0.644782
14126 0.757322 0.644792
14127 0.757345 0.644786
14128 0.75737 0.644765
14129 0.7574 0.644759
14130 0.757414 0.64476
14131 0.75743 0.644746
14132 0.757446 0.644718
14133 0.757448 0.644685
14134 0.757453 0.64464
14135 0.757466 0.644612
14136 0.757464 0.644578
14137 0.75745 0.644539
14138 0.757424 0.644496
14139 0.757409 0.64447
14140 0.757405 0.64446
14141 0.75741 0.644463
14142 0.757423 0.644479
14143 0.757444 0.644506
14144 0.757449 0.644522
14145 0.757441 0.644529
14146 0.757421 0.644526
14147 0.757411 0.644536
14148 0.757411 0.644559
14149 0.757398 0.64457
14150 0.757373 0.644573
14151 0.757336 0.644582
14152 0.75729 0.644598
14153 0.757234 0.644619
14154 0.757193 0.644651
14155 0.757164 0.644693
14156 0.757147 0.644744
14157 0.757117 0.644797
14158 0.757094 0.64483
14159 0.757076 0.644843
14160 0.757062 0.64484
14161 0.757036 0.644845
14162 0.756998 0.644857
14163 0.756968 0.644852
14164 0.756943 0.644832
14165 0.756923 0.644799
14166 0.756892 0.644776
14167 0.756849 0.644763
14168 0.756814 0.644736
14169 0.756791 0.644724
14170 0.756779 0.644727
14171 0.756777 0.644742
14172 0.756783 0.644769
14173 0.756775 0.644801
14174 0.756771 0.644814
14175 0.75677 0.64481
14176 0.756771 0.644791
14177 0.756776 0.644759
14178 0.756766 0.644738
14179 0.756743 0.644725
14180 0.756709 0.644722
14181 0.756664 0.644726
14182 0.75661 0.644737
14183 0.756547 0.644754
14184 0.756477 0.644777
14185 0.7564 0.644804
14186 0.756317 0.644837
14187 0.756229 0.644873
14188 0.756135 0.644913
14189 0.756059 0.644962
14190 0.756 0.645019
14191 0.755955 0.645084
14192 0.755922 0.645155
14193 0.755896 0.645204
14194 0.755858 0.645255
14195 0.75581 0.645308
14196 0.75577 0.64534
14197 0.755736 0.645354
14198 0.755708 0.645351
14199 0.755691 0.645361
14200 0.755684 0.645384
14201 0.755686 0.645417
14202 0.755697 0.645461
14203 0.755709 0.645484
14204 0.755728 0.645518
14205 0.755754 0.645562
14206 0.755786 0.645615
14207 0.755823 0.645675
14208 0.755858 0.645714
14209 0.755893 0.645734
14210 0.75591 0.645759
14211 0.755928 0.645766
14212 0.755947 0.645757
14213 0.755966 0.645734
14214 0.755985 0.645697
14215 0.756006 0.645649
14216 0.756026 0.64559
14217 0.756047 0.645521
14218 0.756068 0.645444
14219 0.75609 0.645359
14220 0.756112 0.645268
14221 0.756134 0.64517
14222 0.756156 0.645066
14223 0.756179 0.644958
14224 0.756202 0.644845
14225 0.756225 0.644727
14226 0.756248 0.644607
14227 0.756255 0.644505
14228 0.756248 0.644421
14229 0.756227 0.644352
14230 0.756195 0.644297
14231 0.756152 0.644255
14232 0.756099 0.644224
14233 0.756038 0.644204
14234 0.755985 0.64417
14235 0.75594 0.644123
14236 0.755902 0.644067
14237 0.755876 0.644029
14238 0.755862 0.644007
14239 0.755858 0.644001
14240 0.755856 0.64398
14241 0.755841 0.643969
14242 0.755813 0.643965
14243 0.755774 0.643969
14244 0.755725 0.643979
14245 0.755667 0.643996
14246 0.755601 0.644018
14247 0.75555 0.644051
14248 0.755512 0.644093
14249 0.755487 0.644145
14250 0.755467 0.644176
14251 0.75545 0.644188
14252 0.755438 0.644184
14253 0.75543 0.644165
14254 0.755424 0.644132
14255 0.755422 0.644087
14256 0.755428 0.644059
14257 0.755442 0.644048
14258 0.755457 0.644022
14259 0.755472 0.643983
14260 0.755495 0.643962
14261 0.755524 0.643955
14262 0.755536 0.643957
14263 0.755533 0.643965
14264 0.755516 0.64398
14265 0.755487 0.644
14266 0.755463 0.644003
14267 0.755444 0.64399
14268 0.755436 0.643992
14269 0.755437 0.644006
14270 0.755423 0.644026
14271 0.755397 0.644052
14272 0.75536 0.644082
14273 0.755313 0.644116
14274 0.755256 0.644153
14275 0.755191 0.644194
14276 0.755119 0.644238
14277 0.755039 0.644285
14278 0.754954 0.644334
14279 0.754886 0.644392
14280 0.754832 0.644457
14281 0.754793 0.644528
14282 0.754765 0.644606
14283 0.754749 0.64469
14284 0.754743 0.644778
14285 0.754745 0.644871
14286 0.754755 0.644968
14287 0.754767 0.645039
14288 0.754779 0.645088
14289 0.754792 0.645117
14290 0.754812 0.645156
14291 0.754832 0.645176
14292 0.754852 0.645178
14293 0.754879 0.645193
14294 0.754904 0.645192
14295 0.754929 0.645175
14296 0.754954 0.645144
14297 0.754979 0.645101
14298 0.755003 0.645046
14299 0.755027 0.644982
14300 0.75505 0.644908
14301 0.755074 0.644827
14302 0.755097 0.644737
14303 0.75512 0.644642
14304 0.755143 0.64454
14305 0.755165 0.644433
14306 0.755188 0.644321
14307 0.755217 0.644234
14308 0.755251 0.644169
14309 0.75529 0.644123
14310 0.755333 0.644095
14311 0.755381 0.644084
14312 0.755432 0.644086
14313 0.755487 0.644102
14314 0.755544 0.644129
14315 0.755604 0.644166
14316 0.755661 0.644185
14317 0.755714 0.644186
14318 0.755764 0.644171
14319 0.755812 0.644143
14320 0.755863 0.644131
14321 0.755917 0.644133
14322 0.755974 0.644148
14323 0.756028 0.644146
14324 0.756063 0.644151
14325 0.756081 0.644164
14326 0.756083 0.644182
14327 0.756071 0.644206
14328 0.756046 0.644235
14329 0.75601 0.644269
14330 0.75598 0.644283
14331 0.755956 0.644281
14332 0.755942 0.644292
14333 0.755932 0.644287
14334 0.755925 0.644266
14335 0.755922 0.644233
14336 0.755927 0.644216
14337 0.755917 0.644207
14338 0.755895 0.644207
14339 0.755878 0.644192
14340 0.755848 0.644185
14341 0.755808 0.644186
14342 0.755757 0.644195
14343 0.755698 0.64421
14344 0.755631 0.64423
14345 0.755557 0.644256
14346 0.755492 0.644263
14347 0.755442 0.644284
14348 0.755406 0.644315
14349 0.755375 0.644328
14350 0.755355 0.644353
14351 0.755346 0.644388
14352 0.755346 0.644434
14353 0.755354 0.644488
14354 0.755364 0.644521
14355 0.755375 0.644535
14356 0.755387 0.644533
14357 0.7554 0.644515
14358 0.755414 0.644484
14359 0.755429 0.64444
14360 0.755451 0.644414
14361 0.755479 0.644404
14362 0.755506 0.644379
14363 0.755517 0.644364
14364 0.755513 0.644358
14365 0.755512 0.644337
14366 0.755513 0.644303
14367 0.755516 0.644257
14368 0.755522 0.644199
14369 0.755535 0.644161
14370 0.755555 0.64414
14371 0.755582 0.644134
14372 0.755614 0.644142
14373 0.755652 0.644163
14374 0.755694 0.644194
14375 0.755718 0.64423
14376 0.755726 0.64427
14377 0.75572 0.644313
14378 0.7557 0.644359
14379 0.755685 0.644385
14380 0.755673 0.644393
14381 0.755665 0.644385
14382 0.755645 0.644369
14383 0.755613 0.644347
14384 0.755593 0.64434
14385 0.755584 0.644347
14386 0.755583 0.644367
14387 0.755591 0.644398
14388 0.755607 0.644439
14389 0.755608 0.644468
14390 0.755595 0.644485
14391 0.755592 0.644514
14392 0.755598 0.644554
14393 0.755611 0.644603
14394 0.755632 0.64466
14395 0.755652 0.644695
14396 0.755679 0.644741
14397 0.755712 0.644795
14398 0.75575 0.644857
14399 0.755792 0.644926
14400 0.755832 0.644973
14401 0.755871 0.645
14402 0.755892 0.645031
14403 0.755898 0.645067
14404 0.755889 0.645107
14405 0.755867 0.64515
14406 0.755833 0.645196
14407 0.755789 0.645246
14408 0.755752 0.645274
14409 0.755721 0.645285
14410 0.75568 0.645302
14411 0.755628 0.645325
14412 0.755585 0.645329
14413 0.755547 0.645318
14414 0.755516 0.645293
14415 0.75549 0.645255
14416 0.755469 0.645205
14417 0.755453 0.645144
14418 0.75544 0.645074
14419 0.755431 0.644996
14420 0.755425 0.64491
14421 0.755406 0.64484
14422 0.755375 0.644784
14423 0.755333 0.644741
14424 0.755298 0.644686
14425 0.755268 0.644622
14426 0.75525 0.644578
14427 0.755242 0.644551
14428 0.755243 0.64454
14429 0.755252 0.644543
14430 0.755268 0.644559
14431 0.755292 0.644587
14432 0.755321 0.644626
14433 0.755356 0.644673
14434 0.755395 0.64473
14435 0.755439 0.644793
14436 0.755487 0.644864
14437 0.755539 0.644941
14438 0.755594 0.645023
14439 0.755651 0.645111
14440 0.755711 0.645203
14441 0.755768 0.64527
14442 0.755821 0.645315
14443 0.755872 0.64534
14444 0.755926 0.645376
14445 0.755977 0.645392
14446 0.756025 0.645392
14447 0.756078 0.645405
14448 0.756111 0.645408
14449 0.75615 0.645424
14450 0.756193 0.645452
14451 0.756241 0.64549
14452 0.756292 0.645538
14453 0.756347 0.645594
14454 0.756404 0.645657
14455 0.756443 0.645706
14456 0.756464 0.645742
14457 0.756492 0.645788
14458 0.756525 0.645842
14459 0.756563 0.645904
14460 0.756601 0.645944
14461 0.756637 0.645965
14462 0.756672 0.645968
14463 0.756691 0.645979
14464 0.756693 0.645996
14465 0.756682 0.646019
14466 0.756658 0.646048
14467 0.75664 0.646058
14468 0.756626 0.646052
14469 0.756621 0.646059
14470 0.756626 0.646079
14471 0.756639 0.64611
14472 0.756659 0.646151
14473 0.756685 0.646202
14474 0.756717 0.64626
14475 0.756754 0.646326
14476 0.756796 0.646398
14477 0.756843 0.646476
14478 0.756893 0.64656
14479 0.75694 0.64662
14480 0.756986 0.646659
14481 0.75703 0.646678
14482 0.757072 0.64668
14483 0.757113 0.646666
14484 0.757152 0.646639
14485 0.757191 0.646598
14486 0.757228 0.646547
14487 0.75727 0.646513
14488 0.757311 0.646468
14489 0.75735 0.646412
14490 0.757389 0.646346
14491 0.757426 0.646271
14492 0.757463 0.646189
14493 0.757499 0.646099
14494 0.757534 0.646003
14495 0.757574 0.645929
14496 0.757619 0.645876
14497 0.757667 0.645842
14498 0.757714 0.645796
14499 0.757759 0.645739
14500 0.757803 0.645672
14501 0.75785 0.645625
14502 0.757902 0.645596
14503 0.757957 0.645583
14504 0.758014 0.645585
14505 0.758053 0.645578
14506 0.758074 0.645563
14507 0.75808 0.645542
14508 0.758094 0.645536
14509 0.758116 0.645543
14510 0.758143 0.645564
14511 0.758176 0.645595
14512 0.758215 0.645636
14513 0.758236 0.645665
14514 0.758264 0.645704
14515 0.758297 0.645752
14516 0.758336 0.645809
14517 0.758379 0.645873
14518 0.758421 0.645916
14519 0.758462 0.645939
14520 0.758502 0.645944
14521 0.758542 0.645933
14522 0.758586 0.645937
14523 0.758634 0.645953
14524 0.758686 0.645981
14525 0.758741 0.64602
14526 0.7588 0.646067
14527 0.758839 0.646101
14528 0.758883 0.646145
14529 0.758931 0.646198
14530 0.758983 0.646259
14531 0.759017 0.646305
14532 0.75905 0.646331
14533 0.759084 0.646339
14534 0.759117 0.646331
14535 0.759134 0.646331
14536 0.759134 0.646338
14537 0.759121 0.646352
14538 0.759095 0.646372
14539 0.759057 0.646396
14540 0.759027 0.646403
14541 0.759003 0.646394
14542 0.758991 0.646399
14543 0.758988 0.646416
14544 0.758995 0.646445
14545 0.759009 0.646483
14546 0.759032 0.646531
14547 0.75906 0.646587
14548 0.759095 0.64665
14549 0.759135 0.64672
14550 0.759175 0.646768
14551 0.759214 0.646796
14552 0.759252 0.646805
14553 0.75929 0.646799
14554 0.759328 0.646777
14555 0.759371 0.646771
14556 0.759418 0.646779
14557 0.759464 0.64677
14558 0.759492 0.646754
14559 0.759504 0.646731
14560 0.759502 0.646702
14561 0.759487 0.646668
14562 0.759459 0.646628
14563 0.759422 0.646585
14564 0.759374 0.646537
14565 0.75934 0.646507
14566 0.759314 0.646465
14567 0.759293 0.646412
14568 0.759283 0.646377
14569 0.759283 0.646358
14570 0.759286 0.646326
14571 0.759298 0.64631
14572 0.759313 0.64628
14573 0.759329 0.646238
14574 0.759352 0.646213
14575 0.759382 0.646204
14576 0.759396 0.646187
14577 0.759395 0.646164
14578 0.759381 0.646134
14579 0.759377 0.646121
14580 0.759382 0.646122
14581 0.759396 0.646135
14582 0.759418 0.64616
14583 0.759446 0.646196
14584 0.75948 0.646241
14585 0.75952 0.646294
14586 0.759543 0.646333
14587 0.75955 0.64636
14588 0.759565 0.646398
14589 0.759565 0.646439
14590 0.759551 0.646483
14591 0.759542 0.646507
14592 0.759543 0.646542
14593 0.759552 0.646586
14594 0.75957 0.646639
14595 0.759595 0.646699
14596 0.759626 0.646766
14597 0.759663 0.64684
14598 0.7597 0.64689
14599 0.759737 0.646921
14600 0.759756 0.64694
14601 0.759778 0.646941
14602 0.759801 0.646928
14603 0.759825 0.6469
14604 0.75985 0.64686
14605 0.759882 0.646837
14606 0.759919 0.646829
14607 0.759962 0.646834
14608 0.76001 0.646852
14609 0.760056 0.646853
14610 0.760085 0.646846
14611 0.760098 0.64683
14612 0.760095 0.646809
14613 0.760097 0.646774
14614 0.760103 0.646727
14615 0.760111 0.64667
14616 0.760105 0.64661
14617 0.760109 0.646569
14618 0.760122 0.646545
14619 0.760143 0.646536
14620 0.76017 0.646541
14621 0.760204 0.646557
14622 0.760244 0.646586
14623 0.760266 0.646602
14624 0.760273 0.64661
14625 0.760266 0.646608
14626 0.760269 0.646619
14627 0.76028 0.646641
14628 0.760277 0.646669
14629 0.76026 0.646702
14630 0.760231 0.646739
14631 0.760214 0.646785
14632 0.760203 0.646811
14633 0.760201 0.646847
14634 0.760209 0.646892
14635 0.760226 0.646946
14636 0.760249 0.647007
14637 0.760274 0.647046
14638 0.7603 0.647066
14639 0.760328 0.64707
14640 0.760356 0.647057
14641 0.760367 0.647053
14642 0.760364 0.647058
14643 0.760347 0.647069
14644 0.760318 0.647087
14645 0.760279 0.64711
14646 0.760229 0.647139
14647 0.760194 0.647177
14648 0.760171 0.647225
14649 0.76016 0.64728
14650 0.760159 0.647343
14651 0.760161 0.647384
14652 0.760167 0.647406
14653 0.760176 0.64741
14654 0.760194 0.647427
14655 0.760218 0.647455
14656 0.760244 0.647465
14657 0.760271 0.647458
14658 0.760299 0.647437
14659 0.760328 0.647403
14660 0.760358 0.647357
14661 0.760388 0.6473
14662 0.760419 0.647234
14663 0.760457 0.647187
14664 0.760499 0.647158
14665 0.760547 0.647144
14666 0.760599 0.647144
14667 0.760632 0.647151
14668 0.760648 0.647165
14669 0.760649 0.647185
14670 0.760636 0.647211
14671 0.76061 0.647241
14672 0.76059 0.647253
14673 0.760577 0.647248
14674 0.760568 0.647229
14675 0.760564 0.647197
14676 0.760547 0.647175
14677 0.760517 0.647162
14678 0.760477 0.647159
14679 0.760427 0.647162
14680 0.760367 0.647173
14681 0.760318 0.647167
14682 0.760277 0.647147
14683 0.760244 0.647113
14684 0.760218 0.647068
14685 0.760198 0.647012
14686 0.760189 0.646974
14687 0.76019 0.646953
14688 0.7602 0.646946
14689 0.760213 0.646925
14690 0.760229 0.646891
14691 0.760228 0.646868
14692 0.760232 0.646831
14693 0.760239 0.646783
14694 0.760248 0.646725
14695 0.760243 0.646679
14696 0.760225 0.646646
14697 0.760194 0.646623
14698 0.760153 0.646609
14699 0.760125 0.64661
14700 0.760108 0.646623
14701 0.760103 0.646648
14702 0.760107 0.646683
14703 0.760121 0.646727
14704 0.760141 0.646779
14705 0.760169 0.64684
14706 0.760204 0.646906
14707 0.760244 0.646979
14708 0.760284 0.64703
14709 0.760323 0.64706
14710 0.760362 0.647072
14711 0.760384 0.64709
14712 0.760389 0.647113
14713 0.76038 0.647141
14714 0.760358 0.647174
14715 0.760324 0.647211
14716 0.76028 0.647251
14717 0.760226 0.647295
14718 0.760181 0.647319
14719 0.760145 0.647325
14720 0.760116 0.647316
14721 0.760094 0.647292
14722 0.760077 0.647255
14723 0.760066 0.647207
14724 0.760065 0.647176
14725 0.760074 0.647162
14726 0.76009 0.647161
14727 0.760114 0.647174
14728 0.76014 0.647169
14729 0.760166 0.647151
14730 0.760176 0.647141
14731 0.760171 0.647139
14732 0.760152 0.647145
14733 0.760122 0.647158
14734 0.760081 0.647177
14735 0.76003 0.647201
14736 0.75997 0.647231
14737 0.75992 0.647242
14738 0.759878 0.647236
14739 0.759845 0.647216
14740 0.759823 0.647211
14741 0.759813 0.647219
14742 0.759813 0.647239
14743 0.759822 0.64727
14744 0.759839 0.647311
14745 0.759857 0.647333
14746 0.759878 0.647337
14747 0.7599 0.647325
14748 0.759923 0.647299
14749 0.759954 0.647289
14750 0.75999 0.647292
14751 0.760031 0.647308
14752 0.760078 0.647335
14753 0.760123 0.647344
14754 0.760173 0.647365
14755 0.760205 0.647392
14756 0.760219 0.647423
14757 0.760218 0.647458
14758 0.760203 0.647497
14759 0.760176 0.64754
14760 0.760138 0.647586
14761 0.760107 0.647612
14762 0.760088 0.647649
14763 0.76008 0.647694
14764 0.760077 0.64772
14765 0.760077 0.647727
14766 0.760087 0.647747
14767 0.760104 0.647778
14768 0.760129 0.647818
14769 0.760161 0.647867
14770 0.760198 0.647924
14771 0.760235 0.64796
14772 0.760272 0.647978
14773 0.76031 0.647978
14774 0.760346 0.647963
14775 0.760383 0.647934
14776 0.76042 0.647893
14777 0.760462 0.647869
14778 0.76051 0.64786
14779 0.760561 0.647864
14780 0.760617 0.647881
14781 0.760671 0.647881
14782 0.760705 0.647888
14783 0.760723 0.647902
14784 0.760742 0.647899
14785 0.760763 0.647881
14786 0.760768 0.647873
14787 0.760759 0.647872
14788 0.760737 0.647879
14789 0.760726 0.647898
14790 0.760721 0.6479
14791 0.760719 0.647887
14792 0.760722 0.64786
14793 0.760734 0.647848
14794 0.760753 0.647849
14795 0.760781 0.647864
14796 0.760814 0.647889
14797 0.760831 0.64792
14798 0.760832 0.647955
14799 0.760819 0.647993
14800 0.760794 0.648036
14801 0.760757 0.648082
14802 0.76071 0.64813
14803 0.760654 0.648181
14804 0.760607 0.648212
14805 0.760569 0.648225
14806 0.760521 0.648244
14807 0.760481 0.648245
14808 0.760432 0.648254
14809 0.760374 0.648269
14810 0.760325 0.648268
14811 0.760285 0.648252
14812 0.760252 0.648222
14813 0.760209 0.648202
14814 0.760156 0.648192
14815 0.760095 0.64819
14816 0.760043 0.648173
14817 0.760001 0.648142
14818 0.759948 0.648122
14819 0.759887 0.648111
14820 0.759818 0.648109
14821 0.759743 0.648114
14822 0.759661 0.648126
14823 0.75959 0.648121
14824 0.759536 0.64813
14825 0.759496 0.648151
14826 0.759464 0.648154
14827 0.759438 0.648142
14828 0.759419 0.648116
14829 0.759404 0.648077
14830 0.759395 0.648027
14831 0.759391 0.647966
14832 0.75939 0.647896
14833 0.759393 0.647818
14834 0.759399 0.647732
14835 0.759408 0.64764
14836 0.75942 0.647542
14837 0.759434 0.647438
14838 0.75945 0.647329
14839 0.759468 0.647216
14840 0.759493 0.647127
14841 0.759524 0.647059
14842 0.759562 0.647012
14843 0.759604 0.646981
14844 0.759646 0.646939
14845 0.759688 0.646885
14846 0.759728 0.646822
14847 0.759751 0.646773
14848 0.759758 0.646735
14849 0.75975 0.646709
14850 0.759729 0.646693
14851 0.759696 0.646686
14852 0.759676 0.646693
14853 0.759667 0.646712
14854 0.759667 0.646741
14855 0.759677 0.646781
14856 0.759672 0.646824
14857 0.759654 0.64687
14858 0.759623 0.646919
14859 0.759582 0.64697
14860 0.759531 0.647024
14861 0.759472 0.647079
14862 0.759427 0.647142
14863 0.759396 0.647212
14864 0.759376 0.647287
14865 0.759362 0.64734
14866 0.759353 0.647372
14867 0.759354 0.647414
14868 0.759363 0.647464
14869 0.759381 0.647523
14870 0.759383 0.647583
14871 0.759371 0.647644
14872 0.759363 0.647684
14873 0.759342 0.647727
14874 0.75931 0.647773
14875 0.759267 0.647822
14876 0.759214 0.647874
14877 0.75917 0.647905
14878 0.759134 0.647917
14879 0.759105 0.647913
14880 0.759082 0.647894
14881 0.759064 0.647862
14882 0.759052 0.647817
14883 0.759044 0.647762
14884 0.75904 0.647697
14885 0.759041 0.647623
14886 0.759027 0.647563
14887 0.759 0.647517
14888 0.758963 0.647483
14889 0.758938 0.647465
14890 0.758924 0.647462
14891 0.758921 0.647472
14892 0.758926 0.647494
14893 0.75894 0.647527
14894 0.758956 0.647541
14895 0.758974 0.647539
14896 0.758993 0.647521
14897 0.759014 0.64749
14898 0.759018 0.647469
14899 0.759009 0.647458
14900 0.759009 0.64746
14901 0.759018 0.647476
14902 0.759012 0.647497
14903 0.758993 0.647523
14904 0.758985 0.64756
14905 0.758986 0.647606
14906 0.75899 0.647632
14907 0.758998 0.647641
14908 0.759008 0.647633
14909 0.75902 0.64761
14910 0.759035 0.647575
14911 0.759051 0.647528
14912 0.759052 0.647493
14913 0.759039 0.647468
14914 0.759014 0.647454
14915 0.758977 0.647449
14916 0.758953 0.647457
14917 0.75894 0.647478
14918 0.758932 0.647481
14919 0.758933 0.647496
14920 0.758943 0.647523
14921 0.758961 0.647561
14922 0.758986 0.647607
14923 0.759012 0.647634
14924 0.759044 0.647671
14925 0.759076 0.647689
14926 0.759109 0.64769
14927 0.759124 0.647698
14928 0.759124 0.647713
14929 0.759111 0.647734
14930 0.759085 0.647761
14931 0.759065 0.64777
14932 0.759034 0.647785
14933 0.758991 0.647807
14934 0.75894 0.647834
14935 0.758879 0.647866
14936 0.758811 0.647902
14937 0.758753 0.647919
14938 0.758705 0.647919
14939 0.758664 0.647904
14940 0.758613 0.647898
14941 0.758554 0.6479
14942 0.758487 0.647909
14943 0.758436 0.64793
14944 0.758392 0.647934
14945 0.758357 0.647922
14946 0.758328 0.647896
14947 0.758305 0.647858
14948 0.758287 0.647807
14949 0.758274 0.647747
14950 0.758266 0.647677
14951 0.758262 0.647599
14952 0.758261 0.647513
14953 0.758263 0.64742
14954 0.758269 0.647322
14955 0.758282 0.647246
14956 0.758303 0.647191
14957 0.75833 0.647155
14958 0.758358 0.647106
14959 0.758369 0.64707
14960 0.758365 0.647045
14961 0.758347 0.647029
14962 0.758317 0.647023
14963 0.758277 0.647024
14964 0.758243 0.64701
14965 0.758216 0.646982
14966 0.7582 0.646969
14967 0.758195 0.646971
14968 0.758199 0.646986
14969 0.758205 0.646984
14970 0.75822 0.646995
14971 0.758242 0.647019
14972 0.75827 0.647053
14973 0.758282 0.64709
14974 0.758278 0.647132
14975 0.758261 0.647176
14976 0.758232 0.647224
14977 0.758192 0.647273
14978 0.758141 0.647326
14979 0.758082 0.64738
14980 0.758015 0.647436
14981 0.757941 0.647494
14982 0.75786 0.647553
14983 0.75779 0.647591
14984 0.757731 0.64761
14985 0.75768 0.647611
14986 0.75762 0.64762
14987 0.757553 0.647635
14988 0.757478 0.647655
14989 0.757414 0.647658
14990 0.757364 0.647674
14991 0.757328 0.647702
14992 0.757304 0.64774
14993 0.757291 0.647787
14994 0.757282 0.647815
14995 0.757283 0.647852
14996 0.757292 0.647899
14997 0.757308 0.647955
14998 0.757326 0.64799
14999 0.757345 0.648005
15000 0.757365 0.648004
