14000 0.694659 0.664782
14001 0.694621 0.664815
14002 0.694603 0.664847
14003 0.6946 0.664879
14004 0.694613 0.664911
14005 0.69461 0.664944
14006 0.694593 0.664978
14007 0.694593 0.665012
14008 0.694581 0.665033
14009 0.694558 0.665043
14010 0.694526 0.665043
14011 0.694486 0.665033
14012 0.694464 0.665027
14013 0.694459 0.665024
14014 0.694469 0.665025
14015 0.694493 0.665029
14016 0.694503 0.665023
14017 0.6945 0.665008
14018 0.694512 0.664998
14019 0.694537 0.664992
14020 0.694575 0.664989
14021 0.694597 0.664977
14022 0.694605 0.664957
14023 0.694599 0.664944
14024 0.694578 0.664937
14025 0.694546 0.664935
14026 0.694532 0.664936
14027 0.694533 0.66494
14028 0.694549 0.664947
14029 0.694578 0.664956
14030 0.694619 0.664967
14031 0.69467 0.66498
14032 0.694702 0.664996
14033 0.694716 0.665016
14034 0.694715 0.665038
14035 0.694703 0.665048
14036 0.69468 0.665048
14037 0.694648 0.665039
14038 0.694633 0.665034
14039 0.694635 0.665032
14040 0.694651 0.665034
14041 0.694653 0.665026
14042 0.69467 0.665021
14043 0.6947 0.66502
14044 0.694716 0.66501
14045 0.694718 0.664992
14046 0.694708 0.664966
14047 0.694688 0.664933
14048 0.694657 0.664895
14049 0.694645 0.664863
14050 0.694649 0.664836
14051 0.694666 0.664816
14052 0.694697 0.6648
14053 0.694713 0.664776
14054 0.694716 0.664746
14055 0.694706 0.664709
14056 0.694687 0.664666
14057 0.694657 0.664619
14058 0.694619 0.664567
14059 0.694573 0.66451
14060 0.694546 0.664463
14061 0.694536 0.664422
14062 0.694514 0.664391
14063 0.694479 0.664367
14064 0.694462 0.664349
14065 0.694462 0.664335
14066 0.694476 0.664326
14067 0.694475 0.664322
14068 0.69446 0.664323
14069 0.69446 0.664327
14070 0.694476 0.664334
14071 0.694475 0.664344
14072 0.694489 0.664357
14073 0.694488 0.664372
14074 0.694501 0.664389
14075 0.694528 0.664408
14076 0.694566 0.664428
14077 0.694586 0.66445
14078 0.69459 0.664475
14079 0.69458 0.664502
14080 0.694556 0.66453
14081 0.694521 0.66456
14082 0.694475 0.664592
14083 0.694448 0.664623
14084 0.694438 0.664655
14085 0.694444 0.664687
14086 0.694464 0.664718
14087 0.694467 0.664751
14088 0.694456 0.664786
14089 0.694432 0.664821
14090 0.694397 0.664858
14091 0.69435 0.664895
14092 0.694323 0.664932
14093 0.694313 0.664969
14094 0.694319 0.665005
14095 0.694338 0.665041
14096 0.69437 0.665076
14097 0.694385 0.665113
14098 0.694384 0.665151
14099 0.694372 0.665175
14100 0.694349 0.665188
14101 0.694317 0.665191
14102 0.694276 0.665184
14103 0.694228 0.665169
14104 0.694172 0.665146
14105 0.694137 0.665128
14106 0.69412 0.665116
14107 0.694119 0.665109
14108 0.694132 0.665105
14109 0.694159 0.665106
14110 0.694197 0.66511
14111 0.694246 0.665117
14112 0.694279 0.665114
14113 0.694296 0.665102
14114 0.6943 0.665082
14115 0.694319 0.665068
14116 0.694349 0.665059
14117 0.694391 0.665054
14118 0.694444 0.665053
14119 0.694479 0.665043
14120 0.6945 0.665024
14121 0.694506 0.664998
14122 0.694498 0.66498
14123 0.694477 0.664968
14124 0.694443 0.664961
14125 0.694428 0.664959
14126 0.694428 0.66496
14127 0.694443 0.664964
14128 0.694471 0.664972
14129 0.694484 0.664969
14130 0.694485 0.664958
14131 0.694474 0.664938
14132 0.694452 0.664911
14133 0.694421 0.664877
14134 0.694382 0.664838
14135 0.694334 0.664793
14136 0.694307 0.664756
14137 0.694296 0.664726
14138 0.694301 0.664702
14139 0.694319 0.664685
14140 0.694325 0.664659
14141 0.694318 0.664627
14142 0.6943 0.664589
14143 0.694299 0.664558
14144 0.694312 0.664534
14145 0.694338 0.664516
14146 0.69435 0.66449
14147 0.69435 0.664457
14148 0.694338 0.664418
14149 0.694341 0.664387
14150 0.694359 0.664362
14151 0.694389 0.664343
14152 0.694402 0.664331
14153 0.694399 0.664324
14154 0.694383 0.664323
14155 0.694354 0.664326
14156 0.694314 0.664333
14157 0.694264 0.664343
14158 0.694204 0.664357
14159 0.694136 0.664375
14160 0.694061 0.664394
14161 0.694008 0.664416
14162 0.693974 0.664439
14163 0.693959 0.664463
14164 0.693959 0.664489
14165 0.693973 0.664515
14166 0.694001 0.664543
14167 0.69404 0.664572
14168 0.694061 0.664602
14169 0.694066 0.664634
14170 0.694056 0.664667
14171 0.694033 0.664701
14172 0.693998 0.664737
14173 0.693953 0.664773
14174 0.693926 0.664809
14175 0.693916 0.664846
14176 0.693922 0.664883
14177 0.693942 0.66492
14178 0.693973 0.664957
14179 0.694016 0.664994
14180 0.694041 0.665032
14181 0.694049 0.66507
14182 0.694042 0.66511
14183 0.694022 0.66515
14184 0.693989 0.665191
14185 0.693946 0.665232
14186 0.693893 0.665274
14187 0.693831 0.665316
14188 0.693761 0.665358
14189 0.693683 0.665401
14190 0.6936 0.665445
14191 0.69351 0.665488
14192 0.693416 0.665532
14193 0.693345 0.665576
14194 0.693296 0.665619
14195 0.693265 0.665662
14196 0.693253 0.665705
14197 0.693256 0.665747
14198 0.693273 0.665789
14199 0.693302 0.665832
14200 0.693315 0.665874
14201 0.693312 0.665917
14202 0.693295 0.665961
14203 0.693294 0.666004
14204 0.693307 0.666047
14205 0.693334 0.66609
14206 0.693372 0.666133
14207 0.693392 0.666176
14208 0.693396 0.666219
14209 0.693386 0.666263
14210 0.693362 0.666307
14211 0.693355 0.666351
14212 0.693363 0.666394
14213 0.693385 0.666438
14214 0.693418 0.666481
14215 0.693463 0.666524
14216 0.693517 0.666567
14217 0.693551 0.666611
14218 0.693569 0.666655
14219 0.69357 0.666699
14220 0.693586 0.666743
14221 0.693614 0.666787
14222 0.693627 0.666818
14223 0.693628 0.666836
14224 0.693616 0.666844
14225 0.693594 0.666842
14226 0.693562 0.666831
14227 0.693522 0.666813
14228 0.693474 0.666787
14229 0.693418 0.666755
14230 0.693356 0.666717
14231 0.693289 0.666675
14232 0.693216 0.666627
14233 0.693165 0.666589
14234 0.693133 0.666558
14235 0.693119 0.666535
14236 0.69312 0.666518
14237 0.693136 0.666507
14238 0.693165 0.666502
14239 0.693205 0.666501
14240 0.693255 0.666504
14241 0.693315 0.666511
14242 0.693383 0.666521
14243 0.693458 0.666534
14244 0.693541 0.66655
14245 0.693603 0.666556
14246 0.693647 0.666552
14247 0.693674 0.66654
14248 0.693687 0.66652
14249 0.693687 0.666492
14250 0.693675 0.666459
14251 0.693652 0.66642
14252 0.69362 0.666376
14253 0.693577 0.666342
14254 0.693552 0.666315
14255 0.693544 0.666295
14256 0.693552 0.66628
14257 0.693573 0.666271
14258 0.693606 0.666267
14259 0.693624 0.666254
14260 0.693629 0.666234
14261 0.693621 0.666206
14262 0.693628 0.666185
14263 0.693649 0.666171
14264 0.693682 0.666161
14265 0.693726 0.666156
14266 0.693752 0.666157
14267 0.693761 0.666163
14268 0.693755 0.666173
14269 0.693736 0.666187
14270 0.693733 0.666203
14271 0.693745 0.666222
14272 0.693742 0.666244
14273 0.693725 0.666268
14274 0.693696 0.666295
14275 0.693655 0.666325
14276 0.693604 0.666356
14277 0.693545 0.66639
14278 0.693477 0.666425
14279 0.693402 0.666462
14280 0.69332 0.6665
14281 0.693233 0.666539
14282 0.693169 0.666579
14283 0.693125 0.666618
14284 0.6931 0.666657
14285 0.693092 0.666697
14286 0.6931 0.666737
14287 0.693092 0.666777
14288 0.693072 0.666819
14289 0.693039 0.666861
14290 0.692995 0.666904
14291 0.69297 0.666947
14292 0.692962 0.66699
14293 0.692969 0.667033
14294 0.692989 0.667076
14295 0.693022 0.66712
14296 0.693065 0.667163
14297 0.693119 0.667206
14298 0.693153 0.66725
14299 0.69317 0.667294
14300 0.693171 0.66734
14301 0.693186 0.667385
14302 0.693214 0.667429
14303 0.693253 0.667474
14304 0.693303 0.667519
14305 0.693335 0.66755
14306 0.693353 0.66757
14307 0.693356 0.667578
14308 0.693347 0.667578
14309 0.693327 0.667568
14310 0.693297 0.667551
14311 0.69327 0.667521
14312 0.693247 0.667478
14313 0.693227 0.667425
14314 0.69321 0.667363
14315 0.693195 0.667291
14316 0.693182 0.667212
14317 0.693171 0.667126
14318 0.693163 0.667034
14319 0.693155 0.666936
14320 0.693163 0.666851
14321 0.693185 0.66678
14322 0.693218 0.66672
14323 0.693263 0.66667
14324 0.693317 0.666629
14325 0.69338 0.666596
14326 0.693451 0.666571
14327 0.69353 0.666552
14328 0.693615 0.666539
14329 0.693705 0.666532
14330 0.693775 0.666516
14331 0.693826 0.666493
14332 0.69386 0.666464
14333 0.693878 0.666428
14334 0.693883 0.666387
14335 0.693876 0.666342
14336 0.693857 0.666291
14337 0.693828 0.666238
14338 0.693791 0.66618
14339 0.693745 0.666119
14340 0.693718 0.666069
14341 0.693708 0.666027
14342 0.693714 0.665993
14343 0.693733 0.665967
14344 0.693737 0.665948
14345 0.693726 0.665936
14346 0.693702 0.66593
14347 0.693666 0.665929
14348 0.69362 0.665934
14349 0.693564 0.665943
14350 0.693528 0.665955
14351 0.693511 0.665969
14352 0.693509 0.665986
14353 0.693523 0.666005
14354 0.693549 0.666025
14355 0.693587 0.666048
14356 0.693636 0.666071
14357 0.693695 0.666096
14358 0.693733 0.666124
14359 0.693754 0.666153
14360 0.693758 0.666185
14361 0.693777 0.666217
14362 0.693808 0.66625
14363 0.693822 0.666284
14364 0.69382 0.66632
14365 0.693805 0.666357
14366 0.693805 0.666394
14367 0.693821 0.666431
14368 0.693849 0.666468
14369 0.693862 0.666492
14370 0.693862 0.666505
14371 0.69385 0.666507
14372 0.693827 0.6665
14373 0.693795 0.666485
14374 0.69378 0.666475
14375 0.693782 0.666469
14376 0.693798 0.666468
14377 0.693826 0.66647
14378 0.693867 0.666475
14379 0.693918 0.666483
14380 0.693978 0.666494
14381 0.694021 0.666495
14382 0.694047 0.666486
14383 0.694057 0.666484
14384 0.694052 0.666486
14385 0.694033 0.666494
14386 0.694002 0.666506
14387 0.69396 0.666522
14388 0.693936 0.666539
14389 0.69393 0.666558
14390 0.693939 0.666579
14391 0.693932 0.666603
14392 0.693913 0.666629
14393 0.69391 0.666657
14394 0.693921 0.666685
14395 0.693918 0.666715
14396 0.693929 0.666746
14397 0.693954 0.666777
14398 0.693962 0.66681
14399 0.693957 0.666831
14400 0.693968 0.666853
14401 0.693991 0.666876
14402 0.694027 0.666901
14403 0.694046 0.666928
14404 0.694048 0.666958
14405 0.694036 0.666989
14406 0.694011 0.667022
14407 0.693975 0.667057
14408 0.693928 0.667093
14409 0.693872 0.667131
14410 0.693836 0.667169
14411 0.693818 0.667206
14412 0.693816 0.667243
14413 0.693801 0.667282
14414 0.693801 0.66732
14415 0.693787 0.667359
14416 0.69379 0.667398
14417 0.693806 0.667437
14418 0.693807 0.667477
14419 0.693822 0.667517
14420 0.693824 0.667544
14421 0.693813 0.667559
14422 0.693792 0.667564
14423 0.69376 0.667559
14424 0.69372 0.667546
14425 0.693672 0.667526
14426 0.693643 0.667511
14427 0.693632 0.667501
14428 0.693636 0.667496
14429 0.693654 0.667495
14430 0.693685 0.667498
14431 0.693727 0.667504
14432 0.693753 0.667501
14433 0.693765 0.667489
14434 0.693763 0.667469
14435 0.69375 0.667442
14436 0.693726 0.66741
14437 0.693719 0.667383
14438 0.693727 0.667364
14439 0.693748 0.667349
14440 0.693782 0.66734
14441 0.693828 0.667335
14442 0.693856 0.667322
14443 0.69387 0.667301
14444 0.693871 0.667273
14445 0.69386 0.667239
14446 0.693838 0.667199
14447 0.693806 0.667154
14448 0.693766 0.667105
14449 0.693744 0.667064
14450 0.693739 0.66703
14451 0.693749 0.667004
14452 0.693772 0.666984
14453 0.693808 0.666969
14454 0.693854 0.66696
14455 0.693884 0.666942
14456 0.693899 0.666917
14457 0.693901 0.666885
14458 0.693891 0.666847
14459 0.693897 0.666817
14460 0.693916 0.666793
14461 0.693948 0.666775
14462 0.693991 0.666762
14463 0.694045 0.666754
14464 0.694081 0.666738
14465 0.694102 0.666714
14466 0.694109 0.666683
14467 0.694104 0.666647
14468 0.694114 0.666617
14469 0.694109 0.666595
14470 0.69409 0.66658
14471 0.694059 0.666571
14472 0.694045 0.666566
14473 0.694047 0.666566
14474 0.694064 0.666569
14475 0.694093 0.666576
14476 0.694134 0.666585
14477 0.694185 0.666597
14478 0.694216 0.666612
14479 0.694231 0.666631
14480 0.69423 0.666652
14481 0.694214 0.666675
14482 0.694215 0.6667
14483 0.69423 0.666725
14484 0.694258 0.666752
14485 0.694298 0.66678
14486 0.694348 0.666808
14487 0.694381 0.666824
14488 0.694399 0.66683
14489 0.694404 0.666826
14490 0.694397 0.666813
14491 0.694379 0.666791
14492 0.694351 0.666763
14493 0.694314 0.666729
14494 0.694269 0.666688
14495 0.694217 0.666643
14496 0.694158 0.666593
14497 0.694093 0.666538
14498 0.694023 0.66648
14499 0.693949 0.666419
14500 0.693896 0.666367
14501 0.693863 0.666324
14502 0.693848 0.666289
14503 0.693849 0.66626
14504 0.693864 0.666239
14505 0.693892 0.666222
14506 0.693932 0.666211
14507 0.693983 0.666205
14508 0.694016 0.66619
14509 0.694035 0.666167
14510 0.69404 0.666137
14511 0.694033 0.666101
14512 0.694014 0.66606
14513 0.694013 0.666026
14514 0.694025 0.665998
14515 0.694052 0.665977
14516 0.69409 0.665961
14517 0.694139 0.66595
14518 0.694197 0.665943
14519 0.694265 0.66594
14520 0.69434 0.66594
14521 0.694422 0.665944
14522 0.694511 0.66595
14523 0.694579 0.665946
14524 0.694629 0.665933
14525 0.694662 0.665912
14526 0.69468 0.665884
14527 0.694685 0.66585
14528 0.694704 0.665821
14529 0.694735 0.665799
14530 0.694778 0.665781
14531 0.694805 0.665756
14532 0.694818 0.665724
14533 0.694818 0.665686
14534 0.694807 0.665642
14535 0.694811 0.665605
14536 0.69483 0.665575
14537 0.694835 0.665539
14538 0.694828 0.665496
14539 0.694836 0.665461
14540 0.694858 0.665432
14541 0.694867 0.665396
14542 0.694863 0.665354
14543 0.694874 0.66532
14544 0.694899 0.665291
14545 0.694935 0.665268
14546 0.694957 0.665238
14547 0.694965 0.665202
14548 0.694987 0.665171
14549 0.695021 0.665147
14550 0.695067 0.665127
14551 0.695096 0.6651
14552 0.695112 0.665066
14553 0.695114 0.665026
14554 0.695131 0.664993
14555 0.69516 0.664965
14556 0.695202 0.664943
14557 0.695253 0.664925
14558 0.695315 0.664912
14559 0.695358 0.664891
14560 0.695386 0.664862
14561 0.6954 0.664826
14562 0.695401 0.664785
14563 0.695391 0.664738
14564 0.695371 0.664686
14565 0.695341 0.66463
14566 0.695328 0.664582
14567 0.695332 0.664541
14568 0.69535 0.664507
14569 0.695381 0.664478
14570 0.695423 0.664454
14571 0.695476 0.664435
14572 0.695512 0.664409
14573 0.695533 0.664375
14574 0.695541 0.664335
14575 0.695536 0.66429
14576 0.695521 0.664239
14577 0.695522 0.664196
14578 0.695538 0.664159
14579 0.695566 0.664128
14580 0.695607 0.664102
14581 0.695658 0.66408
14582 0.695719 0.664063
14583 0.695788 0.664049
14584 0.695839 0.664027
14585 0.695874 0.663997
14586 0.695891 0.663975
14587 0.695892 0.663958
14588 0.695879 0.663948
14589 0.695853 0.663942
14590 0.695815 0.66394
14591 0.695767 0.663943
14592 0.695738 0.663948
14593 0.695727 0.663953
14594 0.695731 0.66396
14595 0.69575 0.663969
14596 0.695782 0.663978
14597 0.695825 0.663989
14598 0.695849 0.664002
14599 0.695857 0.664017
14600 0.69585 0.664035
14601 0.695832 0.664042
14602 0.695805 0.664038
14603 0.695769 0.664024
14604 0.695752 0.664014
14605 0.695751 0.664007
14606 0.695739 0.663991
14607 0.695717 0.663967
14608 0.695712 0.663947
14609 0.695722 0.66393
14610 0.695746 0.663917
14611 0.695756 0.663896
14612 0.695754 0.663867
14613 0.695742 0.663831
14614 0.695745 0.6638
14615 0.695762 0.663774
14616 0.695793 0.663753
14617 0.695835 0.663735
14618 0.695862 0.663709
14619 0.695875 0.663675
14620 0.695876 0.663636
14621 0.695865 0.66359
14622 0.69587 0.663551
14623 0.69589 0.663517
14624 0.695922 0.663488
14625 0.695965 0.663463
14626 0.69602 0.663442
14627 0.696083 0.663425
14628 0.696155 0.663411
14629 0.696208 0.663389
14630 0.696242 0.663372
14631 0.696258 0.663361
14632 0.696258 0.663355
14633 0.696244 0.663353
14634 0.696217 0.663354
14635 0.696179 0.66336
14636 0.696129 0.663368
14637 0.6961 0.663377
14638 0.696088 0.663387
14639 0.696092 0.663397
14640 0.69611 0.663407
14641 0.696142 0.663418
14642 0.696184 0.663429
14643 0.696209 0.663443
14644 0.696216 0.663458
14645 0.696209 0.663476
14646 0.696187 0.663496
14647 0.696154 0.663518
14648 0.69611 0.663541
14649 0.696055 0.663565
14650 0.696021 0.663588
14651 0.696005 0.663611
14652 0.696005 0.663632
14653 0.69602 0.663653
14654 0.696049 0.663673
14655 0.696089 0.663692
14656 0.69614 0.663711
14657 0.696171 0.663732
14658 0.696185 0.663754
14659 0.696184 0.663777
14660 0.696171 0.663789
14661 0.696149 0.663789
14662 0.696117 0.66378
14663 0.696078 0.663762
14664 0.696032 0.663735
14665 0.696005 0.663713
14666 0.695995 0.663695
14667 0.696001 0.663679
14668 0.696022 0.663667
14669 0.696055 0.663657
14670 0.696073 0.663638
14671 0.696079 0.663612
14672 0.696073 0.663578
14673 0.696083 0.663549
14674 0.696106 0.663524
14675 0.696141 0.663503
14676 0.696188 0.663486
14677 0.696219 0.66346
14678 0.696236 0.663428
14679 0.696237 0.663402
14680 0.696223 0.663382
14681 0.696197 0.663368
14682 0.696159 0.663359
14683 0.69611 0.663355
14684 0.696081 0.663352
14685 0.696069 0.663351
14686 0.696074 0.663351
14687 0.696092 0.663353
14688 0.696124 0.663356
14689 0.696138 0.663362
14690 0.696136 0.663371
14691 0.696121 0.663383
14692 0.696121 0.663395
14693 0.69611 0.663397
14694 0.69609 0.663388
14695 0.69606 0.66337
14696 0.696022 0.663345
14697 0.696003 0.663323
14698 0.696 0.663305
14699 0.696013 0.66329
14700 0.696039 0.663279
14701 0.696051 0.663258
14702 0.696051 0.66323
14703 0.696065 0.663206
14704 0.696093 0.663186
14705 0.696104 0.663171
14706 0.696099 0.663162
14707 0.696081 0.663157
14708 0.696079 0.663154
14709 0.696092 0.663153
14710 0.696118 0.663153
14711 0.696157 0.663155
14712 0.696177 0.66316
14713 0.696184 0.663155
14714 0.696176 0.663154
14715 0.696155 0.663157
14716 0.696121 0.663162
14717 0.696077 0.663171
14718 0.696022 0.663183
14719 0.695959 0.663197
14720 0.695917 0.663211
14721 0.695893 0.663225
14722 0.695887 0.663239
14723 0.695896 0.663254
14724 0.695918 0.663269
14725 0.695954 0.663284
14726 0.695971 0.663301
14727 0.695972 0.66332
14728 0.695959 0.663341
14729 0.695962 0.663361
14730 0.695979 0.663381
14731 0.69598 0.663403
14732 0.695967 0.663426
14733 0.695941 0.663451
14734 0.695903 0.663477
14735 0.695854 0.663503
14736 0.695825 0.663529
14737 0.695814 0.663554
14738 0.695818 0.663579
14739 0.695808 0.663605
14740 0.695784 0.663631
14741 0.695778 0.663657
14742 0.695786 0.663683
14743 0.695809 0.663707
14744 0.695815 0.663733
14745 0.695806 0.66376
14746 0.695812 0.663786
14747 0.695833 0.663812
14748 0.695866 0.663837
14749 0.695882 0.663863
14750 0.695881 0.66389
14751 0.695896 0.663916
14752 0.695923 0.663942
14753 0.695963 0.663967
14754 0.696013 0.663992
14755 0.696044 0.664018
14756 0.696057 0.664045
14757 0.696055 0.664072
14758 0.696039 0.664101
14759 0.69601 0.664131
14760 0.695969 0.664161
14761 0.695919 0.664192
14762 0.695859 0.664224
14763 0.69582 0.664254
14764 0.695799 0.664284
14765 0.695795 0.664312
14766 0.695806 0.664339
14767 0.695831 0.664366
14768 0.695868 0.664392
14769 0.695916 0.664417
14770 0.695973 0.664442
14771 0.69604 0.664466
14772 0.696114 0.664489
14773 0.696167 0.664514
14774 0.6962 0.66454
14775 0.696216 0.664567
14776 0.696219 0.664581
14777 0.696211 0.664585
14778 0.696192 0.664578
14779 0.696164 0.664562
14780 0.696128 0.664538
14781 0.696085 0.664507
14782 0.696034 0.664469
14783 0.696004 0.664436
14784 0.695991 0.664408
14785 0.695994 0.664385
14786 0.696012 0.664365
14787 0.696042 0.664349
14788 0.696084 0.664336
14789 0.696111 0.664315
14790 0.696124 0.664285
14791 0.696125 0.664249
14792 0.696115 0.664207
14793 0.696094 0.664159
14794 0.696091 0.664118
14795 0.696102 0.664082
14796 0.696127 0.664051
14797 0.696164 0.664024
14798 0.696212 0.664002
14799 0.69627 0.663983
14800 0.696337 0.663968
14801 0.696386 0.663944
14802 0.696416 0.663926
14803 0.696429 0.663914
14804 0.696426 0.663906
14805 0.696409 0.663903
14806 0.696379 0.663903
14807 0.696338 0.663907
14808 0.696286 0.663914
14809 0.696226 0.663924
14810 0.696157 0.663936
14811 0.69608 0.663951
14812 0.695997 0.663967
14813 0.695937 0.663984
14814 0.695897 0.664
14815 0.695877 0.664015
14816 0.695873 0.664031
14817 0.695884 0.664046
14818 0.695909 0.664061
14819 0.695947 0.664076
14820 0.695966 0.664092
14821 0.695968 0.664111
14822 0.695957 0.664132
14823 0.695931 0.664154
14824 0.695894 0.664177
14825 0.695846 0.664202
14826 0.695789 0.664228
14827 0.695723 0.664255
14828 0.695649 0.664283
14829 0.695597 0.66431
14830 0.695565 0.664335
14831 0.695552 0.664359
14832 0.695554 0.664382
14833 0.695571 0.664404
14834 0.695601 0.664425
14835 0.695643 0.664445
14836 0.695696 0.664465
14837 0.695758 0.664484
14838 0.695829 0.664502
14839 0.695907 0.66452
14840 0.695964 0.66454
14841 0.696 0.664562
14842 0.696022 0.664572
14843 0.69603 0.664572
14844 0.696026 0.664561
14845 0.696011 0.664542
14846 0.695987 0.664516
14847 0.695954 0.664482
14848 0.695912 0.664442
14849 0.695864 0.664396
14850 0.695809 0.664345
14851 0.695775 0.664301
14852 0.695759 0.664262
14853 0.695759 0.664229
14854 0.695773 0.664201
14855 0.695801 0.664177
14856 0.695842 0.664158
14857 0.695892 0.664141
14858 0.695924 0.664131
14859 0.695938 0.664125
14860 0.695936 0.664124
14861 0.69592 0.664126
14862 0.695891 0.664133
14863 0.695851 0.664142
14864 0.6958 0.664154
14865 0.69574 0.664169
14866 0.695672 0.664186
14867 0.695625 0.664203
14868 0.695598 0.66422
14869 0.695588 0.664237
14870 0.695594 0.664254
14871 0.695615 0.66427
14872 0.695648 0.664286
14873 0.695692 0.664303
14874 0.695718 0.664321
14875 0.695726 0.664342
14876 0.69572 0.664364
14877 0.695699 0.664387
14878 0.695667 0.664412
14879 0.695623 0.664439
14880 0.695569 0.664466
14881 0.695506 0.664494
14882 0.695435 0.664524
14883 0.695386 0.664552
14884 0.695356 0.664579
14885 0.695344 0.664605
14886 0.695349 0.664631
14887 0.695367 0.664655
14888 0.695399 0.66468
14889 0.695442 0.664703
14890 0.695495 0.664726
14891 0.695529 0.664751
14892 0.695545 0.664777
14893 0.695546 0.664804
14894 0.695531 0.664832
14895 0.695504 0.664862
14896 0.695495 0.66489
14897 0.695501 0.664918
14898 0.695521 0.664945
14899 0.695554 0.664971
14900 0.695569 0.664998
14901 0.695568 0.665026
14902 0.695553 0.665056
14903 0.695526 0.665086
14904 0.695487 0.665118
14905 0.695437 0.66515
14906 0.695407 0.665181
14907 0.695395 0.665212
14908 0.695399 0.665241
14909 0.695417 0.665269
14910 0.695447 0.665297
14911 0.69549 0.665324
14912 0.695543 0.66535
14913 0.695576 0.665378
14914 0.695595 0.665393
14915 0.695601 0.665398
14916 0.695594 0.665392
14917 0.695578 0.665377
14918 0.695551 0.665354
14919 0.695516 0.665323
14920 0.695499 0.665298
14921 0.695498 0.665277
14922 0.695513 0.66526
14923 0.69554 0.665246
14924 0.69558 0.665236
14925 0.69563 0.665229
14926 0.695661 0.665226
14927 0.695675 0.665228
14928 0.695672 0.665233
14929 0.695656 0.665242
14930 0.695627 0.665254
14931 0.695587 0.665269
14932 0.695536 0.665286
14933 0.695477 0.665305
14934 0.695437 0.665325
14935 0.695417 0.665344
14936 0.695384 0.665365
14937 0.69534 0.665389
14938 0.695315 0.665412
14939 0.695308 0.665434
14940 0.695287 0.665459
14941 0.695253 0.665485
14942 0.695209 0.665512
14943 0.695184 0.665539
14944 0.695176 0.665565
14945 0.695184 0.66559
14946 0.695176 0.665618
14947 0.695184 0.665644
14948 0.695177 0.665672
14949 0.695185 0.665699
14950 0.695208 0.665725
14951 0.695242 0.665751
14952 0.695259 0.665779
14953 0.69526 0.665808
14954 0.695276 0.665836
14955 0.695305 0.665863
14956 0.695346 0.66589
14957 0.695368 0.665918
14958 0.695374 0.665948
14959 0.695365 0.665979
14960 0.695371 0.666009
14961 0.695366 0.666026
14962 0.69535 0.666032
14963 0.695323 0.666028
14964 0.695288 0.666015
14965 0.695271 0.666006
14966 0.695271 0.665999
14967 0.695285 0.665995
14968 0.695313 0.665994
14969 0.695327 0.665983
14970 0.695327 0.665964
14971 0.695316 0.665937
14972 0.695321 0.665915
14973 0.69534 0.665897
14974 0.695372 0.665883
14975 0.695387 0.665875
14976 0.695386 0.665871
14977 0.69537 0.665872
14978 0.695342 0.665878
14979 0.695303 0.665887
14980 0.695253 0.665899
14981 0.695193 0.665914
14982 0.695125 0.665932
14983 0.69505 0.665953
14984 0.694997 0.665973
14985 0.694964 0.665993
14986 0.69495 0.666013
14987 0.694951 0.666032
14988 0.694938 0.666054
14989 0.694912 0.666078
14990 0.694875 0.666104
14991 0.694826 0.666131
14992 0.694797 0.666158
14993 0.694787 0.666184
14994 0.694792 0.666209
14995 0.694811 0.666233
14996 0.694844 0.666257
14997 0.694858 0.666283
14998 0.694857 0.66631
14999 0.694842 0.666339
15000 0.694843 0.666366
