14000 0.657485 0.593264
14001 0.657527 0.593319
14002 0.657565 0.593354
14003 0.657587 0.593372
14004 0.657594 0.593361
14005 0.657597 0.593303
14006 0.65759 0.593247
14007 0.657583 0.59321
14008 0.65759 0.593156
14009 0.657587 0.593111
14010 0.657571 0.593069
14011 0.657543 0.593037
14012 0.657502 0.593003
14013 0.657451 0.592934
14014 0.657403 0.592866
14015 0.657349 0.592818
14016 0.657305 0.592726
14017 0.657277 0.592637
14018 0.657266 0.592574
14019 0.657261 0.592571
14020 0.657256 0.592585
14021 0.657258 0.592636
14022 0.657273 0.592704
14023 0.657272 0.59275
14024 0.65728 0.592828
14025 0.657301 0.592858
14026 0.657315 0.592875
14027 0.657312 0.592831
14028 0.65731 0.592801
14029 0.657325 0.592815
14030 0.65735 0.592872
14031 0.657374 0.592934
14032 0.657403 0.592954
14033 0.657415 0.592974
14034 0.65743 0.592966
14035 0.657433 0.592975
14036 0.657433 0.592979
14037 0.657422 0.592964
14038 0.657432 0.592939
14039 0.657426 0.592931
14040 0.65742 0.592919
14041 0.657406 0.59286
14042 0.657382 0.592798
14043 0.657381 0.592775
14044 0.657388 0.592758
14045 0.657397 0.592724
14046 0.657406 0.592668
14047 0.657417 0.59256
14048 0.657425 0.592475
14049 0.657433 0.592405
14050 0.657441 0.592355
14051 0.65747 0.592288
14052 0.657505 0.592268
14053 0.657544 0.592275
14054 0.657578 0.592282
14055 0.657598 0.592321
14056 0.657605 0.592344
14057 0.657597 0.592361
14058 0.65761 0.59236
14059 0.657615 0.592327
14060 0.657606 0.592233
14061 0.657604 0.592143
14062 0.657628 0.592022
14063 0.657651 0.591921
14064 0.657684 0.591834
14065 0.657721 0.591772
14066 0.657754 0.591741
14067 0.65781 0.591728
14068 0.657866 0.591728
14069 0.657928 0.591773
14070 0.657984 0.591766
14071 0.658023 0.591743
14072 0.658054 0.591703
14073 0.658106 0.591688
14074 0.658158 0.591692
14075 0.658204 0.591675
14076 0.658271 0.591654
14077 0.658323 0.591568
14078 0.658368 0.591485
14079 0.658426 0.591426
14080 0.658488 0.591372
14081 0.658534 0.591382
14082 0.658573 0.591394
14083 0.658611 0.591373
14084 0.658633 0.591327
14085 0.658668 0.591274
14086 0.658689 0.591183
14087 0.658704 0.591048
14088 0.658719 0.590949
14089 0.658737 0.590857
14090 0.658764 0.590822
14091 0.658837 0.590787
14092 0.658895 0.590753
14093 0.658949 0.590719
14094 0.658999 0.590686
14095 0.659032 0.590658
14096 0.659053 0.590562
14097 0.659083 0.590497
14098 0.659132 0.590452
14099 0.659169 0.590393
14100 0.659191 0.590341
14101 0.6592 0.590315
14102 0.659229 0.590333
14103 0.659242 0.590335
14104 0.659251 0.59033
14105 0.659268 0.590377
14106 0.659267 0.59046
14107 0.659259 0.590533
14108 0.659254 0.590598
14109 0.659234 0.590634
14110 0.659211 0.590666
14111 0.659214 0.59071
14112 0.65922 0.590744
14113 0.659214 0.590779
14114 0.659196 0.590797
14115 0.659169 0.590812
14116 0.659154 0.590839
14117 0.659146 0.590847
14118 0.659159 0.59087
14119 0.659174 0.590903
14120 0.659179 0.590866
14121 0.659169 0.590834
14122 0.659156 0.590789
14123 0.659134 0.590713
14124 0.659101 0.590644
14125 0.659062 0.590582
14126 0.65903 0.590528
14127 0.65901 0.59051
14128 0.658996 0.590512
14129 0.658986 0.590469
14130 0.659001 0.590464
14131 0.659023 0.590475
14132 0.659067 0.590498
14133 0.659121 0.590477
14134 0.659186 0.590426
14135 0.659245 0.590383
14136 0.659309 0.590361
14137 0.659378 0.590357
14138 0.659465 0.590403
14139 0.659548 0.59042
14140 0.659619 0.590433
14141 0.659672 0.590458
14142 0.659743 0.590465
14143 0.659802 0.590461
14144 0.65985 0.590401
14145 0.659884 0.590363
14146 0.65991 0.59028
14147 0.659933 0.590213
14148 0.659945 0.590153
14149 0.65995 0.590062
14150 0.659968 0.590004
14151 0.660028 0.58996
14152 0.660082 0.589937
14153 0.660131 0.589932
14154 0.660175 0.589942
14155 0.660214 0.589968
14156 0.660249 0.590006
14157 0.660281 0.590056
14158 0.66031 0.590117
14159 0.660336 0.590188
14160 0.660344 0.59025
14161 0.660335 0.590306
14162 0.660327 0.590372
14163 0.66032 0.590447
14164 0.660299 0.590514
14165 0.660263 0.590574
14166 0.660216 0.590627
14167 0.660173 0.590691
14168 0.660135 0.590764
14169 0.660085 0.590829
14170 0.660024 0.590887
14171 0.659953 0.590939
14172 0.659882 0.590965
14173 0.65982 0.590987
14174 0.659753 0.590956
14175 0.659678 0.59092
14176 0.659636 0.59087
14177 0.659625 0.590872
14178 0.659601 0.59082
14179 0.659581 0.59076
14180 0.659567 0.590732
14181 0.659564 0.59071
14182 0.659569 0.590712
14183 0.659588 0.590712
14184 0.659605 0.590712
14185 0.659638 0.590697
14186 0.6597 0.590712
14187 0.659757 0.590739
14188 0.659824 0.59076
14189 0.659912 0.590803
14190 0.659978 0.590835
14191 0.660032 0.590872
14192 0.660064 0.590905
14193 0.660077 0.590935
14194 0.660073 0.590961
14195 0.660054 0.590983
14196 0.660022 0.591003
14197 0.659977 0.591021
14198 0.65994 0.591024
14199 0.659897 0.591029
14200 0.659843 0.591015
14201 0.659786 0.591042
14202 0.659738 0.591069
14203 0.659684 0.591072
14204 0.659648 0.591071
14205 0.659613 0.591078
14206 0.659568 0.591089
14207 0.659534 0.591097
14208 0.659499 0.591142
14209 0.659469 0.591189
14210 0.659443 0.591245
14211 0.659409 0.591311
14212 0.659368 0.591353
14213 0.659321 0.59143
14214 0.65927 0.591445
14215 0.659219 0.591467
14216 0.659187 0.591444
14217 0.659144 0.591405
14218 0.659134 0.591374
14219 0.659125 0.591384
14220 0.659104 0.591373
14221 0.659079 0.591361
14222 0.659044 0.59134
14223 0.659013 0.591316
14224 0.658979 0.591293
14225 0.658954 0.591284
14226 0.658917 0.59125
14227 0.658875 0.591158
14228 0.65885 0.591076
14229 0.658839 0.59101
14230 0.65886 0.590968
14231 0.658882 0.590935
14232 0.658887 0.5909
14233 0.658902 0.590824
14234 0.658916 0.590757
14235 0.658939 0.590664
14236 0.658962 0.590637
14237 0.658991 0.590638
14238 0.659022 0.590651
14239 0.659065 0.590585
14240 0.659098 0.590569
14241 0.659112 0.590552
14242 0.659109 0.590529
14243 0.659122 0.590511
14244 0.659161 0.59053
14245 0.659195 0.590551
14246 0.659223 0.590566
14247 0.659233 0.590615
14248 0.659257 0.590659
14249 0.659282 0.590722
14250 0.659292 0.590751
14251 0.659288 0.590801
14252 0.659276 0.590828
14253 0.659288 0.590868
14254 0.659289 0.590913
14255 0.659277 0.590966
14256 0.659253 0.591004
14257 0.659229 0.591024
14258 0.659235 0.591002
14259 0.659245 0.591007
14260 0.659258 0.590969
14261 0.659257 0.590941
14262 0.659264 0.59087
14263 0.659263 0.590776
14264 0.659281 0.590658
14265 0.659304 0.590551
14266 0.659314 0.590439
14267 0.659327 0.590352
14268 0.659343 0.590229
14269 0.659362 0.590146
14270 0.65939 0.590101
14271 0.659438 0.590044
14272 0.659482 0.590006
14273 0.659527 0.589967
14274 0.659568 0.589939
14275 0.659611 0.58993
14276 0.659652 0.589937
14277 0.659718 0.589948
14278 0.65978 0.589977
14279 0.659837 0.590012
14280 0.659908 0.590042
14281 0.659976 0.590125
14282 0.660061 0.590198
14283 0.660122 0.590264
14284 0.66016 0.590322
14285 0.660179 0.590374
14286 0.660181 0.590421
14287 0.660167 0.590462
14288 0.660154 0.590516
14289 0.660142 0.590579
14290 0.660131 0.590652
14291 0.660122 0.590734
14292 0.660113 0.590823
14293 0.660105 0.590918
14294 0.660098 0.59102
14295 0.660092 0.591128
14296 0.660086 0.59124
14297 0.660081 0.591357
14298 0.660076 0.591478
14299 0.660072 0.591602
14300 0.660068 0.59173
14301 0.660064 0.59186
14302 0.660046 0.591978
14303 0.660013 0.592083
14304 0.659968 0.592179
14305 0.659913 0.592232
14306 0.659879 0.592255
14307 0.659851 0.592277
14308 0.659824 0.592243
14309 0.659796 0.592135
14310 0.659758 0.592012
14311 0.659718 0.591846
14312 0.659694 0.591708
14313 0.659682 0.5916
14314 0.659676 0.591521
14315 0.65968 0.591473
14316 0.65969 0.591386
14317 0.659723 0.591328
14318 0.659768 0.591285
14319 0.659826 0.591236
14320 0.659889 0.591212
14321 0.659957 0.591231
14322 0.660021 0.591261
14323 0.660063 0.591289
14324 0.660085 0.591313
14325 0.660089 0.591335
14326 0.660077 0.591355
14327 0.660051 0.591373
14328 0.660011 0.591389
14329 0.65996 0.591403
14330 0.659915 0.591419
14331 0.659875 0.591416
14332 0.659841 0.59141
14333 0.659832 0.591429
14334 0.659848 0.591481
14335 0.659869 0.591547
14336 0.659906 0.59167
14337 0.659944 0.591825
14338 0.660003 0.591982
14339 0.660041 0.592124
14340 0.660059 0.592252
14341 0.66006 0.592367
14342 0.660045 0.592471
14343 0.660016 0.592565
14344 0.659974 0.592649
14345 0.659921 0.592718
14346 0.659886 0.59277
14347 0.659857 0.592863
14348 0.659834 0.592983
14349 0.65982 0.593127
14350 0.659831 0.593252
14351 0.659855 0.593326
14352 0.659886 0.593387
14353 0.659904 0.593453
14354 0.65994 0.593514
14355 0.65999 0.593593
14356 0.660045 0.593693
14357 0.660079 0.593783
14358 0.660093 0.593865
14359 0.660091 0.593939
14360 0.660073 0.594007
14361 0.660042 0.594068
14362 0.659998 0.594124
14363 0.659959 0.594149
14364 0.659917 0.594164
14365 0.659888 0.594167
14366 0.659881 0.594086
14367 0.659877 0.594033
14368 0.659882 0.593995
14369 0.659913 0.593984
14370 0.659951 0.593974
14371 0.659987 0.594014
14372 0.660004 0.594038
14373 0.660004 0.594061
14374 0.659989 0.594083
14375 0.659959 0.594093
14376 0.659921 0.594109
14377 0.659871 0.594124
14378 0.659829 0.594076
14379 0.659815 0.594014
14380 0.659803 0.59397
14381 0.659797 0.593946
14382 0.659805 0.593942
14383 0.659811 0.593927
14384 0.659818 0.593959
14385 0.659824 0.593994
14386 0.659854 0.59406
14387 0.659893 0.594117
14388 0.659942 0.594176
14389 0.660008 0.594247
14390 0.660068 0.594326
14391 0.660122 0.594412
14392 0.66017 0.594506
14393 0.660214 0.594606
14394 0.660253 0.594712
14395 0.660289 0.594823
14396 0.66032 0.594939
14397 0.660349 0.595058
14398 0.660359 0.595167
14399 0.660353 0.595265
14400 0.660331 0.595354
14401 0.660296 0.595436
14402 0.660249 0.59551
14403 0.660192 0.595577
14404 0.66014 0.595653
14405 0.660093 0.595737
14406 0.660051 0.595829
14407 0.660013 0.595926
14408 0.659979 0.59603
14409 0.659967 0.596095
14410 0.659967 0.596137
14411 0.659981 0.59616
14412 0.660017 0.596159
14413 0.660049 0.596173
14414 0.660078 0.596202
14415 0.660104 0.596243
14416 0.660111 0.596281
14417 0.660103 0.596317
14418 0.66008 0.59635
14419 0.660043 0.59638
14420 0.659995 0.596409
14421 0.659941 0.596444
14422 0.659903 0.596462
14423 0.659883 0.596487
14424 0.659881 0.59648
14425 0.659897 0.596463
14426 0.659922 0.596422
14427 0.659937 0.596378
14428 0.659952 0.596332
14429 0.659987 0.596307
14430 0.660018 0.596283
14431 0.660031 0.596263
14432 0.660027 0.596246
14433 0.660008 0.596232
14434 0.659975 0.59622
14435 0.659931 0.596222
14436 0.659884 0.596279
14437 0.659828 0.596301
14438 0.659778 0.59632
14439 0.659753 0.596337
14440 0.659733 0.596366
14441 0.659734 0.596442
14442 0.659766 0.596497
14443 0.659807 0.596496
14444 0.659853 0.596491
14445 0.659915 0.596445
14446 0.659999 0.596364
14447 0.660097 0.596278
14448 0.660185 0.596216
14449 0.660264 0.596176
14450 0.660336 0.596156
14451 0.6604 0.596153
14452 0.660458 0.596167
14453 0.660511 0.596195
14454 0.660558 0.596235
14455 0.660601 0.596288
14456 0.660639 0.59635
14457 0.660674 0.596423
14458 0.660706 0.596503
14459 0.660734 0.596592
14460 0.66076 0.596687
14461 0.660783 0.596788
14462 0.660789 0.59688
14463 0.660778 0.596964
14464 0.660776 0.597026
14465 0.660782 0.597067
14466 0.660795 0.597091
14467 0.660815 0.597099
14468 0.660841 0.597093
14469 0.660871 0.597073
14470 0.660907 0.597041
14471 0.660947 0.596999
14472 0.66099 0.596948
14473 0.661037 0.596888
14474 0.661088 0.59682
14475 0.661133 0.596775
14476 0.661174 0.59675
14477 0.661212 0.596744
14478 0.661246 0.596753
14479 0.661277 0.596778
14480 0.661305 0.596815
14481 0.66133 0.596865
14482 0.661361 0.596896
14483 0.661397 0.59691
14484 0.661437 0.59691
14485 0.661473 0.596925
14486 0.661506 0.596954
14487 0.661543 0.596967
14488 0.661577 0.596994
14489 0.661616 0.597005
14490 0.661651 0.59703
14491 0.66169 0.59704
14492 0.661726 0.597064
14493 0.661767 0.597072
14494 0.661811 0.597066
14495 0.661851 0.597076
14496 0.661888 0.597101
14497 0.661921 0.597139
14498 0.661952 0.597189
14499 0.661979 0.59725
14500 0.662005 0.59732
14501 0.662028 0.597399
14502 0.662057 0.597456
14503 0.662091 0.597495
14504 0.662123 0.597545
14505 0.662151 0.597606
14506 0.662177 0.597676
14507 0.662209 0.597726
14508 0.662246 0.597757
14509 0.662279 0.597801
14510 0.66231 0.597857
14511 0.662338 0.597922
14512 0.662363 0.597997
14513 0.662387 0.59808
14514 0.662409 0.59817
14515 0.662429 0.598267
14516 0.662448 0.598369
14517 0.66245 0.598463
14518 0.662435 0.598549
14519 0.662407 0.598627
14520 0.662382 0.598713
14521 0.66236 0.598806
14522 0.66234 0.598905
14523 0.662324 0.59901
14524 0.662309 0.59912
14525 0.662297 0.599235
14526 0.662286 0.599354
14527 0.662277 0.599477
14528 0.662269 0.599603
14529 0.662263 0.599732
14530 0.662258 0.599863
14531 0.662254 0.599997
14532 0.662258 0.600105
14533 0.662258 0.600188
14534 0.662258 0.600249
14535 0.662258 0.600291
14536 0.662258 0.600315
14537 0.662258 0.600324
14538 0.662258 0.600333
14539 0.662258 0.600342
14540 0.662258 0.600352
14541 0.662258 0.600362
14542 0.662258 0.600357
14543 0.662258 0.60034
14544 0.662258 0.600311
14545 0.662258 0.600271
14546 0.662258 0.600222
14547 0.662258 0.600164
14548 0.662258 0.600099
14549 0.662258 0.600041
14550 0.662258 0.600005
14551 0.662258 0.599988
14552 0.662267 0.599989
14553 0.662275 0.600005
14554 0.662275 0.60002
14555 0.662275 0.600036
14556 0.662275 0.60005
14557 0.662275 0.600065
14558 0.662275 0.600079
14559 0.662275 0.600094
14560 0.662275 0.600107
14561 0.662275 0.600136
14562 0.662275 0.600177
14563 0.662275 0.600229
14564 0.662275 0.600292
14565 0.662275 0.600365
14566 0.662275 0.600446
14567 0.662275 0.600534
14568 0.662275 0.60063
14569 0.662275 0.600731
14570 0.662275 0.600839
14571 0.662275 0.600951
14572 0.662275 0.601068
14573 0.662275 0.601188
14574 0.662275 0.601313
14575 0.662275 0.601441
14576 0.662275 0.601571
14577 0.662275 0.601705
14578 0.662275 0.60184
14579 0.662275 0.601978
14580 0.662275 0.602118
14581 0.662275 0.602245
14582 0.662275 0.602362
14583 0.662275 0.602469
14584 0.662275 0.602552
14585 0.662275 0.602613
14586 0.662275 0.602654
14587 0.662275 0.602678
14588 0.662275 0.602686
14589 0.662275 0.602679
14590 0.662275 0.60266
14591 0.662275 0.602629
14592 0.662275 0.602588
14593 0.662275 0.602537
14594 0.662275 0.602507
14595 0.662275 0.602496
14596 0.662275 0.602502
14597 0.662275 0.602523
14598 0.662275 0.602558
14599 0.662275 0.602576
14600 0.662275 0.602578
14601 0.662275 0.602567
14602 0.662275 0.602573
14603 0.662275 0.602593
14604 0.662275 0.602628
14605 0.662275 0.602675
14606 0.662275 0.602732
14607 0.662275 0.6028
14608 0.662275 0.602877
14609 0.662275 0.602962
14610 0.662275 0.603053
14611 0.662275 0.603123
14612 0.662275 0.603172
14613 0.662275 0.603231
14614 0.662275 0.603287
14615 0.662275 0.603339
14616 0.662275 0.603387
14617 0.662275 0.603433
14618 0.662275 0.603476
14619 0.662275 0.603516
14620 0.662275 0.603555
14621 0.662275 0.603591
14622 0.662275 0.60361
14623 0.662275 0.603614
14624 0.662275 0.603604
14625 0.662275 0.603611
14626 0.662275 0.603633
14627 0.662275 0.603668
14628 0.662275 0.603716
14629 0.662275 0.60376
14630 0.662275 0.603802
14631 0.662275 0.603842
14632 0.662275 0.60388
14633 0.662275 0.603901
14634 0.662275 0.603906
14635 0.662275 0.603897
14636 0.662275 0.603875
14637 0.662275 0.603842
14638 0.662275 0.603829
14639 0.662275 0.603832
14640 0.662275 0.603851
14641 0.662275 0.603883
14642 0.662275 0.603928
14643 0.662275 0.603985
14644 0.662275 0.604051
14645 0.662275 0.604126
14646 0.662275 0.604181
14647 0.662275 0.604216
14648 0.662275 0.604235
14649 0.662275 0.604238
14650 0.662275 0.604257
14651 0.662275 0.604289
14652 0.662275 0.604334
14653 0.662275 0.60439
14654 0.662275 0.604457
14655 0.662275 0.604532
14656 0.662275 0.604616
14657 0.662275 0.604707
14658 0.662275 0.604805
14659 0.662275 0.604909
14660 0.662275 0.604989
14661 0.662275 0.605047
14662 0.662275 0.605087
14663 0.662275 0.605108
14664 0.662275 0.605114
14665 0.662275 0.605106
14666 0.662275 0.605085
14667 0.662275 0.605053
14668 0.662275 0.605011
14669 0.662275 0.604959
14670 0.662275 0.604899
14671 0.662275 0.604831
14672 0.662275 0.604756
14673 0.662275 0.604676
14674 0.662275 0.60459
14675 0.662275 0.604499
14676 0.662275 0.604404
14677 0.662275 0.604334
14678 0.662275 0.604287
14679 0.662275 0.60426
14680 0.662275 0.604251
14681 0.662275 0.60426
14682 0.662275 0.604253
14683 0.662275 0.604235
14684 0.662275 0.604204
14685 0.662275 0.604163
14686 0.662275 0.604128
14687 0.662275 0.604099
14688 0.662275 0.604059
14689 0.662275 0.60401
14690 0.662275 0.603952
14691 0.662275 0.603902
14692 0.662275 0.603858
14693 0.662275 0.603821
14694 0.662275 0.60379
14695 0.662275 0.603764
14696 0.662275 0.603742
14697 0.662275 0.603724
14698 0.662275 0.60371
14699 0.662275 0.603699
14700 0.662275 0.603692
14701 0.662275 0.603687
14702 0.662275 0.603668
14703 0.662275 0.603639
14704 0.662275 0.603599
14705 0.662275 0.603564
14706 0.662275 0.603535
14707 0.662275 0.603511
14708 0.662275 0.603491
14709 0.662275 0.603459
14710 0.662275 0.603417
14711 0.662275 0.603366
14712 0.662275 0.603307
14713 0.662275 0.60324
14714 0.662275 0.603166
14715 0.662275 0.603116
14716 0.662275 0.603086
14717 0.662275 0.603075
14718 0.662275 0.603066
14719 0.662275 0.60306
14720 0.662275 0.603057
14721 0.662275 0.60304
14722 0.662275 0.603011
14723 0.662275 0.602972
14724 0.662275 0.602923
14725 0.662275 0.602866
14726 0.662275 0.602801
14727 0.662275 0.602729
14728 0.662275 0.60265
14729 0.662275 0.602566
14730 0.662275 0.602477
14731 0.662275 0.602413
14732 0.662275 0.60237
14733 0.662275 0.602348
14734 0.662275 0.602344
14735 0.662275 0.602327
14736 0.662275 0.602297
14737 0.662275 0.602287
14738 0.662275 0.602293
14739 0.662275 0.602315
14740 0.662275 0.60235
14741 0.662275 0.602368
14742 0.662275 0.602371
14743 0.662275 0.60236
14744 0.662275 0.602365
14745 0.662275 0.602386
14746 0.662275 0.602392
14747 0.662275 0.602383
14748 0.662275 0.602362
14749 0.662275 0.60233
14750 0.662275 0.602287
14751 0.662275 0.602235
14752 0.662275 0.602204
14753 0.662275 0.602191
14754 0.662275 0.602196
14755 0.662275 0.602187
14756 0.662275 0.602165
14757 0.662275 0.602132
14758 0.662275 0.602118
14759 0.662275 0.602121
14760 0.662275 0.60214
14761 0.662275 0.602172
14762 0.662275 0.602217
14763 0.662275 0.602273
14764 0.662275 0.602339
14765 0.662275 0.602415
14766 0.662275 0.602498
14767 0.662275 0.602589
14768 0.662275 0.602686
14769 0.662275 0.60279
14770 0.662275 0.602899
14771 0.662275 0.603012
14772 0.662275 0.60313
14773 0.662275 0.603223
14774 0.662275 0.603293
14775 0.662275 0.603357
14776 0.662275 0.603417
14777 0.662275 0.603472
14778 0.662275 0.603523
14779 0.662275 0.603571
14780 0.662275 0.603615
14781 0.662275 0.603657
14782 0.662275 0.603696
14783 0.662275 0.603732
14784 0.662275 0.603767
14785 0.662275 0.6038
14786 0.662275 0.60383
14787 0.662275 0.60386
14788 0.662275 0.603888
14789 0.662275 0.603915
14790 0.662275 0.60394
14791 0.662275 0.603965
14792 0.662275 0.603989
14793 0.662275 0.604012
14794 0.662275 0.604034
14795 0.662275 0.604055
14796 0.662275 0.604076
14797 0.662275 0.604097
14798 0.662275 0.604116
14799 0.662275 0.604136
14800 0.662275 0.604155
14801 0.662275 0.604174
14802 0.662275 0.604192
14803 0.662275 0.604211
14804 0.662275 0.604229
14805 0.662275 0.604246
14806 0.662275 0.604264
14807 0.662275 0.604282
14808 0.662275 0.604299
14809 0.662275 0.604317
14810 0.662275 0.604334
14811 0.662275 0.604352
14812 0.662275 0.604369
14813 0.662275 0.604387
14814 0.662275 0.604404
14815 0.662275 0.604422
14816 0.662275 0.604439
14817 0.662275 0.604457
14818 0.662275 0.604474
14819 0.662275 0.604492
14820 0.662275 0.60451
14821 0.662275 0.604528
14822 0.662275 0.604545
14823 0.662275 0.604563
14824 0.662275 0.604581
14825 0.662275 0.604599
14826 0.662275 0.604617
14827 0.662275 0.604636
14828 0.662275 0.604654
14829 0.662275 0.604672
14830 0.662275 0.604691
14831 0.662275 0.604709
14832 0.662275 0.604728
14833 0.662275 0.604746
14834 0.662275 0.604765
14835 0.662275 0.604784
14836 0.662275 0.604803
14837 0.662275 0.604823
14838 0.662275 0.604842
14839 0.662275 0.604862
14840 0.662275 0.604882
14841 0.662275 0.604902
14842 0.662275 0.604922
14843 0.662275 0.604943
14844 0.662275 0.604948
14845 0.662275 0.604939
14846 0.662275 0.604917
14847 0.662275 0.604885
14848 0.662275 0.604842
14849 0.662275 0.604789
14850 0.662275 0.604729
14851 0.662275 0.604661
14852 0.662275 0.604587
14853 0.662275 0.604506
14854 0.662275 0.60442
14855 0.662275 0.604329
14856 0.662275 0.604234
14857 0.662275 0.604134
14858 0.662275 0.604061
14859 0.662275 0.60401
14860 0.662275 0.603981
14861 0.662275 0.60397
14862 0.662275 0.603976
14863 0.662275 0.603997
14864 0.662275 0.604031
14865 0.662275 0.604078
14866 0.662275 0.604136
14867 0.662275 0.604204
14868 0.662275 0.604281
14869 0.662275 0.604366
14870 0.662275 0.60443
14871 0.662275 0.604473
14872 0.662275 0.604498
14873 0.662275 0.604508
14874 0.662275 0.604503
14875 0.662275 0.604485
14876 0.662275 0.604455
14877 0.662275 0.604415
14878 0.662275 0.604365
14879 0.662275 0.604307
14880 0.662275 0.604241
14881 0.662275 0.604168
14882 0.662275 0.604088
14883 0.662275 0.604004
14884 0.662275 0.603914
14885 0.662275 0.60382
14886 0.662275 0.60375
14887 0.662275 0.603704
14888 0.662275 0.603678
14889 0.662275 0.60367
14890 0.662275 0.60365
14891 0.662275 0.603618
14892 0.662275 0.603576
14893 0.662275 0.603525
14894 0.662275 0.603465
14895 0.662275 0.603398
14896 0.662275 0.603324
14897 0.662275 0.603259
14898 0.662275 0.603203
14899 0.662275 0.603154
14900 0.662275 0.603096
14901 0.662275 0.60306
14902 0.662275 0.603014
14903 0.662275 0.602959
14904 0.662275 0.602897
14905 0.662275 0.602827
14906 0.662275 0.60275
14907 0.662275 0.602697
14908 0.662275 0.602665
14909 0.662275 0.602623
14910 0.662275 0.602571
14911 0.662275 0.602526
14912 0.662275 0.602488
14913 0.662275 0.602455
14914 0.662275 0.602426
14915 0.662275 0.602417
14916 0.662275 0.602424
14917 0.662275 0.602446
14918 0.662275 0.602481
14919 0.662275 0.602529
14920 0.662275 0.602588
14921 0.662275 0.602657
14922 0.662275 0.602734
14923 0.662275 0.60282
14924 0.662275 0.602913
14925 0.662275 0.603012
14926 0.662275 0.603117
14927 0.662275 0.603227
14928 0.662275 0.603342
14929 0.662275 0.603462
14930 0.662275 0.603585
14931 0.662275 0.603682
14932 0.662275 0.603756
14933 0.662275 0.603809
14934 0.662275 0.603844
14935 0.662275 0.603861
14936 0.662275 0.603863
14937 0.662275 0.603852
14938 0.662275 0.603828
14939 0.662275 0.603793
14940 0.662275 0.603748
14941 0.662275 0.603694
14942 0.662275 0.603632
14943 0.662275 0.603562
14944 0.662275 0.603515
14945 0.662275 0.603489
14946 0.662275 0.603481
14947 0.662275 0.60349
14948 0.662275 0.603514
14949 0.662275 0.603551
14950 0.662275 0.60357
14951 0.662275 0.603575
14952 0.662275 0.603565
14953 0.662275 0.603543
14954 0.662275 0.60351
14955 0.662275 0.603466
14956 0.662275 0.603414
14957 0.662275 0.603369
14958 0.662275 0.60333
14959 0.662275 0.603297
14960 0.662275 0.603283
14961 0.662275 0.603286
14962 0.662275 0.603305
14963 0.662275 0.603337
14964 0.662275 0.603382
14965 0.662275 0.603438
14966 0.662275 0.603505
14967 0.662275 0.60358
14968 0.662275 0.603663
14969 0.662275 0.603754
14970 0.662275 0.603851
14971 0.662275 0.603955
14972 0.662275 0.604063
14973 0.662275 0.604148
14974 0.662275 0.60421
14975 0.662275 0.604253
14976 0.662275 0.604278
14977 0.662275 0.604317
14978 0.662275 0.604367
14979 0.662275 0.604427
14980 0.662275 0.604498
14981 0.662275 0.604577
14982 0.662275 0.604664
14983 0.662275 0.604758
14984 0.662275 0.604829
14985 0.662275 0.604879
14986 0.662275 0.604911
14987 0.662275 0.604927
14988 0.662275 0.604956
14989 0.662275 0.604998
14990 0.662275 0.605023
14991 0.662275 0.605032
14992 0.662275 0.605026
14993 0.662275 0.605007
14994 0.662275 0.604977
14995 0.662275 0.604937
14996 0.662275 0.604902
14997 0.662275 0.604858
14998 0.662275 0.604821
14999 0.662275 0.60479
15000 0.662275 0.604764
