14000 0.69 0.734467
14001 0.69 0.734452
14002 0.69 0.734423
14003 0.69 0.734382
14004 0.69 0.734351
14005 0.69 0.734331
14006 0.69 0.734297
14007 0.69 0.734251
14008 0.69 0.734194
14009 0.69 0.734149
14010 0.69 0.734094
14011 0.69 0.734051
14012 0.69 0.734019
14013 0.69 0.733998
14014 0.69 0.733986
14015 0.69 0.733982
14016 0.69 0.733962
14017 0.69 0.73393
14018 0.69 0.733907
14019 0.69 0.733894
14020 0.69 0.733866
14021 0.69 0.733848
14022 0.69 0.733817
14023 0.69 0.733773
14024 0.69 0.733718
14025 0.69 0.733675
14026 0.69 0.733643
14027 0.69 0.733622
14028 0.69 0.733609
14029 0.69 0.733605
14030 0.69 0.733608
14031 0.69 0.733617
14032 0.69 0.733632
14033 0.69 0.733653
14034 0.69 0.733679
14035 0.69 0.733708
14036 0.69 0.733742
14037 0.69 0.733779
14038 0.69 0.73382
14039 0.69 0.733863
14040 0.69 0.733909
14041 0.69 0.733958
14042 0.69 0.734008
14043 0.69 0.734061
14044 0.69 0.734115
14045 0.69 0.734171
14046 0.69 0.734205
14047 0.69 0.734221
14048 0.69 0.734219
14049 0.69 0.734202
14050 0.69 0.734172
14051 0.69 0.734151
14052 0.69 0.73414
14053 0.69 0.734136
14054 0.69 0.734118
14055 0.69 0.734086
14056 0.69 0.734064
14057 0.69 0.734051
14058 0.69 0.734047
14059 0.69 0.734027
14060 0.69 0.734017
14061 0.69 0.734014
14062 0.69 0.734019
14063 0.69 0.734031
14064 0.69 0.734048
14065 0.69 0.734071
14066 0.69 0.734099
14067 0.69 0.734131
14068 0.69 0.734167
14069 0.69 0.734206
14070 0.69 0.734249
14071 0.69 0.734294
14072 0.69 0.734342
14073 0.69 0.73437
14074 0.69 0.734379
14075 0.69 0.734372
14076 0.69 0.73435
14077 0.69 0.734337
14078 0.69 0.734332
14079 0.69 0.734335
14080 0.69 0.734345
14081 0.69 0.734361
14082 0.69 0.734382
14083 0.69 0.734409
14084 0.69 0.73444
14085 0.69 0.734475
14086 0.69 0.73449
14087 0.69 0.734489
14088 0.69 0.734472
14089 0.69 0.734441
14090 0.69 0.734398
14091 0.69 0.734344
14092 0.69 0.734279
14093 0.69 0.734205
14094 0.69 0.734123
14095 0.69 0.734033
14096 0.69 0.733937
14097 0.69 0.733835
14098 0.69 0.733728
14099 0.69 0.733638
14100 0.69 0.733564
14101 0.69 0.733504
14102 0.69 0.733458
14103 0.69 0.733423
14104 0.69 0.733398
14105 0.69 0.733383
14106 0.69 0.733376
14107 0.69 0.733377
14108 0.69 0.733385
14109 0.69 0.733398
14110 0.69 0.733418
14111 0.69 0.733442
14112 0.69 0.733471
14113 0.69 0.733504
14114 0.69 0.73354
14115 0.69 0.73358
14116 0.69 0.733622
14117 0.69 0.733668
14118 0.69 0.733715
14119 0.69 0.733765
14120 0.69 0.733817
14121 0.69 0.73387
14122 0.69 0.733925
14123 0.69 0.733981
14124 0.69 0.734039
14125 0.69 0.734098
14126 0.69 0.734158
14127 0.69 0.734219
14128 0.69 0.73428
14129 0.69 0.734343
14130 0.69 0.734406
14131 0.69 0.73447
14132 0.69 0.734512
14133 0.69 0.734557
14134 0.69 0.734582
14135 0.69 0.734589
14136 0.69 0.73458
14137 0.69 0.734578
14138 0.69 0.734584
14139 0.69 0.734596
14140 0.69 0.734615
14141 0.69 0.734638
14142 0.69 0.734667
14143 0.69 0.734677
14144 0.69 0.73467
14145 0.69 0.734648
14146 0.69 0.734613
14147 0.69 0.734589
14148 0.69 0.734574
14149 0.69 0.734568
14150 0.69 0.73457
14151 0.69 0.734578
14152 0.69 0.734593
14153 0.69 0.734614
14154 0.69 0.734639
14155 0.69 0.734669
14156 0.69 0.734703
14157 0.69 0.734741
14158 0.69 0.73476
14159 0.69 0.734761
14160 0.69 0.734746
14161 0.69 0.734717
14162 0.69 0.734675
14163 0.69 0.734622
14164 0.69 0.734559
14165 0.69 0.734486
14166 0.69 0.734405
14167 0.69 0.734317
14168 0.69 0.734244
14169 0.69 0.734186
14170 0.69 0.73414
14171 0.69 0.734106
14172 0.69 0.734083
14173 0.69 0.734069
14174 0.69 0.734063
14175 0.69 0.734064
14176 0.69 0.734073
14177 0.69 0.734087
14178 0.69 0.734107
14179 0.69 0.734133
14180 0.69 0.734139
14181 0.69 0.73413
14182 0.69 0.734106
14183 0.69 0.734069
14184 0.69 0.73402
14185 0.69 0.733982
14186 0.69 0.733956
14187 0.69 0.733939
14188 0.69 0.73393
14189 0.69 0.733929
14190 0.69 0.733936
14191 0.69 0.733948
14192 0.69 0.733966
14193 0.69 0.73399
14194 0.69 0.734018
14195 0.69 0.734049
14196 0.69 0.734085
14197 0.69 0.734124
14198 0.69 0.734166
14199 0.69 0.73421
14200 0.69 0.734257
14201 0.69 0.734306
14202 0.69 0.734334
14203 0.69 0.734344
14204 0.69 0.734338
14205 0.69 0.734339
14206 0.69 0.734346
14207 0.69 0.73436
14208 0.69 0.734379
14209 0.69 0.734403
14210 0.69 0.734431
14211 0.69 0.734463
14212 0.69 0.734499
14213 0.69 0.734538
14214 0.69 0.73458
14215 0.69 0.734624
14216 0.69 0.734671
14217 0.69 0.734698
14218 0.69 0.734706
14219 0.69 0.734698
14220 0.69 0.734675
14221 0.69 0.734638
14222 0.69 0.73459
14223 0.69 0.734531
14224 0.69 0.734463
14225 0.69 0.734385
14226 0.69 0.7343
14227 0.69 0.734208
14228 0.69 0.734109
14229 0.69 0.734005
14230 0.69 0.733895
14231 0.69 0.733781
14232 0.69 0.733685
14233 0.69 0.733606
14234 0.69 0.733541
14235 0.69 0.73349
14236 0.69 0.733451
14237 0.69 0.733423
14238 0.69 0.733405
14239 0.69 0.733395
14240 0.69 0.733393
14241 0.69 0.733398
14242 0.69 0.73341
14243 0.69 0.733427
14244 0.69 0.73345
14245 0.69 0.733477
14246 0.69 0.733508
14247 0.69 0.733543
14248 0.69 0.733559
14249 0.69 0.733557
14250 0.69 0.733541
14251 0.69 0.73351
14252 0.69 0.733467
14253 0.69 0.733412
14254 0.69 0.733348
14255 0.69 0.733274
14256 0.69 0.733214
14257 0.69 0.733168
14258 0.69 0.733132
14259 0.69 0.733108
14260 0.69 0.73307
14261 0.69 0.73302
14262 0.69 0.732982
14263 0.69 0.732955
14264 0.69 0.732937
14265 0.69 0.732905
14266 0.69 0.732861
14267 0.69 0.732828
14268 0.69 0.732806
14269 0.69 0.732792
14270 0.69 0.732787
14271 0.69 0.732788
14272 0.69 0.732797
14273 0.69 0.732811
14274 0.69 0.732831
14275 0.69 0.732856
14276 0.69 0.732885
14277 0.69 0.732917
14278 0.69 0.732953
14279 0.69 0.732993
14280 0.69 0.733035
14281 0.69 0.73308
14282 0.69 0.733127
14283 0.69 0.733176
14284 0.69 0.733226
14285 0.69 0.733279
14286 0.69 0.733333
14287 0.69 0.733388
14288 0.69 0.733444
14289 0.69 0.733501
14290 0.69 0.73356
14291 0.69 0.733619
14292 0.69 0.733679
14293 0.69 0.733739
14294 0.69 0.7338
14295 0.69 0.73384
14296 0.69 0.73386
14297 0.69 0.733862
14298 0.69 0.733848
14299 0.69 0.733821
14300 0.69 0.73378
14301 0.69 0.733728
14302 0.69 0.733666
14303 0.69 0.733594
14304 0.69 0.733514
14305 0.69 0.733426
14306 0.69 0.733331
14307 0.69 0.733231
14308 0.69 0.733125
14309 0.69 0.733013
14310 0.69 0.732898
14311 0.69 0.7328
14312 0.69 0.73272
14313 0.69 0.732654
14314 0.69 0.732601
14315 0.69 0.73256
14316 0.69 0.73253
14317 0.69 0.73251
14318 0.69 0.732498
14319 0.69 0.732494
14320 0.69 0.732498
14321 0.69 0.732507
14322 0.69 0.732522
14323 0.69 0.732543
14324 0.69 0.732568
14325 0.69 0.732597
14326 0.69 0.73263
14327 0.69 0.732666
14328 0.69 0.732706
14329 0.69 0.732748
14330 0.69 0.732792
14331 0.69 0.732839
14332 0.69 0.732888
14333 0.69 0.732938
14334 0.69 0.73299
14335 0.69 0.733044
14336 0.69 0.733099
14337 0.69 0.733156
14338 0.69 0.733213
14339 0.69 0.733249
14340 0.69 0.733266
14341 0.69 0.733266
14342 0.69 0.73325
14343 0.69 0.733243
14344 0.69 0.733243
14345 0.69 0.73325
14346 0.69 0.733263
14347 0.69 0.733282
14348 0.69 0.733305
14349 0.69 0.733333
14350 0.69 0.733365
14351 0.69 0.733401
14352 0.69 0.733439
14353 0.69 0.733481
14354 0.69 0.733525
14355 0.69 0.733572
14356 0.69 0.733621
14357 0.69 0.733672
14358 0.69 0.733724
14359 0.69 0.733778
14360 0.69 0.733834
14361 0.69 0.733869
14362 0.69 0.733884
14363 0.69 0.733882
14364 0.69 0.733865
14365 0.69 0.733834
14366 0.69 0.733813
14367 0.69 0.733802
14368 0.69 0.733775
14369 0.69 0.733736
14370 0.69 0.733685
14371 0.69 0.733624
14372 0.69 0.733576
14373 0.69 0.733539
14374 0.69 0.733513
14375 0.69 0.733497
14376 0.69 0.733489
14377 0.69 0.733489
14378 0.69 0.733495
14379 0.69 0.733508
14380 0.69 0.733527
14381 0.69 0.73355
14382 0.69 0.733578
14383 0.69 0.73361
14384 0.69 0.733646
14385 0.69 0.733685
14386 0.69 0.733727
14387 0.69 0.733771
14388 0.69 0.733796
14389 0.69 0.733803
14390 0.69 0.733793
14391 0.69 0.733769
14392 0.69 0.733731
14393 0.69 0.733682
14394 0.69 0.733622
14395 0.69 0.733552
14396 0.69 0.733496
14397 0.69 0.733453
14398 0.69 0.73342
14399 0.69 0.733398
14400 0.69 0.733385
14401 0.69 0.733379
14402 0.69 0.733381
14403 0.69 0.73339
14404 0.69 0.733404
14405 0.69 0.733424
14406 0.69 0.733448
14407 0.69 0.733477
14408 0.69 0.733509
14409 0.69 0.733545
14410 0.69 0.733584
14411 0.69 0.733626
14412 0.69 0.73367
14413 0.69 0.733716
14414 0.69 0.733742
14415 0.69 0.73375
14416 0.69 0.733742
14417 0.69 0.733719
14418 0.69 0.733704
14419 0.69 0.733698
14420 0.69 0.7337
14421 0.69 0.733708
14422 0.69 0.733721
14423 0.69 0.733741
14424 0.69 0.733765
14425 0.69 0.733793
14426 0.69 0.733826
14427 0.69 0.733862
14428 0.69 0.733901
14429 0.69 0.733943
14430 0.69 0.733988
14431 0.69 0.734035
14432 0.69 0.734084
14433 0.69 0.734136
14434 0.69 0.734189
14435 0.69 0.734243
14436 0.69 0.734299
14437 0.69 0.734356
14438 0.69 0.734415
14439 0.69 0.734474
14440 0.69 0.734535
14441 0.69 0.734596
14442 0.69 0.734658
14443 0.69 0.734721
14444 0.69 0.734785
14445 0.69 0.734849
14446 0.69 0.734914
14447 0.69 0.734956
14448 0.69 0.735002
14449 0.69 0.735049
14450 0.69 0.735077
14451 0.69 0.735086
14452 0.69 0.735101
14453 0.69 0.735122
14454 0.69 0.735125
14455 0.69 0.735112
14456 0.69 0.735085
14457 0.69 0.735067
14458 0.69 0.735059
14459 0.69 0.735058
14460 0.69 0.735064
14461 0.69 0.735077
14462 0.69 0.735095
14463 0.69 0.735119
14464 0.69 0.735147
14465 0.69 0.73518
14466 0.69 0.735216
14467 0.69 0.735255
14468 0.69 0.735298
14469 0.69 0.735343
14470 0.69 0.735391
14471 0.69 0.735441
14472 0.69 0.73547
14473 0.69 0.735481
14474 0.69 0.735475
14475 0.69 0.735454
14476 0.69 0.735419
14477 0.69 0.735395
14478 0.69 0.73538
14479 0.69 0.735374
14480 0.69 0.735375
14481 0.69 0.735382
14482 0.69 0.735396
14483 0.69 0.735416
14484 0.69 0.73544
14485 0.69 0.735446
14486 0.69 0.735436
14487 0.69 0.735412
14488 0.69 0.735374
14489 0.69 0.735324
14490 0.69 0.735264
14491 0.69 0.735216
14492 0.69 0.735181
14493 0.69 0.735155
14494 0.69 0.73514
14495 0.69 0.735133
14496 0.69 0.735133
14497 0.69 0.735118
14498 0.69 0.735112
14499 0.69 0.735113
14500 0.69 0.735121
14501 0.69 0.735113
14502 0.69 0.735113
14503 0.69 0.73512
14504 0.69 0.73511
14505 0.69 0.735086
14506 0.69 0.735071
14507 0.69 0.735065
14508 0.69 0.735044
14509 0.69 0.73501
14510 0.69 0.734963
14511 0.69 0.734905
14512 0.69 0.734837
14513 0.69 0.734784
14514 0.69 0.734742
14515 0.69 0.734712
14516 0.69 0.734692
14517 0.69 0.734681
14518 0.69 0.734678
14519 0.69 0.734683
14520 0.69 0.734694
14521 0.69 0.734711
14522 0.69 0.734733
14523 0.69 0.73476
14524 0.69 0.734791
14525 0.69 0.734826
14526 0.69 0.734842
14527 0.69 0.734841
14528 0.69 0.734847
14529 0.69 0.734859
14530 0.69 0.734877
14531 0.69 0.7349
14532 0.69 0.734905
14533 0.69 0.734895
14534 0.69 0.734892
14535 0.69 0.734896
14536 0.69 0.734907
14537 0.69 0.734924
14538 0.69 0.734946
14539 0.69 0.734973
14540 0.69 0.735004
14541 0.69 0.735039
14542 0.69 0.735078
14543 0.69 0.735119
14544 0.69 0.735141
14545 0.69 0.735146
14546 0.69 0.735134
14547 0.69 0.73513
14548 0.69 0.735133
14549 0.69 0.735144
14550 0.69 0.73516
14551 0.69 0.735182
14552 0.69 0.735208
14553 0.69 0.735216
14554 0.69 0.735208
14555 0.69 0.735185
14556 0.69 0.735148
14557 0.69 0.735099
14558 0.69 0.73504
14559 0.69 0.734971
14560 0.69 0.734893
14561 0.69 0.734807
14562 0.69 0.734736
14563 0.69 0.73468
14564 0.69 0.734636
14565 0.69 0.734603
14566 0.69 0.734581
14567 0.69 0.734568
14568 0.69 0.734563
14569 0.69 0.734565
14570 0.69 0.734574
14571 0.69 0.73459
14572 0.69 0.73461
14573 0.69 0.734636
14574 0.69 0.734666
14575 0.69 0.734699
14576 0.69 0.734737
14577 0.69 0.734778
14578 0.69 0.734821
14579 0.69 0.734867
14580 0.69 0.734916
14581 0.69 0.734967
14582 0.69 0.735019
14583 0.69 0.735074
14584 0.69 0.73513
14585 0.69 0.735187
14586 0.69 0.735245
14587 0.69 0.735305
14588 0.69 0.735343
14589 0.69 0.735362
14590 0.69 0.735363
14591 0.69 0.735349
14592 0.69 0.73532
14593 0.69 0.735279
14594 0.69 0.735248
14595 0.69 0.735228
14596 0.69 0.735217
14597 0.69 0.735213
14598 0.69 0.735218
14599 0.69 0.735228
14600 0.69 0.735245
14601 0.69 0.735267
14602 0.69 0.735293
14603 0.69 0.735324
14604 0.69 0.735337
14605 0.69 0.735332
14606 0.69 0.735335
14607 0.69 0.735345
14608 0.69 0.73536
14609 0.69 0.735382
14610 0.69 0.735408
14611 0.69 0.735439
14612 0.69 0.735473
14613 0.69 0.735512
14614 0.69 0.735554
14615 0.69 0.735598
14616 0.69 0.735646
14617 0.69 0.735673
14618 0.69 0.735681
14619 0.69 0.735673
14620 0.69 0.735651
14621 0.69 0.735614
14622 0.69 0.735566
14623 0.69 0.73553
14624 0.69 0.735505
14625 0.69 0.735489
14626 0.69 0.735481
14627 0.69 0.735482
14628 0.69 0.73549
14629 0.69 0.735504
14630 0.69 0.735523
14631 0.69 0.735525
14632 0.69 0.735512
14633 0.69 0.735483
14634 0.69 0.735443
14635 0.69 0.735413
14636 0.69 0.735393
14637 0.69 0.735382
14638 0.69 0.735379
14639 0.69 0.735384
14640 0.69 0.735395
14641 0.69 0.735411
14642 0.69 0.735434
14643 0.69 0.73546
14644 0.69 0.735492
14645 0.69 0.735527
14646 0.69 0.735565
14647 0.69 0.735607
14648 0.69 0.735652
14649 0.69 0.735699
14650 0.69 0.735748
14651 0.69 0.7358
14652 0.69 0.735853
14653 0.69 0.735908
14654 0.69 0.735965
14655 0.69 0.736023
14656 0.69 0.736082
14657 0.69 0.736119
14658 0.69 0.736138
14659 0.69 0.736139
14660 0.69 0.736124
14661 0.69 0.736095
14662 0.69 0.736053
14663 0.69 0.736
14664 0.69 0.735959
14665 0.69 0.735929
14666 0.69 0.73591
14667 0.69 0.735877
14668 0.69 0.735831
14669 0.69 0.735775
14670 0.69 0.735708
14671 0.69 0.735655
14672 0.69 0.735592
14673 0.69 0.735542
14674 0.69 0.735504
14675 0.69 0.735477
14676 0.69 0.73546
14677 0.69 0.735451
14678 0.69 0.735451
14679 0.69 0.735457
14680 0.69 0.73547
14681 0.69 0.735489
14682 0.69 0.735512
14683 0.69 0.735541
14684 0.69 0.73555
14685 0.69 0.735566
14686 0.69 0.735588
14687 0.69 0.735591
14688 0.69 0.735579
14689 0.69 0.735552
14690 0.69 0.735512
14691 0.69 0.735461
14692 0.69 0.735399
14693 0.69 0.73535
14694 0.69 0.735314
14695 0.69 0.735288
14696 0.69 0.735271
14697 0.69 0.735264
14698 0.69 0.735264
14699 0.69 0.735271
14700 0.69 0.735285
14701 0.69 0.735304
14702 0.69 0.735328
14703 0.69 0.735358
14704 0.69 0.735391
14705 0.69 0.735428
14706 0.69 0.735468
14707 0.69 0.735512
14708 0.69 0.735558
14709 0.69 0.735607
14710 0.69 0.735635
14711 0.69 0.735645
14712 0.69 0.735638
14713 0.69 0.735616
14714 0.69 0.735603
14715 0.69 0.735599
14716 0.69 0.735602
14717 0.69 0.735612
14718 0.69 0.735628
14719 0.69 0.73565
14720 0.69 0.735676
14721 0.69 0.735707
14722 0.69 0.735742
14723 0.69 0.735758
14724 0.69 0.735757
14725 0.69 0.73574
14726 0.69 0.735709
14727 0.69 0.735665
14728 0.69 0.73561
14729 0.69 0.735568
14730 0.69 0.735537
14731 0.69 0.735516
14732 0.69 0.735504
14733 0.69 0.7355
14734 0.69 0.735504
14735 0.69 0.735514
14736 0.69 0.735531
14737 0.69 0.735552
14738 0.69 0.735579
14739 0.69 0.73561
14740 0.69 0.735644
14741 0.69 0.73566
14742 0.69 0.735658
14743 0.69 0.735641
14744 0.69 0.73561
14745 0.69 0.735566
14746 0.69 0.735534
14747 0.69 0.735512
14748 0.69 0.735499
14749 0.69 0.735472
14750 0.69 0.735432
14751 0.69 0.73538
14752 0.69 0.73534
14753 0.69 0.735311
14754 0.69 0.735292
14755 0.69 0.735282
14756 0.69 0.735279
14757 0.69 0.735284
14758 0.69 0.735295
14759 0.69 0.735312
14760 0.69 0.735334
14761 0.69 0.73536
14762 0.69 0.735391
14763 0.69 0.735426
14764 0.69 0.735464
14765 0.69 0.735505
14766 0.69 0.735549
14767 0.69 0.735595
14768 0.69 0.735643
14769 0.69 0.735694
14770 0.69 0.735746
14771 0.69 0.7358
14772 0.69 0.735856
14773 0.69 0.735913
14774 0.69 0.735971
14775 0.69 0.73603
14776 0.69 0.73609
14777 0.69 0.736151
14778 0.69 0.73619
14779 0.69 0.73621
14780 0.69 0.736212
14781 0.69 0.736198
14782 0.69 0.73617
14783 0.69 0.736129
14784 0.69 0.736076
14785 0.69 0.736013
14786 0.69 0.735941
14787 0.69 0.73586
14788 0.69 0.735795
14789 0.69 0.735743
14790 0.69 0.735703
14791 0.69 0.735674
14792 0.69 0.735654
14793 0.69 0.735644
14794 0.69 0.735642
14795 0.69 0.735647
14796 0.69 0.735658
14797 0.69 0.735676
14798 0.69 0.735698
14799 0.69 0.735725
14800 0.69 0.735757
14801 0.69 0.735792
14802 0.69 0.735831
14803 0.69 0.735872
14804 0.69 0.735917
14805 0.69 0.735964
14806 0.69 0.736013
14807 0.69 0.736064
14808 0.69 0.736117
14809 0.69 0.736171
14810 0.69 0.736205
14811 0.69 0.736219
14812 0.69 0.736239
14813 0.69 0.736264
14814 0.69 0.736293
14815 0.69 0.736327
14816 0.69 0.736364
14817 0.69 0.736404
14818 0.69 0.736447
14819 0.69 0.736493
14820 0.69 0.736541
14821 0.69 0.736569
14822 0.69 0.736579
14823 0.69 0.736571
14824 0.69 0.736549
14825 0.69 0.736536
14826 0.69 0.736532
14827 0.69 0.736512
14828 0.69 0.736478
14829 0.69 0.736432
14830 0.69 0.736375
14831 0.69 0.736308
14832 0.69 0.736232
14833 0.69 0.73617
14834 0.69 0.736122
14835 0.69 0.736086
14836 0.69 0.73606
14837 0.69 0.736044
14838 0.69 0.736037
14839 0.69 0.736014
14840 0.69 0.735979
14841 0.69 0.735931
14842 0.69 0.735872
14843 0.69 0.735804
14844 0.69 0.735726
14845 0.69 0.735641
14846 0.69 0.735549
14847 0.69 0.735451
14848 0.69 0.735346
14849 0.69 0.735259
14850 0.69 0.735188
14851 0.69 0.735131
14852 0.69 0.735086
14853 0.69 0.735053
14854 0.69 0.735031
14855 0.69 0.735017
14856 0.69 0.735012
14857 0.69 0.735014
14858 0.69 0.735023
14859 0.69 0.735038
14860 0.69 0.735058
14861 0.69 0.735084
14862 0.69 0.735113
14863 0.69 0.735147
14864 0.69 0.735184
14865 0.69 0.735224
14866 0.69 0.735267
14867 0.69 0.735313
14868 0.69 0.735361
14869 0.69 0.735411
14870 0.69 0.735463
14871 0.69 0.735516
14872 0.69 0.735571
14873 0.69 0.735628
14874 0.69 0.735685
14875 0.69 0.735744
14876 0.69 0.735804
14877 0.69 0.735864
14878 0.69 0.735926
14879 0.69 0.735988
14880 0.69 0.736051
14881 0.69 0.736091
14882 0.69 0.736113
14883 0.69 0.736116
14884 0.69 0.736103
14885 0.69 0.736076
14886 0.69 0.736036
14887 0.69 0.735984
14888 0.69 0.735922
14889 0.69 0.735873
14890 0.69 0.735836
14891 0.69 0.735809
14892 0.69 0.735792
14893 0.69 0.735784
14894 0.69 0.735783
14895 0.69 0.73579
14896 0.69 0.735802
14897 0.69 0.735821
14898 0.69 0.735844
14899 0.69 0.735872
14900 0.69 0.735905
14901 0.69 0.735941
14902 0.69 0.73598
14903 0.69 0.736
14904 0.69 0.736024
14905 0.69 0.736054
14906 0.69 0.736087
14907 0.69 0.736124
14908 0.69 0.736141
14909 0.69 0.736142
14910 0.69 0.736149
14911 0.69 0.736162
14912 0.69 0.736158
14913 0.69 0.73614
14914 0.69 0.736107
14915 0.69 0.736084
14916 0.69 0.736071
14917 0.69 0.736067
14918 0.69 0.736069
14919 0.69 0.736079
14920 0.69 0.736094
14921 0.69 0.736116
14922 0.69 0.736142
14923 0.69 0.736149
14924 0.69 0.736141
14925 0.69 0.73614
14926 0.69 0.736146
14927 0.69 0.736159
14928 0.69 0.736177
14929 0.69 0.736178
14930 0.69 0.736163
14931 0.69 0.736157
14932 0.69 0.736158
14933 0.69 0.736166
14934 0.69 0.73618
14935 0.69 0.7362
14936 0.69 0.736225
14937 0.69 0.736254
14938 0.69 0.736287
14939 0.69 0.736324
14940 0.69 0.736341
14941 0.69 0.736341
14942 0.69 0.736325
14943 0.69 0.736296
14944 0.69 0.736253
14945 0.69 0.736199
14946 0.69 0.736135
14947 0.69 0.736062
14948 0.69 0.73598
14949 0.69 0.735913
14950 0.69 0.73586
14951 0.69 0.735819
14952 0.69 0.735789
14953 0.69 0.735768
14954 0.69 0.735757
14955 0.69 0.735754
14956 0.69 0.735758
14957 0.69 0.735768
14958 0.69 0.735762
14959 0.69 0.735741
14960 0.69 0.735706
14961 0.69 0.735659
14962 0.69 0.735602
14963 0.69 0.735534
14964 0.69 0.73548
14965 0.69 0.735438
14966 0.69 0.735408
14967 0.69 0.735365
14968 0.69 0.735333
14969 0.69 0.735311
14970 0.69 0.735298
14971 0.69 0.735294
14972 0.69 0.735297
14973 0.69 0.735306
14974 0.69 0.735321
14975 0.69 0.735342
14976 0.69 0.735368
14977 0.69 0.735398
14978 0.69 0.735431
14979 0.69 0.735469
14980 0.69 0.735509
14981 0.69 0.735552
14982 0.69 0.735598
14983 0.69 0.735646
14984 0.69 0.735696
14985 0.69 0.735748
14986 0.69 0.735801
14987 0.69 0.735857
14988 0.69 0.735913
14989 0.69 0.735971
14990 0.69 0.736029
14991 0.69 0.736089
14992 0.69 0.736127
14993 0.69 0.736145
14994 0.69 0.736169
14995 0.69 0.736197
14996 0.69 0.736229
14997 0.69 0.736265
14998 0.69 0.736304
14999 0.69 0.736346
15000 0.69 0.73639
