14000 0.69 0.797018
14001 0.69 0.797007
14002 0.69 0.796981
14003 0.69 0.796943
14004 0.69 0.796892
14005 0.69 0.796831
14006 0.69 0.796792
14007 0.69 0.796741
14008 0.69 0.79668
14009 0.69 0.796609
14010 0.69 0.796561
14011 0.69 0.796533
14012 0.69 0.796524
14013 0.69 0.796499
14014 0.69 0.796493
14015 0.69 0.796504
14016 0.69 0.796497
14017 0.69 0.796476
14018 0.69 0.796441
14019 0.69 0.796394
14020 0.69 0.796367
14021 0.69 0.796359
14022 0.69 0.796336
14023 0.69 0.796299
14024 0.69 0.796282
14025 0.69 0.796282
14026 0.69 0.796298
14027 0.69 0.796296
14028 0.69 0.79631
14029 0.69 0.796339
14030 0.69 0.796349
14031 0.69 0.796373
14032 0.69 0.796411
14033 0.69 0.79646
14034 0.69 0.79652
14035 0.69 0.796559
14036 0.69 0.796578
14037 0.69 0.79661
14038 0.69 0.796655
14039 0.69 0.796711
14040 0.69 0.796777
14041 0.69 0.796852
14042 0.69 0.796904
14043 0.69 0.796935
14044 0.69 0.796948
14045 0.69 0.796943
14046 0.69 0.796955
14047 0.69 0.796981
14048 0.69 0.796989
14049 0.69 0.79698
14050 0.69 0.796957
14051 0.69 0.796921
14052 0.69 0.796872
14053 0.69 0.796813
14054 0.69 0.796776
14055 0.69 0.796757
14056 0.69 0.796725
14057 0.69 0.796681
14058 0.69 0.796626
14059 0.69 0.796591
14060 0.69 0.796576
14061 0.69 0.796578
14062 0.69 0.796595
14063 0.69 0.796595
14064 0.69 0.796579
14065 0.69 0.796549
14066 0.69 0.796538
14067 0.69 0.796544
14068 0.69 0.796564
14069 0.69 0.796598
14070 0.69 0.796645
14071 0.69 0.796702
14072 0.69 0.796738
14073 0.69 0.796755
14074 0.69 0.796786
14075 0.69 0.796829
14076 0.69 0.796853
14077 0.69 0.796858
14078 0.69 0.796847
14079 0.69 0.796853
14080 0.69 0.796874
14081 0.69 0.796877
14082 0.69 0.796896
14083 0.69 0.796928
14084 0.69 0.796973
14085 0.69 0.796998
14086 0.69 0.797004
14087 0.69 0.796994
14088 0.69 0.79697
14089 0.69 0.796932
14090 0.69 0.796883
14091 0.69 0.796823
14092 0.69 0.796753
14093 0.69 0.796675
14094 0.69 0.796589
14095 0.69 0.796527
14096 0.69 0.796456
14097 0.69 0.796376
14098 0.69 0.79632
14099 0.69 0.796285
14100 0.69 0.796269
14101 0.69 0.79624
14102 0.69 0.796197
14103 0.69 0.796143
14104 0.69 0.796111
14105 0.69 0.796097
14106 0.69 0.7961
14107 0.69 0.796118
14108 0.69 0.79615
14109 0.69 0.796194
14110 0.69 0.796249
14111 0.69 0.796315
14112 0.69 0.796358
14113 0.69 0.796382
14114 0.69 0.796387
14115 0.69 0.796408
14116 0.69 0.796442
14117 0.69 0.796488
14118 0.69 0.796545
14119 0.69 0.796612
14120 0.69 0.796656
14121 0.69 0.796681
14122 0.69 0.796688
14123 0.69 0.796678
14124 0.69 0.796685
14125 0.69 0.796707
14126 0.69 0.796742
14127 0.69 0.796789
14128 0.69 0.796847
14129 0.69 0.796915
14130 0.69 0.796992
14131 0.69 0.797077
14132 0.69 0.797137
14133 0.69 0.797176
14134 0.69 0.797196
14135 0.69 0.797229
14136 0.69 0.797274
14137 0.69 0.797299
14138 0.69 0.797307
14139 0.69 0.797305
14140 0.69 0.797296
14141 0.69 0.797281
14142 0.69 0.797259
14143 0.69 0.797231
14144 0.69 0.797198
14145 0.69 0.797185
14146 0.69 0.797165
14147 0.69 0.797162
14148 0.69 0.797175
14149 0.69 0.797172
14150 0.69 0.797153
14151 0.69 0.797152
14152 0.69 0.797166
14153 0.69 0.797195
14154 0.69 0.797236
14155 0.69 0.797257
14156 0.69 0.797261
14157 0.69 0.797249
14158 0.69 0.797222
14159 0.69 0.797183
14160 0.69 0.797132
14161 0.69 0.797101
14162 0.69 0.797089
14163 0.69 0.797094
14164 0.69 0.797083
14165 0.69 0.797057
14166 0.69 0.797019
14167 0.69 0.796968
14168 0.69 0.796907
14169 0.69 0.796837
14170 0.69 0.796758
14171 0.69 0.796671
14172 0.69 0.796609
14173 0.69 0.796568
14174 0.69 0.796547
14175 0.69 0.796544
14176 0.69 0.796557
14177 0.69 0.796552
14178 0.69 0.796533
14179 0.69 0.796531
14180 0.69 0.796545
14181 0.69 0.796542
14182 0.69 0.796524
14183 0.69 0.796492
14184 0.69 0.796478
14185 0.69 0.796482
14186 0.69 0.796501
14187 0.69 0.796533
14188 0.69 0.796547
14189 0.69 0.796544
14190 0.69 0.796525
14191 0.69 0.796493
14192 0.69 0.796448
14193 0.69 0.796424
14194 0.69 0.796417
14195 0.69 0.796427
14196 0.69 0.796451
14197 0.69 0.796489
14198 0.69 0.796539
14199 0.69 0.796599
14200 0.69 0.796637
14201 0.69 0.796656
14202 0.69 0.796689
14203 0.69 0.796703
14204 0.69 0.796731
14205 0.69 0.796741
14206 0.69 0.796765
14207 0.69 0.796803
14208 0.69 0.796852
14209 0.69 0.796912
14210 0.69 0.796982
14211 0.69 0.797029
14212 0.69 0.797087
14213 0.69 0.797123
14214 0.69 0.797141
14215 0.69 0.797172
14216 0.69 0.797216
14217 0.69 0.797239
14218 0.69 0.797245
14219 0.69 0.797235
14220 0.69 0.79721
14221 0.69 0.797171
14222 0.69 0.797121
14223 0.69 0.797061
14224 0.69 0.79699
14225 0.69 0.796912
14226 0.69 0.796825
14227 0.69 0.796732
14228 0.69 0.796632
14229 0.69 0.796558
14230 0.69 0.796507
14231 0.69 0.796445
14232 0.69 0.796374
14233 0.69 0.796326
14234 0.69 0.796298
14235 0.69 0.796257
14236 0.69 0.796236
14237 0.69 0.796232
14238 0.69 0.796245
14239 0.69 0.79624
14240 0.69 0.796252
14241 0.69 0.796247
14242 0.69 0.796227
14243 0.69 0.796224
14244 0.69 0.796206
14245 0.69 0.796206
14246 0.69 0.79619
14247 0.69 0.79616
14248 0.69 0.796117
14249 0.69 0.796063
14250 0.69 0.79603
14251 0.69 0.796016
14252 0.69 0.795988
14253 0.69 0.795947
14254 0.69 0.795895
14255 0.69 0.795832
14256 0.69 0.795759
14257 0.69 0.795679
14258 0.69 0.795591
14259 0.69 0.795527
14260 0.69 0.795485
14261 0.69 0.795464
14262 0.69 0.795428
14263 0.69 0.795381
14264 0.69 0.795322
14265 0.69 0.795286
14266 0.69 0.795268
14267 0.69 0.795268
14268 0.69 0.795283
14269 0.69 0.795313
14270 0.69 0.795355
14271 0.69 0.795377
14272 0.69 0.795382
14273 0.69 0.795401
14274 0.69 0.795435
14275 0.69 0.79548
14276 0.69 0.795537
14277 0.69 0.795603
14278 0.69 0.795679
14279 0.69 0.795762
14280 0.69 0.795853
14281 0.69 0.795919
14282 0.69 0.795963
14283 0.69 0.795987
14284 0.69 0.796024
14285 0.69 0.796073
14286 0.69 0.796132
14287 0.69 0.796201
14288 0.69 0.796279
14289 0.69 0.796333
14290 0.69 0.796367
14291 0.69 0.796382
14292 0.69 0.796379
14293 0.69 0.796361
14294 0.69 0.796361
14295 0.69 0.796376
14296 0.69 0.796405
14297 0.69 0.796416
14298 0.69 0.79641
14299 0.69 0.796389
14300 0.69 0.796355
14301 0.69 0.796308
14302 0.69 0.79625
14303 0.69 0.796183
14304 0.69 0.796107
14305 0.69 0.796022
14306 0.69 0.795931
14307 0.69 0.795833
14308 0.69 0.795729
14309 0.69 0.795652
14310 0.69 0.795597
14311 0.69 0.795564
14312 0.69 0.795549
14313 0.69 0.795552
14314 0.69 0.795538
14315 0.69 0.795511
14316 0.69 0.795501
14317 0.69 0.795509
14318 0.69 0.79553
14319 0.69 0.795566
14320 0.69 0.795613
14321 0.69 0.795671
14322 0.69 0.795707
14323 0.69 0.795725
14324 0.69 0.795725
14325 0.69 0.79571
14326 0.69 0.795681
14327 0.69 0.795639
14328 0.69 0.795617
14329 0.69 0.795612
14330 0.69 0.795624
14331 0.69 0.79565
14332 0.69 0.795689
14333 0.69 0.79574
14334 0.69 0.795801
14335 0.69 0.79584
14336 0.69 0.79586
14337 0.69 0.795862
14338 0.69 0.795849
14339 0.69 0.795852
14340 0.69 0.795871
14341 0.69 0.795903
14342 0.69 0.795917
14343 0.69 0.795914
14344 0.69 0.795895
14345 0.69 0.795894
14346 0.69 0.795908
14347 0.69 0.795937
14348 0.69 0.795978
14349 0.69 0.796031
14350 0.69 0.796094
14351 0.69 0.796167
14352 0.69 0.796247
14353 0.69 0.796304
14354 0.69 0.79634
14355 0.69 0.796388
14356 0.69 0.796446
14357 0.69 0.796483
14358 0.69 0.796501
14359 0.69 0.796502
14360 0.69 0.796487
14361 0.69 0.796489
14362 0.69 0.796506
14363 0.69 0.796537
14364 0.69 0.79655
14365 0.69 0.796545
14366 0.69 0.796526
14367 0.69 0.796493
14368 0.69 0.796448
14369 0.69 0.796391
14370 0.69 0.796325
14371 0.69 0.79625
14372 0.69 0.796197
14373 0.69 0.796166
14374 0.69 0.796153
14375 0.69 0.796158
14376 0.69 0.796177
14377 0.69 0.79621
14378 0.69 0.796224
14379 0.69 0.796221
14380 0.69 0.796203
14381 0.69 0.796202
14382 0.69 0.796217
14383 0.69 0.796246
14384 0.69 0.796288
14385 0.69 0.796341
14386 0.69 0.796373
14387 0.69 0.796386
14388 0.69 0.796383
14389 0.69 0.796364
14390 0.69 0.796331
14391 0.69 0.796286
14392 0.69 0.79623
14393 0.69 0.796164
14394 0.69 0.796089
14395 0.69 0.796037
14396 0.69 0.796006
14397 0.69 0.795994
14398 0.69 0.795998
14399 0.69 0.795986
14400 0.69 0.795991
14401 0.69 0.796012
14402 0.69 0.796045
14403 0.69 0.79606
14404 0.69 0.796058
14405 0.69 0.796071
14406 0.69 0.796099
14407 0.69 0.79614
14408 0.69 0.796161
14409 0.69 0.796164
14410 0.69 0.796151
14411 0.69 0.796124
14412 0.69 0.796115
14413 0.69 0.796123
14414 0.69 0.796146
14415 0.69 0.796182
14416 0.69 0.79623
14417 0.69 0.796289
14418 0.69 0.796326
14419 0.69 0.796344
14420 0.69 0.796345
14421 0.69 0.796361
14422 0.69 0.796391
14423 0.69 0.796434
14424 0.69 0.796488
14425 0.69 0.796552
14426 0.69 0.796625
14427 0.69 0.796707
14428 0.69 0.796795
14429 0.69 0.79686
14430 0.69 0.796902
14431 0.69 0.796925
14432 0.69 0.796961
14433 0.69 0.797009
14434 0.69 0.797036
14435 0.69 0.797046
14436 0.69 0.79707
14437 0.69 0.797107
14438 0.69 0.797124
14439 0.69 0.797125
14440 0.69 0.797141
14441 0.69 0.797171
14442 0.69 0.797213
14443 0.69 0.797236
14444 0.69 0.797272
14445 0.69 0.79732
14446 0.69 0.797379
14447 0.69 0.797448
14448 0.69 0.797494
14449 0.69 0.79752
14450 0.69 0.797527
14451 0.69 0.797519
14452 0.69 0.797495
14453 0.69 0.797458
14454 0.69 0.797409
14455 0.69 0.797381
14456 0.69 0.797371
14457 0.69 0.797378
14458 0.69 0.7974
14459 0.69 0.797435
14460 0.69 0.797482
14461 0.69 0.79754
14462 0.69 0.797608
14463 0.69 0.797685
14464 0.69 0.79777
14465 0.69 0.79783
14466 0.69 0.797869
14467 0.69 0.797889
14468 0.69 0.797891
14469 0.69 0.797877
14470 0.69 0.797849
14471 0.69 0.797808
14472 0.69 0.797787
14473 0.69 0.797783
14474 0.69 0.797796
14475 0.69 0.797823
14476 0.69 0.797862
14477 0.69 0.797914
14478 0.69 0.797945
14479 0.69 0.797957
14480 0.69 0.797952
14481 0.69 0.797932
14482 0.69 0.797898
14483 0.69 0.797852
14484 0.69 0.797795
14485 0.69 0.79776
14486 0.69 0.797743
14487 0.69 0.797744
14488 0.69 0.797729
14489 0.69 0.7977
14490 0.69 0.797659
14491 0.69 0.797637
14492 0.69 0.797633
14493 0.69 0.797613
14494 0.69 0.79758
14495 0.69 0.797566
14496 0.69 0.797569
14497 0.69 0.797587
14498 0.69 0.797588
14499 0.69 0.797573
14500 0.69 0.797544
14501 0.69 0.797534
14502 0.69 0.79754
14503 0.69 0.79753
14504 0.69 0.797505
14505 0.69 0.797468
14506 0.69 0.797418
14507 0.69 0.797358
14508 0.69 0.797319
14509 0.69 0.797268
14510 0.69 0.797239
14511 0.69 0.797227
14512 0.69 0.797202
14513 0.69 0.797163
14514 0.69 0.797113
14515 0.69 0.797051
14516 0.69 0.797012
14517 0.69 0.796992
14518 0.69 0.79699
14519 0.69 0.797004
14520 0.69 0.797032
14521 0.69 0.797073
14522 0.69 0.797125
14523 0.69 0.797157
14524 0.69 0.797169
14525 0.69 0.797165
14526 0.69 0.797177
14527 0.69 0.797203
14528 0.69 0.797243
14529 0.69 0.797263
14530 0.69 0.797265
14531 0.69 0.797251
14532 0.69 0.797254
14533 0.69 0.797273
14534 0.69 0.797274
14535 0.69 0.797259
14536 0.69 0.797262
14537 0.69 0.79728
14538 0.69 0.797311
14539 0.69 0.797356
14540 0.69 0.79738
14541 0.69 0.797386
14542 0.69 0.797376
14543 0.69 0.797351
14544 0.69 0.797313
14545 0.69 0.797294
14546 0.69 0.797293
14547 0.69 0.797276
14548 0.69 0.797277
14549 0.69 0.797294
14550 0.69 0.797293
14551 0.69 0.797276
14552 0.69 0.797245
14553 0.69 0.797233
14554 0.69 0.797238
14555 0.69 0.797227
14556 0.69 0.797202
14557 0.69 0.797163
14558 0.69 0.797112
14559 0.69 0.797082
14560 0.69 0.797071
14561 0.69 0.797076
14562 0.69 0.797065
14563 0.69 0.79704
14564 0.69 0.797033
14565 0.69 0.797042
14566 0.69 0.797035
14567 0.69 0.797044
14568 0.69 0.797068
14569 0.69 0.797105
14570 0.69 0.797122
14571 0.69 0.797123
14572 0.69 0.797138
14573 0.69 0.797168
14574 0.69 0.797211
14575 0.69 0.797265
14576 0.69 0.797329
14577 0.69 0.797402
14578 0.69 0.797452
14579 0.69 0.797513
14580 0.69 0.797552
14581 0.69 0.797603
14582 0.69 0.797665
14583 0.69 0.797735
14584 0.69 0.797784
14585 0.69 0.797811
14586 0.69 0.797821
14587 0.69 0.797813
14588 0.69 0.797791
14589 0.69 0.797787
14590 0.69 0.797799
14591 0.69 0.797794
14592 0.69 0.797774
14593 0.69 0.797771
14594 0.69 0.797753
14595 0.69 0.797722
14596 0.69 0.797709
14597 0.69 0.797713
14598 0.69 0.797701
14599 0.69 0.797674
14600 0.69 0.797635
14601 0.69 0.797584
14602 0.69 0.797553
14603 0.69 0.797542
14604 0.69 0.797547
14605 0.69 0.797567
14606 0.69 0.79757
14607 0.69 0.797556
14608 0.69 0.79756
14609 0.69 0.797579
14610 0.69 0.797612
14611 0.69 0.797657
14612 0.69 0.797713
14613 0.69 0.79778
14614 0.69 0.797855
14615 0.69 0.797907
14616 0.69 0.797939
14617 0.69 0.797951
14618 0.69 0.797947
14619 0.69 0.797927
14620 0.69 0.797925
14621 0.69 0.797908
14622 0.69 0.797907
14623 0.69 0.797923
14624 0.69 0.797953
14625 0.69 0.797995
14626 0.69 0.798017
14627 0.69 0.798022
14628 0.69 0.79801
14629 0.69 0.797984
14630 0.69 0.797977
14631 0.69 0.797954
14632 0.69 0.797918
14633 0.69 0.79787
14634 0.69 0.797843
14635 0.69 0.797834
14636 0.69 0.797841
14637 0.69 0.797832
14638 0.69 0.797839
14639 0.69 0.797862
14640 0.69 0.797898
14641 0.69 0.797914
14642 0.69 0.797945
14643 0.69 0.797988
14644 0.69 0.798011
14645 0.69 0.798016
14646 0.69 0.798005
14647 0.69 0.798011
14648 0.69 0.798032
14649 0.69 0.798066
14650 0.69 0.798113
14651 0.69 0.798139
14652 0.69 0.798179
14653 0.69 0.79823
14654 0.69 0.798291
14655 0.69 0.798362
14656 0.69 0.798442
14657 0.69 0.798498
14658 0.69 0.798533
14659 0.69 0.798548
14660 0.69 0.798547
14661 0.69 0.79853
14662 0.69 0.798498
14663 0.69 0.798455
14664 0.69 0.7984
14665 0.69 0.798335
14666 0.69 0.79826
14667 0.69 0.798178
14668 0.69 0.798088
14669 0.69 0.797991
14670 0.69 0.797889
14671 0.69 0.797812
14672 0.69 0.797759
14673 0.69 0.797726
14674 0.69 0.797713
14675 0.69 0.797716
14676 0.69 0.797735
14677 0.69 0.797768
14678 0.69 0.797813
14679 0.69 0.797869
14680 0.69 0.797904
14681 0.69 0.79792
14682 0.69 0.797918
14683 0.69 0.797933
14684 0.69 0.797961
14685 0.69 0.797971
14686 0.69 0.797965
14687 0.69 0.797974
14688 0.69 0.797967
14689 0.69 0.797946
14690 0.69 0.79791
14691 0.69 0.797863
14692 0.69 0.797804
14693 0.69 0.797736
14694 0.69 0.797691
14695 0.69 0.797665
14696 0.69 0.797658
14697 0.69 0.797667
14698 0.69 0.797691
14699 0.69 0.797728
14700 0.69 0.797777
14701 0.69 0.797836
14702 0.69 0.797874
14703 0.69 0.797893
14704 0.69 0.797894
14705 0.69 0.797879
14706 0.69 0.79785
14707 0.69 0.797809
14708 0.69 0.797756
14709 0.69 0.797723
14710 0.69 0.79771
14711 0.69 0.797714
14712 0.69 0.797733
14713 0.69 0.797766
14714 0.69 0.797811
14715 0.69 0.797868
14716 0.69 0.797903
14717 0.69 0.797919
14718 0.69 0.797917
14719 0.69 0.7979
14720 0.69 0.797869
14721 0.69 0.797826
14722 0.69 0.797802
14723 0.69 0.797797
14724 0.69 0.797808
14725 0.69 0.797833
14726 0.69 0.797872
14727 0.69 0.797891
14728 0.69 0.797892
14729 0.69 0.797878
14730 0.69 0.797849
14731 0.69 0.797839
14732 0.69 0.797846
14733 0.69 0.797867
14734 0.69 0.797902
14735 0.69 0.797918
14736 0.69 0.797917
14737 0.69 0.7979
14738 0.69 0.797869
14739 0.69 0.797826
14740 0.69 0.797803
14741 0.69 0.797797
14742 0.69 0.797777
14743 0.69 0.797774
14744 0.69 0.797756
14745 0.69 0.797724
14746 0.69 0.79771
14747 0.69 0.797714
14748 0.69 0.797702
14749 0.69 0.797675
14750 0.69 0.797667
14751 0.69 0.797675
14752 0.69 0.797667
14753 0.69 0.797644
14754 0.69 0.797639
14755 0.69 0.79765
14756 0.69 0.797675
14757 0.69 0.797714
14758 0.69 0.797764
14759 0.69 0.797825
14760 0.69 0.797895
14761 0.69 0.797943
14762 0.69 0.797971
14763 0.69 0.79798
14764 0.69 0.798003
14765 0.69 0.79804
14766 0.69 0.798089
14767 0.69 0.798149
14768 0.69 0.798218
14769 0.69 0.798296
14770 0.69 0.798351
14771 0.69 0.798384
14772 0.69 0.79843
14773 0.69 0.798487
14774 0.69 0.798522
14775 0.69 0.798538
14776 0.69 0.798537
14777 0.69 0.798521
14778 0.69 0.79849
14779 0.69 0.798447
14780 0.69 0.798393
14781 0.69 0.798359
14782 0.69 0.798345
14783 0.69 0.798317
14784 0.69 0.798275
14785 0.69 0.798222
14786 0.69 0.798159
14787 0.69 0.798086
14788 0.69 0.798037
14789 0.69 0.798008
14790 0.69 0.797997
14791 0.69 0.798003
14792 0.69 0.798024
14793 0.69 0.798028
14794 0.69 0.798046
14795 0.69 0.798079
14796 0.69 0.798093
14797 0.69 0.79812
14798 0.69 0.798161
14799 0.69 0.798213
14800 0.69 0.798245
14801 0.69 0.798257
14802 0.69 0.798253
14803 0.69 0.798234
14804 0.69 0.798232
14805 0.69 0.798246
14806 0.69 0.798274
14807 0.69 0.798284
14808 0.69 0.798308
14809 0.69 0.798346
14810 0.69 0.798395
14811 0.69 0.798456
14812 0.69 0.798494
14813 0.69 0.798513
14814 0.69 0.798546
14815 0.69 0.798591
14816 0.69 0.798648
14817 0.69 0.798714
14818 0.69 0.798758
14819 0.69 0.798782
14820 0.69 0.798788
14821 0.69 0.798778
14822 0.69 0.798753
14823 0.69 0.798746
14824 0.69 0.798724
14825 0.69 0.798689
14826 0.69 0.798642
14827 0.69 0.798583
14828 0.69 0.798515
14829 0.69 0.798438
14830 0.69 0.798384
14831 0.69 0.798351
14832 0.69 0.798306
14833 0.69 0.798281
14834 0.69 0.798275
14835 0.69 0.798284
14836 0.69 0.798309
14837 0.69 0.798315
14838 0.69 0.798305
14839 0.69 0.798311
14840 0.69 0.798302
14841 0.69 0.798277
14842 0.69 0.79824
14843 0.69 0.79819
14844 0.69 0.79813
14845 0.69 0.79806
14846 0.69 0.797982
14847 0.69 0.797895
14848 0.69 0.797802
14849 0.69 0.797702
14850 0.69 0.797597
14851 0.69 0.797487
14852 0.69 0.797403
14853 0.69 0.797343
14854 0.69 0.797305
14855 0.69 0.797286
14856 0.69 0.797285
14857 0.69 0.7973
14858 0.69 0.797329
14859 0.69 0.79737
14860 0.69 0.797423
14861 0.69 0.797487
14862 0.69 0.79756
14863 0.69 0.797641
14864 0.69 0.797729
14865 0.69 0.797825
14866 0.69 0.797895
14867 0.69 0.797942
14868 0.69 0.797969
14869 0.69 0.79801
14870 0.69 0.798061
14871 0.69 0.798123
14872 0.69 0.798164
14873 0.69 0.798184
14874 0.69 0.798187
14875 0.69 0.798174
14876 0.69 0.798178
14877 0.69 0.798197
14878 0.69 0.79823
14879 0.69 0.798276
14880 0.69 0.798301
14881 0.69 0.798308
14882 0.69 0.798298
14883 0.69 0.798274
14884 0.69 0.798237
14885 0.69 0.798219
14886 0.69 0.798218
14887 0.69 0.798202
14888 0.69 0.798172
14889 0.69 0.798129
14890 0.69 0.798106
14891 0.69 0.798101
14892 0.69 0.798112
14893 0.69 0.798138
14894 0.69 0.798177
14895 0.69 0.798227
14896 0.69 0.798257
14897 0.69 0.798268
14898 0.69 0.798263
14899 0.69 0.798242
14900 0.69 0.798208
14901 0.69 0.798193
14902 0.69 0.798195
14903 0.69 0.798212
14904 0.69 0.798244
14905 0.69 0.798288
14906 0.69 0.798312
14907 0.69 0.798317
14908 0.69 0.798338
14909 0.69 0.798373
14910 0.69 0.798388
14911 0.69 0.798386
14912 0.69 0.798369
14913 0.69 0.798369
14914 0.69 0.798385
14915 0.69 0.798415
14916 0.69 0.798426
14917 0.69 0.79842
14918 0.69 0.798399
14919 0.69 0.798365
14920 0.69 0.798319
14921 0.69 0.798261
14922 0.69 0.798225
14923 0.69 0.798208
14924 0.69 0.798209
14925 0.69 0.798225
14926 0.69 0.798255
14927 0.69 0.798298
14928 0.69 0.798352
14929 0.69 0.798386
14930 0.69 0.7984
14931 0.69 0.798397
14932 0.69 0.79841
14933 0.69 0.798438
14934 0.69 0.798478
14935 0.69 0.79853
14936 0.69 0.798561
14937 0.69 0.798573
14938 0.69 0.798569
14939 0.69 0.798549
14940 0.69 0.798515
14941 0.69 0.798501
14942 0.69 0.798472
14943 0.69 0.798431
14944 0.69 0.798378
14945 0.69 0.798314
14946 0.69 0.798241
14947 0.69 0.798192
14948 0.69 0.798162
14949 0.69 0.798152
14950 0.69 0.798158
14951 0.69 0.798179
14952 0.69 0.798214
14953 0.69 0.798229
14954 0.69 0.798228
14955 0.69 0.798242
14956 0.69 0.798239
14957 0.69 0.798221
14958 0.69 0.798189
14959 0.69 0.798144
14960 0.69 0.79812
14961 0.69 0.798083
14962 0.69 0.798033
14963 0.69 0.797973
14964 0.69 0.797903
14965 0.69 0.797825
14966 0.69 0.797739
14967 0.69 0.797677
14968 0.69 0.797637
14969 0.69 0.797616
14970 0.69 0.797613
14971 0.69 0.797627
14972 0.69 0.797654
14973 0.69 0.797694
14974 0.69 0.797746
14975 0.69 0.797778
14976 0.69 0.79779
14977 0.69 0.797817
14978 0.69 0.797856
14979 0.69 0.797908
14980 0.69 0.79797
14981 0.69 0.79801
14982 0.69 0.79803
14983 0.69 0.798064
14984 0.69 0.79811
14985 0.69 0.798168
14986 0.69 0.798235
14987 0.69 0.79828
14988 0.69 0.798304
14989 0.69 0.798311
14990 0.69 0.798301
14991 0.69 0.798308
14992 0.69 0.79833
14993 0.69 0.798365
14994 0.69 0.798413
14995 0.69 0.798471
14996 0.69 0.798508
14997 0.69 0.798525
14998 0.69 0.798557
14999 0.69 0.798601
15000 0.69 0.798656
