14000 0.722517 0.532437
14001 0.722541 0.532436
14002 0.722578 0.532435
14003 0.722627 0.532434
14004 0.722657 0.532442
14005 0.722671 0.532457
14006 0.722671 0.532461
14007 0.722671 0.53245
14008 0.722672 0.532424
14009 0.722673 0.532385
14010 0.722675 0.532335
14011 0.722677 0.532274
14012 0.72268 0.532203
14013 0.72267 0.532147
14014 0.72266 0.532082
14015 0.722653 0.532007
14016 0.722647 0.531924
14017 0.722642 0.531865
14018 0.722637 0.531827
14019 0.722633 0.531809
14020 0.722629 0.531809
14021 0.722625 0.531824
14022 0.722623 0.531822
14023 0.722621 0.531804
14024 0.722621 0.531773
14025 0.722621 0.531729
14026 0.722608 0.531698
14027 0.722582 0.531677
14028 0.722546 0.531666
14029 0.722499 0.531664
14030 0.722444 0.53167
14031 0.72241 0.531676
14032 0.722395 0.531681
14033 0.722397 0.531687
14034 0.722414 0.531692
14035 0.722445 0.531697
14036 0.722489 0.531702
14037 0.722544 0.531707
14038 0.722609 0.531711
14039 0.722655 0.531724
14040 0.722682 0.531742
14041 0.722707 0.531744
14042 0.72273 0.531729
14043 0.722752 0.5317
14044 0.722772 0.531659
14045 0.722777 0.53163
14046 0.722768 0.531611
14047 0.722746 0.531602
14048 0.722713 0.531602
14049 0.722669 0.53161
14050 0.722646 0.531617
14051 0.722641 0.531624
14052 0.722651 0.531631
14053 0.722677 0.531637
14054 0.722686 0.531651
14055 0.722681 0.531671
14056 0.722692 0.53169
14057 0.722717 0.531707
14058 0.722756 0.531723
14059 0.722806 0.531738
14060 0.722838 0.531759
14061 0.722853 0.531786
14062 0.722854 0.531819
14063 0.72284 0.531856
14064 0.722815 0.531897
14065 0.722779 0.531943
14066 0.722747 0.531968
14067 0.722719 0.531975
14068 0.722695 0.531966
14069 0.722673 0.531942
14070 0.722655 0.531904
14071 0.722638 0.531855
14072 0.72264 0.531812
14073 0.722656 0.531773
14074 0.722687 0.531739
14075 0.72273 0.531709
14076 0.722769 0.531666
14077 0.722805 0.531612
14078 0.722824 0.531571
14079 0.722842 0.531519
14080 0.722858 0.531456
14081 0.722873 0.531384
14082 0.722873 0.531327
14083 0.72286 0.531284
14084 0.722835 0.531253
14085 0.722812 0.531209
14086 0.722792 0.531155
14087 0.722761 0.531113
14088 0.72272 0.531084
14089 0.722683 0.531042
14090 0.72265 0.530988
14091 0.72262 0.530924
14092 0.72261 0.530868
14093 0.722586 0.530824
14094 0.722552 0.530793
14095 0.722508 0.530773
14096 0.722454 0.530763
14097 0.722393 0.530762
14098 0.722353 0.530761
14099 0.722317 0.530745
14100 0.722285 0.530715
14101 0.722272 0.530689
14102 0.722276 0.530666
14103 0.722295 0.530645
14104 0.722328 0.530628
14105 0.722373 0.530613
14106 0.72243 0.5306
14107 0.722496 0.530589
14108 0.722571 0.53058
14109 0.722625 0.53058
14110 0.722661 0.530587
14111 0.722679 0.530602
14112 0.722711 0.530616
14113 0.722756 0.530629
14114 0.722811 0.530641
14115 0.722848 0.53066
14116 0.722868 0.530685
14117 0.722872 0.530716
14118 0.722862 0.530751
14119 0.72284 0.530791
14120 0.722807 0.530835
14121 0.722793 0.530875
14122 0.722795 0.530912
14123 0.722813 0.530946
14124 0.722816 0.530985
14125 0.722819 0.531004
14126 0.722822 0.531005
14127 0.722825 0.530991
14128 0.722828 0.530963
14129 0.722831 0.530922
14130 0.722834 0.530869
14131 0.722837 0.530806
14132 0.722827 0.530758
14133 0.722804 0.530722
14134 0.72277 0.530698
14135 0.722726 0.530684
14136 0.722673 0.53068
14137 0.722641 0.530676
14138 0.722628 0.530674
14139 0.722631 0.530672
14140 0.722635 0.530655
14141 0.722638 0.530625
14142 0.722641 0.530581
14143 0.722644 0.530527
14144 0.722647 0.530462
14145 0.722649 0.530388
14146 0.722652 0.530306
14147 0.722641 0.53024
14148 0.722617 0.530189
14149 0.722582 0.53015
14150 0.722567 0.530116
14151 0.722568 0.530086
14152 0.722585 0.53006
14153 0.722616 0.530037
14154 0.722644 0.53
14155 0.722669 0.529952
14156 0.722691 0.529893
14157 0.722698 0.529848
14158 0.72269 0.529815
14159 0.72267 0.529793
14160 0.722639 0.529781
14161 0.722626 0.529771
14162 0.72263 0.529762
14163 0.722649 0.529755
14164 0.722682 0.529748
14165 0.722698 0.529751
14166 0.722699 0.529761
14167 0.722687 0.529777
14168 0.722662 0.5298
14169 0.722626 0.529829
14170 0.72261 0.529855
14171 0.722611 0.529879
14172 0.722627 0.529901
14173 0.722628 0.529928
14174 0.722616 0.529961
14175 0.72262 0.529991
14176 0.722611 0.530026
14177 0.722618 0.530058
14178 0.72264 0.530087
14179 0.722647 0.530121
14180 0.722639 0.53016
14181 0.722619 0.530202
14182 0.722616 0.530241
14183 0.722614 0.530261
14184 0.722612 0.530263
14185 0.722611 0.530249
14186 0.722625 0.530237
14187 0.722624 0.530218
14188 0.72261 0.530193
14189 0.722584 0.530163
14190 0.722547 0.530128
14191 0.7225 0.530088
14192 0.722445 0.530045
14193 0.722411 0.530006
14194 0.722395 0.529971
14195 0.722397 0.52994
14196 0.722415 0.529913
14197 0.722417 0.529896
14198 0.722405 0.529873
14199 0.722382 0.529844
14200 0.722347 0.52981
14201 0.722302 0.529772
14202 0.722248 0.529729
14203 0.722186 0.529682
14204 0.722117 0.529633
14205 0.722041 0.52958
14206 0.721989 0.529532
14207 0.721957 0.52949
14208 0.721945 0.529452
14209 0.721949 0.529419
14210 0.721968 0.529389
14211 0.722001 0.529362
14212 0.722047 0.529338
14213 0.722103 0.529317
14214 0.72217 0.529298
14215 0.722245 0.529281
14216 0.722329 0.529266
14217 0.72242 0.529253
14218 0.722517 0.529241
14219 0.722591 0.529223
14220 0.722645 0.529198
14221 0.722693 0.529191
14222 0.722736 0.529201
14223 0.722761 0.529217
14224 0.72277 0.52924
14225 0.722765 0.529267
14226 0.722746 0.5293
14227 0.722717 0.529321
14228 0.722676 0.529332
14229 0.722656 0.529342
14230 0.722653 0.529352
14231 0.722636 0.529368
14232 0.722608 0.52939
14233 0.722569 0.529418
14234 0.72255 0.529443
14235 0.722532 0.52945
14236 0.722517 0.529441
14237 0.722504 0.529417
14238 0.722492 0.52938
14239 0.722481 0.529331
14240 0.722487 0.529287
14241 0.722509 0.529248
14242 0.722543 0.529213
14243 0.722575 0.529166
14244 0.722589 0.529131
14245 0.722589 0.529107
14246 0.722575 0.529094
14247 0.722549 0.529089
14248 0.722512 0.529093
14249 0.722478 0.52908
14250 0.722435 0.529076
14251 0.722382 0.529081
14252 0.72235 0.529085
14253 0.722336 0.529089
14254 0.722311 0.5291
14255 0.722303 0.52911
14256 0.722312 0.52912
14257 0.722336 0.529128
14258 0.722373 0.529137
14259 0.722407 0.529128
14260 0.722437 0.529105
14261 0.722464 0.5291
14262 0.722489 0.529111
14263 0.722511 0.529137
14264 0.722531 0.529176
14265 0.722549 0.529195
14266 0.722565 0.529196
14267 0.72258 0.529213
14268 0.72258 0.529236
14269 0.722566 0.529265
14270 0.72254 0.529298
14271 0.722502 0.529335
14272 0.722469 0.529354
14273 0.722439 0.529354
14274 0.722413 0.529339
14275 0.722389 0.52931
14276 0.722383 0.529284
14277 0.722394 0.529261
14278 0.722419 0.52924
14279 0.722457 0.529222
14280 0.722507 0.529205
14281 0.722539 0.529198
14282 0.722553 0.5292
14283 0.722553 0.529209
14284 0.722538 0.529224
14285 0.722512 0.529246
14286 0.722504 0.529265
14287 0.722512 0.529283
14288 0.722535 0.5293
14289 0.722572 0.529315
14290 0.72262 0.529328
14291 0.72268 0.529341
14292 0.722733 0.529368
14293 0.72278 0.529408
14294 0.722823 0.529428
14295 0.722861 0.52943
14296 0.722895 0.529448
14297 0.722926 0.529449
14298 0.722954 0.529434
14299 0.72298 0.529404
14300 0.723002 0.529394
14301 0.723022 0.5294
14302 0.723039 0.529421
14303 0.723055 0.529424
14304 0.72307 0.529411
14305 0.723083 0.529384
14306 0.723094 0.529375
14307 0.723104 0.529383
14308 0.723114 0.529374
14309 0.723122 0.529351
14310 0.72313 0.529314
14311 0.723138 0.529265
14312 0.723144 0.529237
14313 0.72315 0.529196
14314 0.723156 0.529143
14315 0.72316 0.529112
14316 0.723165 0.529068
14317 0.723168 0.529043
14318 0.723172 0.529006
14319 0.723175 0.528988
14320 0.723176 0.528988
14321 0.723164 0.528994
14322 0.72314 0.529008
14323 0.723118 0.529004
14324 0.723098 0.528986
14325 0.72308 0.528984
14326 0.723063 0.528999
14327 0.723048 0.529028
14328 0.723034 0.529038
14329 0.723021 0.529031
14330 0.72301 0.529041
14331 0.722999 0.529066
14332 0.722989 0.529103
14333 0.722979 0.529153
14334 0.72297 0.529181
14335 0.722962 0.529192
14336 0.722955 0.529186
14337 0.722949 0.529164
14338 0.722944 0.529129
14339 0.722939 0.529083
14340 0.722935 0.529025
14341 0.722931 0.528988
14342 0.722927 0.528971
14343 0.722922 0.528971
14344 0.722918 0.528956
14345 0.722914 0.528926
14346 0.72291 0.528915
14347 0.722907 0.528889
14348 0.722903 0.528882
14349 0.722899 0.52886
14350 0.722896 0.528855
14351 0.722892 0.528867
14352 0.722888 0.528862
14353 0.722885 0.528873
14354 0.72288 0.528898
14355 0.722876 0.528937
14356 0.722872 0.528987
14357 0.722868 0.529017
14358 0.722864 0.529028
14359 0.722861 0.529022
14360 0.722859 0.529002
14361 0.722856 0.528999
14362 0.722853 0.529011
14363 0.722849 0.529039
14364 0.722845 0.529079
14365 0.722841 0.529131
14366 0.722837 0.529193
14367 0.722834 0.529233
14368 0.72283 0.529254
14369 0.722828 0.529257
14370 0.722826 0.529244
14371 0.722824 0.529216
14372 0.722821 0.529208
14373 0.722818 0.529215
14374 0.722816 0.529206
14375 0.722814 0.529183
14376 0.722812 0.529177
14377 0.722809 0.529188
14378 0.722806 0.529213
14379 0.722803 0.52922
14380 0.7228 0.529242
14381 0.722797 0.529277
14382 0.722793 0.529324
14383 0.722789 0.529383
14384 0.722785 0.52942
14385 0.722782 0.529437
14386 0.722779 0.529468
14387 0.722775 0.529512
14388 0.722772 0.529536
14389 0.722769 0.529542
14390 0.722767 0.529532
14391 0.722764 0.529538
14392 0.722761 0.529559
14393 0.722757 0.529594
14394 0.722754 0.529641
14395 0.72275 0.529667
14396 0.722747 0.529676
14397 0.722744 0.529667
14398 0.722742 0.529644
14399 0.722739 0.529639
14400 0.722735 0.52965
14401 0.722732 0.529676
14402 0.722728 0.529683
14403 0.722724 0.529705
14404 0.72272 0.529741
14405 0.722716 0.529789
14406 0.722712 0.529816
14407 0.722708 0.529825
14408 0.722704 0.529817
14409 0.722701 0.529795
14410 0.722698 0.529759
14411 0.722696 0.529711
14412 0.722694 0.529653
14413 0.722691 0.529615
14414 0.722688 0.529597
14415 0.722684 0.529597
14416 0.722681 0.529612
14417 0.722677 0.52961
14418 0.722675 0.529593
14419 0.722672 0.529561
14420 0.72267 0.529518
14421 0.722667 0.529494
14422 0.722664 0.529488
14423 0.722661 0.529499
14424 0.722657 0.529524
14425 0.722653 0.529562
14426 0.722649 0.52958
14427 0.722646 0.529581
14428 0.722642 0.529598
14429 0.722638 0.529629
14430 0.722635 0.529641
14431 0.722632 0.529636
14432 0.722628 0.529647
14433 0.722625 0.529672
14434 0.72262 0.529711
14435 0.722617 0.52973
14436 0.722612 0.529763
14437 0.722608 0.529809
14438 0.722603 0.529865
14439 0.722598 0.529931
14440 0.722592 0.530007
14441 0.722586 0.53009
14442 0.72258 0.530181
14443 0.72259 0.530261
14444 0.722615 0.530333
14445 0.722637 0.530382
14446 0.722658 0.53041
14447 0.722676 0.53042
14448 0.722692 0.530444
14449 0.722705 0.530482
14450 0.722716 0.530532
14451 0.722725 0.530592
14452 0.722734 0.53063
14453 0.722742 0.530649
14454 0.722748 0.530651
14455 0.722755 0.530636
14456 0.72276 0.530608
14457 0.722764 0.530598
14458 0.722767 0.530605
14459 0.722769 0.530626
14460 0.72277 0.530661
14461 0.722769 0.530708
14462 0.722768 0.530766
14463 0.722766 0.530834
14464 0.722764 0.530879
14465 0.722763 0.530904
14466 0.722761 0.530911
14467 0.72276 0.530902
14468 0.722759 0.530878
14469 0.722757 0.530872
14470 0.722754 0.530882
14471 0.72275 0.530907
14472 0.722746 0.530945
14473 0.722741 0.530994
14474 0.722735 0.531054
14475 0.72273 0.531093
14476 0.722726 0.531112
14477 0.722721 0.531114
14478 0.722717 0.5311
14479 0.722713 0.531071
14480 0.722709 0.531061
14481 0.722704 0.531068
14482 0.722698 0.53109
14483 0.722692 0.531124
14484 0.722702 0.531155
14485 0.722727 0.531182
14486 0.722764 0.531205
14487 0.722814 0.531225
14488 0.722858 0.531227
14489 0.722897 0.531214
14490 0.722933 0.531186
14491 0.722964 0.531146
14492 0.722992 0.531094
14493 0.723017 0.531031
14494 0.72304 0.530959
14495 0.723059 0.53091
14496 0.723075 0.530882
14497 0.723089 0.530872
14498 0.7231 0.530879
14499 0.723109 0.5309
14500 0.723116 0.530935
14501 0.723122 0.530982
14502 0.723126 0.531009
14503 0.72313 0.531018
14504 0.723133 0.53101
14505 0.723136 0.530987
14506 0.723138 0.53095
14507 0.723139 0.530933
14508 0.723138 0.530934
14509 0.723137 0.530949
14510 0.723135 0.530979
14511 0.723132 0.531022
14512 0.723128 0.531076
14513 0.723124 0.53114
14514 0.723119 0.531182
14515 0.723115 0.531204
14516 0.723111 0.531209
14517 0.723106 0.531228
14518 0.723101 0.531261
14519 0.723095 0.531307
14520 0.723088 0.531363
14521 0.723082 0.53143
14522 0.723075 0.531506
14523 0.723067 0.531589
14524 0.723059 0.53168
14525 0.723051 0.531778
14526 0.723044 0.53185
14527 0.723036 0.531899
14528 0.723029 0.531928
14529 0.723023 0.531938
14530 0.723016 0.531963
14531 0.723008 0.532
14532 0.723001 0.53205
14533 0.722993 0.532079
14534 0.722986 0.532121
14535 0.722978 0.532174
14536 0.72297 0.532237
14537 0.722962 0.532279
14538 0.722955 0.532331
14539 0.722947 0.532363
14540 0.722941 0.532377
14541 0.722933 0.532404
14542 0.722926 0.532444
14543 0.722918 0.532496
14544 0.722911 0.532527
14545 0.722905 0.532539
14546 0.722898 0.532535
14547 0.722892 0.532547
14548 0.722885 0.532572
14549 0.722878 0.53258
14550 0.722871 0.532603
14551 0.722864 0.532638
14552 0.722858 0.532655
14553 0.722851 0.532686
14554 0.722843 0.532729
14555 0.722836 0.532783
14556 0.722828 0.532848
14557 0.722821 0.53289
14558 0.722814 0.532913
14559 0.722808 0.532917
14560 0.722801 0.532937
14561 0.722794 0.532971
14562 0.722787 0.532985
14563 0.72278 0.532982
14564 0.722774 0.532965
14565 0.722768 0.532933
14566 0.722762 0.532889
14567 0.722756 0.532865
14568 0.72275 0.532858
14569 0.722743 0.532868
14570 0.722735 0.532893
14571 0.722728 0.5329
14572 0.722722 0.53289
14573 0.722716 0.532865
14574 0.72271 0.532828
14575 0.722703 0.532809
14576 0.722696 0.532809
14577 0.722689 0.532824
14578 0.722681 0.532853
14579 0.722673 0.532895
14580 0.722665 0.532948
14581 0.722656 0.533012
14582 0.722648 0.533053
14583 0.722641 0.533075
14584 0.722634 0.533079
14585 0.722627 0.533067
14586 0.722621 0.53304
14587 0.722614 0.533032
14588 0.722606 0.53304
14589 0.722599 0.533063
14590 0.722591 0.533099
14591 0.722582 0.533148
14592 0.722573 0.533207
14593 0.722564 0.533276
14594 0.722555 0.533354
14595 0.722546 0.533408
14596 0.722537 0.533441
14597 0.722529 0.533455
14598 0.722521 0.533484
14599 0.722512 0.533525
14600 0.722503 0.533578
14601 0.722494 0.533641
14602 0.722484 0.533713
14603 0.722475 0.533762
14604 0.722467 0.533791
14605 0.722458 0.533833
14606 0.722449 0.533886
14607 0.72244 0.533918
14608 0.722432 0.533931
14609 0.722424 0.533927
14610 0.722416 0.533908
14611 0.722409 0.533875
14612 0.722402 0.53383
14613 0.722395 0.533805
14614 0.722387 0.533798
14615 0.722378 0.533807
14616 0.72237 0.533831
14617 0.722361 0.533837
14618 0.722353 0.533827
14619 0.722346 0.533802
14620 0.722338 0.533795
14621 0.722329 0.533805
14622 0.722321 0.533797
14623 0.722314 0.533775
14624 0.722306 0.533771
14625 0.722297 0.533783
14626 0.722288 0.533809
14627 0.722279 0.533849
14628 0.72227 0.5339
14629 0.722261 0.53393
14630 0.722252 0.533941
14631 0.722244 0.533936
14632 0.722237 0.533916
14633 0.722229 0.533882
14634 0.722222 0.533867
14635 0.722214 0.533869
14636 0.722205 0.533886
14637 0.722197 0.533918
14638 0.722188 0.533962
14639 0.722179 0.534017
14640 0.722169 0.534082
14641 0.72216 0.534125
14642 0.722152 0.534148
14643 0.722144 0.534153
14644 0.722136 0.534142
14645 0.722129 0.534117
14646 0.722121 0.534109
14647 0.722113 0.534118
14648 0.722105 0.534142
14649 0.722096 0.534179
14650 0.722087 0.534228
14651 0.722079 0.534256
14652 0.722071 0.534266
14653 0.722063 0.534259
14654 0.722055 0.534269
14655 0.722046 0.534293
14656 0.722037 0.53433
14657 0.722028 0.534379
14658 0.72202 0.534408
14659 0.722011 0.534418
14660 0.722002 0.534443
14661 0.721993 0.534481
14662 0.721984 0.53453
14663 0.721974 0.53459
14664 0.721965 0.534629
14665 0.721956 0.534648
14666 0.721947 0.534649
14667 0.721939 0.534635
14668 0.721931 0.534607
14669 0.721924 0.534565
14670 0.721916 0.534544
14671 0.721907 0.53454
14672 0.721898 0.534552
14673 0.721889 0.534579
14674 0.721879 0.534618
14675 0.721869 0.534638
14676 0.72186 0.53464
14677 0.721851 0.534627
14678 0.721842 0.53463
14679 0.721833 0.534617
14680 0.721825 0.53459
14681 0.721816 0.53455
14682 0.721809 0.534499
14683 0.7218 0.534468
14684 0.721792 0.534424
14685 0.721783 0.534401
14686 0.721775 0.534364
14687 0.721783 0.534329
14688 0.72179 0.534282
14689 0.721795 0.534223
14690 0.721799 0.534187
14691 0.721801 0.534169
14692 0.721801 0.534169
14693 0.7218 0.534185
14694 0.721797 0.534215
14695 0.721794 0.534257
14696 0.72179 0.534279
14697 0.721786 0.534284
14698 0.721782 0.534272
14699 0.721777 0.534277
14700 0.721771 0.534298
14701 0.721765 0.5343
14702 0.721759 0.534287
14703 0.721753 0.53429
14704 0.721746 0.534278
14705 0.721739 0.534251
14706 0.721733 0.534211
14707 0.721727 0.534159
14708 0.72172 0.534097
14709 0.721713 0.534057
14710 0.721722 0.534019
14711 0.721746 0.533983
14712 0.721783 0.533949
14713 0.721832 0.533916
14714 0.721891 0.533885
14715 0.72196 0.533855
14716 0.722038 0.533826
14717 0.722124 0.533798
14718 0.722216 0.533772
14719 0.722298 0.533763
14720 0.722371 0.533771
14721 0.722435 0.533794
14722 0.722492 0.53383
14723 0.722541 0.533878
14724 0.722585 0.533937
14725 0.722623 0.534006
14726 0.722672 0.534066
14727 0.722717 0.534104
14728 0.722756 0.534123
14729 0.722792 0.534125
14730 0.722823 0.53411
14731 0.722851 0.534082
14732 0.722876 0.53404
14733 0.722898 0.533987
14734 0.722916 0.533955
14735 0.722932 0.533942
14736 0.722945 0.533946
14737 0.722956 0.533965
14738 0.722964 0.533998
14739 0.722971 0.534011
14740 0.722978 0.534008
14741 0.722982 0.534021
14742 0.722985 0.534048
14743 0.722988 0.534057
14744 0.72299 0.534049
14745 0.722991 0.534026
14746 0.722991 0.534021
14747 0.72299 0.534033
14748 0.722989 0.534058
14749 0.722987 0.534066
14750 0.722985 0.534057
14751 0.722983 0.534034
14752 0.72298 0.534028
14753 0.722976 0.534038
14754 0.722972 0.534063
14755 0.722967 0.53407
14756 0.722963 0.534061
14757 0.722959 0.534037
14758 0.722955 0.534
14759 0.72295 0.533982
14760 0.722945 0.533981
14761 0.722939 0.533996
14762 0.722932 0.534025
14763 0.722926 0.534036
14764 0.72292 0.534029
14765 0.722914 0.534009
14766 0.722909 0.533974
14767 0.722919 0.533942
14768 0.722927 0.533928
14769 0.722934 0.533931
14770 0.722938 0.533949
14771 0.72294 0.53398
14772 0.722941 0.534024
14773 0.722941 0.534079
14774 0.72294 0.534113
14775 0.722939 0.534129
14776 0.722924 0.534149
14777 0.722897 0.534174
14778 0.722859 0.534204
14779 0.722811 0.534237
14780 0.722783 0.534266
14781 0.722773 0.53429
14782 0.72278 0.534309
14783 0.722772 0.534334
14784 0.72275 0.534363
14785 0.722718 0.534396
14786 0.722674 0.534433
14787 0.722621 0.534472
14788 0.722589 0.534506
14789 0.722575 0.534535
14790 0.722579 0.53456
14791 0.722597 0.53458
14792 0.722629 0.534596
14793 0.722673 0.53461
14794 0.722728 0.53462
14795 0.722793 0.534627
14796 0.722837 0.534641
14797 0.722864 0.53466
14798 0.722874 0.534685
14799 0.722869 0.534715
14800 0.722852 0.534748
14801 0.722851 0.534777
14802 0.722866 0.534801
14803 0.722879 0.534807
14804 0.72289 0.534797
14805 0.7229 0.534772
14806 0.722908 0.534735
14807 0.722916 0.534686
14808 0.722922 0.534626
14809 0.722928 0.534557
14810 0.722919 0.534501
14811 0.722897 0.534459
14812 0.722864 0.534428
14813 0.72282 0.534407
14814 0.722767 0.534396
14815 0.722705 0.534392
14816 0.72265 0.534374
14817 0.722599 0.534342
14818 0.722569 0.534311
14819 0.722557 0.534282
14820 0.722533 0.534263
14821 0.722497 0.534252
14822 0.722452 0.53425
14823 0.722396 0.534255
14824 0.722333 0.534267
14825 0.722262 0.534285
14826 0.722214 0.534299
14827 0.722186 0.53431
14828 0.722176 0.534317
14829 0.722183 0.534322
14830 0.722175 0.534334
14831 0.722154 0.534352
14832 0.722135 0.534352
14833 0.722117 0.534337
14834 0.722101 0.534308
14835 0.722086 0.534266
14836 0.722072 0.534212
14837 0.722058 0.534149
14838 0.722046 0.534076
14839 0.722034 0.533995
14840 0.722023 0.533937
14841 0.722013 0.533901
14842 0.722002 0.533884
14843 0.721992 0.533885
14844 0.721982 0.533869
14845 0.721973 0.53384
14846 0.721965 0.533798
14847 0.721956 0.533776
14848 0.721948 0.533771
14849 0.72194 0.533783
14850 0.721931 0.533809
14851 0.721923 0.533849
14852 0.721916 0.533869
14853 0.721908 0.533871
14854 0.721901 0.533857
14855 0.721894 0.53386
14856 0.721887 0.533847
14857 0.72188 0.533852
14858 0.721873 0.53384
14859 0.721866 0.533813
14860 0.72186 0.533805
14861 0.721853 0.533814
14862 0.721846 0.533837
14863 0.721839 0.533873
14864 0.721849 0.533904
14865 0.721873 0.53393
14866 0.721894 0.533969
14867 0.721912 0.534019
14868 0.721927 0.534049
14869 0.721941 0.53406
14870 0.721969 0.534068
14871 0.721993 0.534059
14872 0.722014 0.534036
14873 0.722033 0.534031
14874 0.722049 0.53401
14875 0.722063 0.533976
14876 0.722075 0.53393
14877 0.722085 0.533904
14878 0.722094 0.533896
14879 0.722101 0.533905
14880 0.722107 0.533897
14881 0.722111 0.533874
14882 0.722115 0.533838
14883 0.722118 0.53379
14884 0.72212 0.533763
14885 0.722121 0.533753
14886 0.722121 0.533729
14887 0.722121 0.533692
14888 0.722121 0.533643
14889 0.722136 0.533597
14890 0.722135 0.533563
14891 0.722121 0.533539
14892 0.722108 0.533534
14893 0.722111 0.533526
14894 0.722114 0.533536
14895 0.722115 0.53356
14896 0.722116 0.533597
14897 0.722132 0.533628
14898 0.722162 0.533655
14899 0.722188 0.533694
14900 0.722211 0.533714
14901 0.722232 0.533716
14902 0.72225 0.533703
14903 0.722265 0.533675
14904 0.722279 0.533634
14905 0.722291 0.533582
14906 0.722301 0.533551
14907 0.722309 0.533538
14908 0.722316 0.533543
14909 0.722321 0.533562
14910 0.722326 0.533595
14911 0.722329 0.533641
14912 0.722331 0.533666
14913 0.722333 0.533673
14914 0.722334 0.533664
14915 0.722335 0.53364
14916 0.722335 0.533634
14917 0.722334 0.533613
14918 0.722333 0.53361
14919 0.722331 0.533623
14920 0.722328 0.53365
14921 0.722326 0.533658
14922 0.722323 0.53365
14923 0.72232 0.533628
14924 0.722317 0.533623
14925 0.722313 0.533634
14926 0.722309 0.53366
14927 0.722305 0.533699
14928 0.7223 0.533749
14929 0.722295 0.533779
14930 0.722291 0.53379
14931 0.722286 0.533785
14932 0.722282 0.533765
14933 0.722277 0.533762
14934 0.722272 0.533775
14935 0.722267 0.533771
14936 0.722262 0.533752
14937 0.722257 0.533719
14938 0.722252 0.533674
14939 0.722247 0.533618
14940 0.722242 0.533552
14941 0.722237 0.533508
14942 0.722232 0.533484
14943 0.722226 0.533478
14944 0.72222 0.533488
14945 0.722214 0.533513
14946 0.722208 0.533519
14947 0.722202 0.53351
14948 0.722196 0.533485
14949 0.722191 0.533448
14950 0.722185 0.533398
14951 0.722179 0.533369
14952 0.722173 0.533359
14953 0.722167 0.533366
14954 0.72216 0.533356
14955 0.722154 0.533331
14956 0.722148 0.533293
14957 0.722143 0.533243
14958 0.722137 0.533183
14959 0.722131 0.533144
14960 0.722125 0.533125
14961 0.722119 0.533123
14962 0.722112 0.533137
14963 0.722105 0.533166
14964 0.722098 0.533176
14965 0.722092 0.533201
14966 0.722085 0.533207
14967 0.722079 0.533197
14968 0.722072 0.533173
14969 0.722066 0.533166
14970 0.722059 0.533176
14971 0.722052 0.533201
14972 0.722045 0.533239
14973 0.722038 0.533288
14974 0.722031 0.533349
14975 0.722023 0.533419
14976 0.722016 0.533466
14977 0.722009 0.533493
14978 0.722002 0.533502
14979 0.721995 0.533525
14980 0.721988 0.533562
14981 0.721982 0.533579
14982 0.721975 0.533579
14983 0.721969 0.533563
14984 0.721963 0.533534
14985 0.721957 0.533491
14986 0.721951 0.533437
14987 0.721945 0.533404
14988 0.721938 0.53339
14989 0.721932 0.533362
14990 0.721926 0.533321
14991 0.72192 0.533299
14992 0.721914 0.533296
14993 0.721907 0.533308
14994 0.721901 0.533304
14995 0.721894 0.533316
14996 0.721888 0.533342
14997 0.721881 0.53335
14998 0.721875 0.533341
14999 0.721868 0.533349
15000 0.721862 0.533372
