14000 0.630241 0.652141
14001 0.630241 0.652082
14002 0.630241 0.65205
14003 0.630241 0.651994
14004 0.630241 0.651955
14005 0.630241 0.65193
14006 0.630241 0.651942
14007 0.630241 0.651967
14008 0.630241 0.652003
14009 0.630241 0.652047
14010 0.630241 0.652101
14011 0.630241 0.65213
14012 0.630241 0.652176
14013 0.630241 0.652213
14014 0.630241 0.652212
14015 0.630241 0.652174
14016 0.630241 0.652165
14017 0.630241 0.652148
14018 0.630241 0.652141
14019 0.630241 0.65211
14020 0.630241 0.65203
14021 0.630241 0.65199
14022 0.630241 0.651912
14023 0.630241 0.65187
14024 0.630241 0.651835
14025 0.630241 0.651793
14026 0.630241 0.651781
14027 0.630241 0.651791
14028 0.630241 0.651797
14029 0.630241 0.651836
14030 0.630241 0.651845
14031 0.630241 0.65185
14032 0.630241 0.65188
14033 0.630241 0.651934
14034 0.630241 0.651996
14035 0.630241 0.652017
14036 0.630241 0.652049
14037 0.630241 0.652079
14038 0.630241 0.652102
14039 0.630241 0.652171
14040 0.630241 0.652258
14041 0.630241 0.65235
14042 0.630241 0.652445
14043 0.630241 0.652554
14044 0.630241 0.65265
14045 0.630241 0.652734
14046 0.630241 0.652791
14047 0.630241 0.652839
14048 0.630241 0.652876
14049 0.630241 0.652851
14050 0.630241 0.652843
14051 0.630241 0.652762
14052 0.630241 0.652709
14053 0.630241 0.652657
14054 0.630241 0.652572
14055 0.630241 0.652415
14056 0.630241 0.652266
14057 0.630241 0.652059
14058 0.630241 0.651877
14059 0.630241 0.651748
14060 0.630241 0.651656
14061 0.630241 0.65153
14062 0.630241 0.651447
14063 0.630241 0.651371
14064 0.630241 0.651299
14065 0.630241 0.651202
14066 0.630241 0.65114
14067 0.630241 0.651072
14068 0.630241 0.651005
14069 0.630241 0.650916
14070 0.630241 0.650837
14071 0.630241 0.650774
14072 0.630241 0.650709
14073 0.630241 0.650665
14074 0.630241 0.650632
14075 0.630241 0.650617
14076 0.630241 0.650612
14077 0.630241 0.650613
14078 0.630241 0.650634
14079 0.630241 0.650638
14080 0.630241 0.650592
14081 0.630241 0.650588
14082 0.630241 0.650583
14083 0.630241 0.65055
14084 0.630241 0.650551
14085 0.630241 0.650572
14086 0.630241 0.650577
14087 0.630241 0.65058
14088 0.630241 0.650578
14089 0.630241 0.650573
14090 0.630241 0.650556
14091 0.630241 0.650536
14092 0.630241 0.650523
14093 0.630241 0.650489
14094 0.630241 0.650454
14095 0.630241 0.650417
14096 0.630241 0.650381
14097 0.630241 0.650365
14098 0.630241 0.650295
14099 0.630241 0.650255
14100 0.630241 0.650258
14101 0.630241 0.650213
14102 0.630241 0.650169
14103 0.630241 0.650133
14104 0.630241 0.650101
14105 0.630241 0.650033
14106 0.630241 0.649952
14107 0.630241 0.649874
14108 0.630241 0.649783
14109 0.630241 0.64968
14110 0.630241 0.649644
14111 0.630241 0.649624
14112 0.630241 0.649581
14113 0.630241 0.649571
14114 0.630241 0.649568
14115 0.630241 0.649583
14116 0.630241 0.649597
14117 0.630241 0.649608
14118 0.630241 0.649634
14119 0.630241 0.649656
14120 0.630241 0.649703
14121 0.630241 0.649754
14122 0.630241 0.649782
14123 0.630241 0.649817
14124 0.630241 0.649869
14125 0.630241 0.649843
14126 0.630241 0.649808
14127 0.630241 0.64978
14128 0.630241 0.649758
14129 0.630241 0.649748
14130 0.630241 0.649729
14131 0.630241 0.649716
14132 0.630241 0.649696
14133 0.630241 0.649692
14134 0.630241 0.649693
14135 0.630241 0.649678
14136 0.630241 0.649655
14137 0.630241 0.649593
14138 0.630241 0.649531
14139 0.630241 0.64946
14140 0.630241 0.649372
14141 0.630241 0.649316
14142 0.630241 0.649289
14143 0.630241 0.649269
14144 0.630241 0.649225
14145 0.630241 0.64917
14146 0.630241 0.649087
14147 0.630241 0.649003
14148 0.630241 0.648934
14149 0.630241 0.648831
14150 0.630241 0.648746
14151 0.630241 0.648672
14152 0.630241 0.648565
14153 0.630241 0.648484
14154 0.630241 0.648411
14155 0.630241 0.648381
14156 0.630241 0.648339
14157 0.630241 0.648313
14158 0.630241 0.64829
14159 0.630241 0.64828
14160 0.630241 0.648285
14161 0.630241 0.648248
14162 0.630241 0.648179
14163 0.630241 0.648137
14164 0.630241 0.648116
14165 0.630241 0.648087
14166 0.630241 0.648052
14167 0.630241 0.648029
14168 0.630241 0.648021
14169 0.630241 0.648017
14170 0.630241 0.648036
14171 0.630241 0.64798
14172 0.630241 0.647955
14173 0.630241 0.647944
14174 0.630241 0.647959
14175 0.630241 0.647993
14176 0.630241 0.648041
14177 0.630241 0.648042
14178 0.630241 0.648045
14179 0.630241 0.648004
14180 0.630241 0.647916
14181 0.630241 0.647864
14182 0.630241 0.64785
14183 0.630241 0.64782
14184 0.630241 0.647835
14185 0.630241 0.647858
14186 0.630241 0.647891
14187 0.630241 0.647955
14188 0.630241 0.647968
14189 0.630241 0.647987
14190 0.630241 0.647986
14191 0.630241 0.647976
14192 0.630241 0.647926
14193 0.630241 0.647873
14194 0.630241 0.647821
14195 0.630241 0.647772
14196 0.630241 0.647746
14197 0.630241 0.647665
14198 0.630241 0.647605
14199 0.630241 0.647583
14200 0.630241 0.647559
14201 0.630241 0.647534
14202 0.630241 0.647558
14203 0.630241 0.647616
14204 0.630241 0.647682
14205 0.630241 0.647707
14206 0.630241 0.647702
14207 0.630241 0.647703
14208 0.630241 0.647714
14209 0.630241 0.64774
14210 0.630241 0.647759
14211 0.630241 0.647798
14212 0.630241 0.647826
14213 0.630241 0.647813
14214 0.630241 0.647758
14215 0.630241 0.647709
14216 0.630241 0.647697
14217 0.630241 0.647718
14218 0.630241 0.647742
14219 0.630241 0.647749
14220 0.630241 0.647767
14221 0.630241 0.647747
14222 0.630241 0.647735
14223 0.630241 0.647762
14224 0.630241 0.647733
14225 0.630241 0.647722
14226 0.630241 0.647748
14227 0.630241 0.647786
14228 0.630241 0.647816
14229 0.630241 0.647865
14230 0.630241 0.647943
14231 0.630241 0.648036
14232 0.630241 0.648105
14233 0.630241 0.648158
14234 0.630241 0.648253
14235 0.630241 0.648352
14236 0.630241 0.64845
14237 0.630241 0.648533
14238 0.630241 0.648545
14239 0.630241 0.648541
14240 0.630241 0.648538
14241 0.630241 0.64856
14242 0.630241 0.648578
14243 0.630241 0.648591
14244 0.630241 0.648612
14245 0.630241 0.648612
14246 0.630241 0.648661
14247 0.630241 0.648678
14248 0.630241 0.648699
14249 0.630241 0.648724
14250 0.630241 0.648761
14251 0.630241 0.648811
14252 0.630241 0.648828
14253 0.630241 0.64888
14254 0.630241 0.648935
14255 0.630241 0.648995
14256 0.630241 0.649022
14257 0.630241 0.648979
14258 0.630241 0.64898
14259 0.630241 0.649023
14260 0.630241 0.649094
14261 0.630241 0.649186
14262 0.630241 0.649278
14263 0.630241 0.64936
14264 0.630241 0.649483
14265 0.630241 0.649621
14266 0.630241 0.649742
14267 0.630241 0.649844
14268 0.630241 0.649956
14269 0.630241 0.650042
14270 0.630241 0.650114
14271 0.630241 0.650178
14272 0.630241 0.650253
14273 0.630241 0.65028
14274 0.630241 0.650233
14275 0.630241 0.650191
14276 0.630241 0.650105
14277 0.630241 0.649989
14278 0.630241 0.649866
14279 0.630241 0.649742
14280 0.630241 0.649599
14281 0.630241 0.64944
14282 0.630241 0.649302
14283 0.630241 0.649168
14284 0.630241 0.649033
14285 0.630241 0.648899
14286 0.630241 0.648741
14287 0.630241 0.648559
14288 0.630241 0.648377
14289 0.630241 0.648252
14290 0.630241 0.64814
14291 0.630241 0.648074
14292 0.630241 0.648011
14293 0.630241 0.647955
14294 0.630241 0.647889
14295 0.630241 0.647857
14296 0.630241 0.647862
14297 0.630241 0.647884
14298 0.630241 0.64794
14299 0.630241 0.648006
14300 0.630241 0.648065
14301 0.630241 0.648082
14302 0.630241 0.648125
14303 0.630241 0.648175
14304 0.630241 0.648194
14305 0.630241 0.648216
14306 0.630241 0.648243
14307 0.630241 0.648281
14308 0.630241 0.648304
14309 0.630241 0.64828
14310 0.630241 0.648286
14311 0.630241 0.648311
14312 0.630241 0.648348
14313 0.630241 0.648392
14314 0.630241 0.648488
14315 0.630241 0.648563
14316 0.630241 0.648601
14317 0.630241 0.648615
14318 0.630241 0.648567
14319 0.630241 0.648555
14320 0.630241 0.648533
14321 0.630241 0.648533
14322 0.630241 0.648546
14323 0.630241 0.648565
14324 0.630241 0.648562
14325 0.630241 0.648564
14326 0.630241 0.648534
14327 0.630241 0.648472
14328 0.630241 0.648449
14329 0.630241 0.648432
14330 0.630241 0.64841
14331 0.630241 0.648414
14332 0.630241 0.648424
14333 0.630241 0.648443
14334 0.630241 0.64847
14335 0.630241 0.648505
14336 0.630241 0.648537
14337 0.630241 0.648577
14338 0.630241 0.648642
14339 0.630241 0.648736
14340 0.630241 0.648837
14341 0.630241 0.648965
14342 0.630241 0.649103
14343 0.630241 0.649195
14344 0.630241 0.649243
14345 0.630241 0.649297
14346 0.630241 0.649363
14347 0.630241 0.649436
14348 0.630241 0.649512
14349 0.630241 0.6496
14350 0.630241 0.649654
14351 0.630241 0.649707
14352 0.630241 0.649728
14353 0.630241 0.649751
14354 0.630241 0.649813
14355 0.630241 0.649901
14356 0.630241 0.650011
14357 0.630241 0.65016
14358 0.630241 0.650264
14359 0.630241 0.650316
14360 0.630241 0.650393
14361 0.630241 0.650414
14362 0.630241 0.650431
14363 0.630241 0.650503
14364 0.630241 0.650577
14365 0.630241 0.650663
14366 0.630241 0.650749
14367 0.630241 0.650845
14368 0.630241 0.650975
14369 0.630241 0.651109
14370 0.630241 0.651221
14371 0.630241 0.651342
14372 0.630241 0.651394
14373 0.630241 0.651415
14374 0.630241 0.651409
14375 0.630241 0.651414
14376 0.630241 0.65138
14377 0.630241 0.651382
14378 0.630241 0.651399
14379 0.630241 0.651402
14380 0.630241 0.651419
14381 0.630241 0.651447
14382 0.630241 0.651505
14383 0.630241 0.651508
14384 0.630241 0.651502
14385 0.630241 0.651494
14386 0.630241 0.6515
14387 0.630241 0.65148
14388 0.630241 0.651437
14389 0.630241 0.651382
14390 0.630241 0.651348
14391 0.630241 0.651342
14392 0.630241 0.651337
14393 0.630241 0.651266
14394 0.630241 0.651204
14395 0.630241 0.651181
14396 0.630241 0.651179
14397 0.630241 0.651196
14398 0.630241 0.651226
14399 0.630241 0.651269
14400 0.630241 0.651319
14401 0.630241 0.651401
14402 0.630241 0.651472
14403 0.630241 0.651481
14404 0.630241 0.651446
14405 0.630241 0.651445
14406 0.630241 0.651424
14407 0.630241 0.651433
14408 0.630241 0.651441
14409 0.630241 0.651442
14410 0.630241 0.651418
14411 0.630241 0.65142
14412 0.630241 0.651438
14413 0.630241 0.65141
14414 0.630241 0.651381
14415 0.630241 0.651367
14416 0.630241 0.651378
14417 0.630241 0.651355
14418 0.630241 0.65135
14419 0.630241 0.651347
14420 0.630241 0.651358
14421 0.630241 0.651408
14422 0.630241 0.651432
14423 0.630241 0.65143
14424 0.630241 0.65148
14425 0.630241 0.651487
14426 0.630241 0.651514
14427 0.630241 0.651544
14428 0.630241 0.651554
14429 0.630241 0.651609
14430 0.630241 0.651638
14431 0.630241 0.65165
14432 0.630241 0.65166
14433 0.630241 0.651667
14434 0.630241 0.651699
14435 0.630241 0.651679
14436 0.630241 0.651642
14437 0.630241 0.651631
14438 0.630241 0.651597
14439 0.630241 0.65157
14440 0.630241 0.651533
14441 0.630241 0.651516
14442 0.630241 0.651491
14443 0.630241 0.651433
14444 0.630241 0.651391
14445 0.630241 0.651369
14446 0.630241 0.651381
14447 0.630241 0.651427
14448 0.630241 0.651432
14449 0.630241 0.651401
14450 0.630241 0.651393
14451 0.630241 0.6514
14452 0.630241 0.651381
14453 0.630241 0.65137
14454 0.630241 0.65137
14455 0.630241 0.651399
14456 0.630241 0.651398
14457 0.630241 0.651396
14458 0.630241 0.65142
14459 0.630241 0.651407
14460 0.630241 0.65139
14461 0.630241 0.651345
14462 0.630241 0.65128
14463 0.630241 0.651187
14464 0.630241 0.651112
14465 0.630241 0.650974
14466 0.630241 0.650869
14467 0.630241 0.65077
14468 0.630241 0.650687
14469 0.630241 0.650648
14470 0.630241 0.650621
14471 0.630241 0.650603
14472 0.630241 0.650603
14473 0.630241 0.650591
14474 0.630241 0.650632
14475 0.630241 0.650685
14476 0.630241 0.650763
14477 0.630241 0.650773
14478 0.630241 0.650792
14479 0.630241 0.650806
14480 0.630241 0.650847
14481 0.630241 0.650883
14482 0.630241 0.650901
14483 0.630241 0.650902
14484 0.630241 0.650892
14485 0.630241 0.650868
14486 0.630241 0.650788
14487 0.630241 0.650717
14488 0.630241 0.650661
14489 0.630241 0.650609
14490 0.630241 0.650587
14491 0.630241 0.650581
14492 0.630241 0.650573
14493 0.630241 0.65058
14494 0.630241 0.650573
14495 0.630241 0.650609
14496 0.630241 0.65064
14497 0.630241 0.65067
14498 0.630241 0.650738
14499 0.630241 0.650791
14500 0.630241 0.650808
14501 0.630241 0.650818
14502 0.630241 0.650841
14503 0.630241 0.650883
14504 0.630241 0.65093
14505 0.630241 0.650976
14506 0.630241 0.651027
14507 0.630241 0.651055
14508 0.630241 0.651119
14509 0.630241 0.651198
14510 0.630241 0.651235
14511 0.630241 0.651297
14512 0.630241 0.651394
14513 0.630241 0.65149
14514 0.630241 0.651626
14515 0.630241 0.651761
14516 0.630241 0.651889
14517 0.630241 0.652036
14518 0.630241 0.652188
14519 0.630241 0.652337
14520 0.630241 0.652487
14521 0.630241 0.652637
14522 0.630241 0.652765
14523 0.630241 0.652867
14524 0.630241 0.652992
14525 0.630241 0.653074
14526 0.630241 0.653188
14527 0.630241 0.653281
14528 0.630241 0.653352
14529 0.630241 0.653386
14530 0.630241 0.653429
14531 0.630241 0.653444
14532 0.630241 0.65348
14533 0.630241 0.653506
14534 0.630241 0.653558
14535 0.630241 0.653542
14536 0.630241 0.653511
14537 0.630241 0.653536
14538 0.630241 0.653517
14539 0.630241 0.653484
14540 0.630241 0.653427
14541 0.630241 0.653385
14542 0.630241 0.653357
14543 0.630241 0.653339
14544 0.630241 0.653322
14545 0.630241 0.653363
14546 0.630241 0.653391
14547 0.630241 0.653429
14548 0.630241 0.653484
14549 0.630241 0.653528
14550 0.630241 0.653555
14551 0.630241 0.653529
14552 0.630241 0.653512
14553 0.630241 0.653506
14554 0.630241 0.653514
14555 0.630241 0.653545
14556 0.630241 0.653592
14557 0.630241 0.653633
14558 0.630241 0.653645
14559 0.630241 0.653661
14560 0.630241 0.653693
14561 0.630241 0.653728
14562 0.630241 0.653781
14563 0.630241 0.653815
14564 0.630241 0.653885
14565 0.630241 0.65396
14566 0.630241 0.654033
14567 0.630241 0.654141
14568 0.630241 0.654246
14569 0.630241 0.654348
14570 0.630241 0.654388
14571 0.630241 0.65445
14572 0.630241 0.654557
14573 0.630241 0.65466
14574 0.630241 0.654758
14575 0.630241 0.654862
14576 0.630241 0.654987
14577 0.630241 0.655106
14578 0.630241 0.655182
14579 0.630241 0.655261
14580 0.630241 0.655347
14581 0.630241 0.655453
14582 0.630241 0.655534
14583 0.630241 0.655534
14584 0.630241 0.655525
14585 0.630241 0.655511
14586 0.630241 0.655512
14587 0.630241 0.655527
14588 0.630241 0.655491
14589 0.630241 0.655453
14590 0.630241 0.655438
14591 0.630241 0.655444
14592 0.630241 0.655453
14593 0.630241 0.655464
14594 0.630241 0.655489
14595 0.630241 0.655468
14596 0.630241 0.655463
14597 0.630241 0.655435
14598 0.630241 0.655443
14599 0.630241 0.655466
14600 0.630241 0.655491
14601 0.630241 0.655548
14602 0.630241 0.655597
14603 0.630241 0.655653
14604 0.630241 0.655719
14605 0.630241 0.655781
14606 0.630241 0.655879
14607 0.630241 0.655997
14608 0.630241 0.656081
14609 0.630241 0.656184
14610 0.630241 0.656304
14611 0.630241 0.656429
14612 0.630241 0.656492
14613 0.630241 0.656585
14614 0.630241 0.656655
14615 0.630241 0.656732
14616 0.630241 0.656808
14617 0.630241 0.656842
14618 0.630241 0.656858
14619 0.630241 0.656866
14620 0.630241 0.656856
14621 0.630241 0.656892
14622 0.630241 0.656914
14623 0.630241 0.656934
14624 0.630241 0.656966
14625 0.630241 0.657004
14626 0.630241 0.657012
14627 0.630241 0.657029
14628 0.630241 0.657049
14629 0.630241 0.657088
14630 0.630241 0.657087
14631 0.630241 0.657068
14632 0.630241 0.657075
14633 0.630241 0.657079
14634 0.630241 0.657077
14635 0.630241 0.657093
14636 0.630241 0.657118
14637 0.630241 0.65713
14638 0.630241 0.657137
14639 0.630241 0.657155
14640 0.630241 0.657186
14641 0.630241 0.657207
14642 0.630241 0.657212
14643 0.630241 0.657255
14644 0.630241 0.657298
14645 0.630241 0.657321
14646 0.630241 0.657324
14647 0.630241 0.657327
14648 0.630241 0.657336
14649 0.630241 0.657338
14650 0.630241 0.657355
14651 0.630241 0.657416
14652 0.630241 0.657442
14653 0.630241 0.657491
14654 0.630241 0.657538
14655 0.630241 0.65759
14656 0.630241 0.657654
14657 0.630241 0.657691
14658 0.630241 0.657738
14659 0.630241 0.657759
14660 0.630241 0.657781
14661 0.630241 0.657774
14662 0.630241 0.657767
14663 0.630241 0.657705
14664 0.630241 0.65765
14665 0.630241 0.65758
14666 0.630241 0.657526
14667 0.630241 0.657496
14668 0.630241 0.657443
14669 0.630241 0.657395
14670 0.630241 0.657322
14671 0.630241 0.657277
14672 0.630241 0.657248
14673 0.630241 0.657243
14674 0.630241 0.657246
14675 0.630241 0.657297
14676 0.630241 0.657335
14677 0.630241 0.657361
14678 0.630241 0.6574
14679 0.630241 0.657477
14680 0.630241 0.657478
14681 0.630241 0.657451
14682 0.630241 0.657438
14683 0.630241 0.657445
14684 0.630241 0.657463
14685 0.630241 0.657437
14686 0.630241 0.657372
14687 0.630241 0.657325
14688 0.630241 0.65726
14689 0.630241 0.657211
14690 0.630241 0.657141
14691 0.630241 0.65704
14692 0.630241 0.656953
14693 0.630241 0.656926
14694 0.630241 0.656894
14695 0.630241 0.656848
14696 0.630241 0.656812
14697 0.630241 0.656793
14698 0.630241 0.656795
14699 0.630241 0.656806
14700 0.630241 0.656821
14701 0.630241 0.656821
14702 0.630241 0.656799
14703 0.630241 0.656798
14704 0.630241 0.656814
14705 0.630241 0.656814
14706 0.630241 0.656826
14707 0.630241 0.656811
14708 0.630241 0.656756
14709 0.630241 0.656698
14710 0.630241 0.656648
14711 0.630241 0.656616
14712 0.630241 0.656553
14713 0.630241 0.6565
14714 0.630241 0.656428
14715 0.630241 0.656375
14716 0.630241 0.656351
14717 0.630241 0.656342
14718 0.630241 0.65632
14719 0.630241 0.656247
14720 0.630241 0.656171
14721 0.630241 0.656048
14722 0.630241 0.655917
14723 0.630241 0.65578
14724 0.630241 0.655673
14725 0.630241 0.655577
14726 0.630241 0.655505
14727 0.630241 0.655447
14728 0.630241 0.655431
14729 0.630241 0.655425
14730 0.630241 0.655434
14731 0.630241 0.655383
14732 0.630241 0.655367
14733 0.630241 0.655353
14734 0.630241 0.655321
14735 0.630241 0.655334
14736 0.630241 0.655369
14737 0.630241 0.655387
14738 0.630241 0.655366
14739 0.630241 0.655359
14740 0.630241 0.655289
14741 0.630241 0.655213
14742 0.630241 0.655184
14743 0.630241 0.655135
14744 0.630241 0.655104
14745 0.630241 0.655088
14746 0.630241 0.655079
14747 0.630241 0.655052
14748 0.630241 0.655044
14749 0.630241 0.65505
14750 0.630241 0.655088
14751 0.630241 0.655133
14752 0.630241 0.655167
14753 0.630241 0.655176
14754 0.630241 0.655178
14755 0.630241 0.655171
14756 0.630241 0.655165
14757 0.630241 0.655202
14758 0.630241 0.655214
14759 0.630241 0.655241
14760 0.630241 0.655261
14761 0.630241 0.655301
14762 0.630241 0.655352
14763 0.630241 0.655392
14764 0.630241 0.655475
14765 0.630241 0.655581
14766 0.630241 0.655688
14767 0.630241 0.655798
14768 0.630241 0.655917
14769 0.630241 0.656034
14770 0.630241 0.656177
14771 0.630241 0.656301
14772 0.630241 0.656375
14773 0.630241 0.656464
14774 0.630241 0.656542
14775 0.630241 0.656626
14776 0.630241 0.656704
14777 0.630241 0.656827
14778 0.630241 0.656948
14779 0.630241 0.657066
14780 0.630241 0.657163
14781 0.630241 0.657264
14782 0.630241 0.657334
14783 0.630241 0.657411
14784 0.630241 0.657497
14785 0.630241 0.657588
14786 0.630241 0.657633
14787 0.630241 0.657684
14788 0.630241 0.657709
14789 0.630241 0.65772
14790 0.630241 0.657681
14791 0.630241 0.657633
14792 0.630241 0.657602
14793 0.630241 0.657576
14794 0.630241 0.657601
14795 0.630241 0.657597
14796 0.630241 0.657635
14797 0.630241 0.657655
14798 0.630241 0.657681
14799 0.630241 0.657717
14800 0.630241 0.657746
14801 0.630241 0.657726
14802 0.630241 0.657724
14803 0.630241 0.657723
14804 0.630241 0.657698
14805 0.630241 0.657676
14806 0.630241 0.657686
14807 0.630241 0.657724
14808 0.630241 0.657794
14809 0.630241 0.657867
14810 0.630241 0.657945
14811 0.630241 0.658016
14812 0.630241 0.658111
14813 0.630241 0.658206
14814 0.630241 0.658238
14815 0.630241 0.658293
14816 0.630241 0.658275
14817 0.630241 0.658281
14818 0.630241 0.658321
14819 0.630241 0.658368
14820 0.630241 0.658409
14821 0.630241 0.658483
14822 0.630241 0.658558
14823 0.630241 0.658595
14824 0.630241 0.658615
14825 0.630241 0.65864
14826 0.630241 0.658607
14827 0.630241 0.658583
14828 0.630241 0.658547
14829 0.630241 0.658495
14830 0.630241 0.658504
14831 0.630241 0.658537
14832 0.630241 0.658574
14833 0.630241 0.658556
14834 0.630241 0.658517
14835 0.630241 0.658488
14836 0.630241 0.658474
14837 0.630241 0.658469
14838 0.630241 0.658468
14839 0.630241 0.658478
14840 0.630241 0.658432
14841 0.630241 0.658367
14842 0.630241 0.65831
14843 0.630241 0.658218
14844 0.630241 0.658097
14845 0.630241 0.657978
14846 0.630241 0.657872
14847 0.630241 0.6578
14848 0.630241 0.657756
14849 0.630241 0.657713
14850 0.630241 0.657657
14851 0.630241 0.657535
14852 0.630241 0.65741
14853 0.630241 0.657269
14854 0.630241 0.657161
14855 0.630241 0.657084
14856 0.630241 0.657046
14857 0.630241 0.657025
14858 0.630241 0.65701
14859 0.630241 0.657053
14860 0.630241 0.657132
14861 0.630241 0.657202
14862 0.630241 0.657221
14863 0.630241 0.657252
14864 0.630241 0.657266
14865 0.630241 0.657316
14866 0.630241 0.65733
14867 0.630241 0.657323
14868 0.630241 0.657323
14869 0.630241 0.657326
14870 0.630241 0.657351
14871 0.630241 0.657371
14872 0.630241 0.657358
14873 0.630241 0.657314
14874 0.630241 0.657224
14875 0.630241 0.657115
14876 0.630241 0.657008
14877 0.630241 0.656898
14878 0.630241 0.656812
14879 0.630241 0.656726
14880 0.630241 0.656655
14881 0.630241 0.65661
14882 0.630241 0.656608
14883 0.630241 0.656619
14884 0.630241 0.656609
14885 0.630241 0.656626
14886 0.630241 0.656645
14887 0.630241 0.656627
14888 0.630241 0.656642
14889 0.630241 0.656669
14890 0.630241 0.65669
14891 0.630241 0.656696
14892 0.630241 0.656651
14893 0.630241 0.656631
14894 0.630241 0.656625
14895 0.630241 0.656566
14896 0.630241 0.656558
14897 0.630241 0.656501
14898 0.630241 0.656436
14899 0.630241 0.656375
14900 0.630241 0.656318
14901 0.630241 0.656279
14902 0.630241 0.656172
14903 0.630241 0.656088
14904 0.630241 0.655985
14905 0.630241 0.655932
14906 0.630241 0.655918
14907 0.630241 0.655898
14908 0.630241 0.655897
14909 0.630241 0.6559
14910 0.630241 0.655922
14911 0.630241 0.655959
14912 0.630241 0.65601
14913 0.630241 0.656072
14914 0.630241 0.656144
14915 0.630241 0.656245
14916 0.630241 0.656352
14917 0.630241 0.656463
14918 0.630241 0.65657
14919 0.630241 0.656687
14920 0.630241 0.656759
14921 0.630241 0.656832
14922 0.630241 0.656874
14923 0.630241 0.656923
14924 0.630241 0.656977
14925 0.630241 0.657039
14926 0.630241 0.657025
14927 0.630241 0.656968
14928 0.630241 0.656919
14929 0.630241 0.656853
14930 0.630241 0.656766
14931 0.630241 0.656681
14932 0.630241 0.656619
14933 0.630241 0.656534
14934 0.630241 0.656479
14935 0.630241 0.656397
14936 0.630241 0.656348
14937 0.630241 0.656352
14938 0.630241 0.656344
14939 0.630241 0.65638
14940 0.630241 0.656361
14941 0.630241 0.656359
14942 0.630241 0.656374
14943 0.630241 0.656394
14944 0.630241 0.656389
14945 0.630241 0.656416
14946 0.630241 0.656458
14947 0.630241 0.656502
14948 0.630241 0.656545
14949 0.630241 0.656557
14950 0.630241 0.656587
14951 0.630241 0.656611
14952 0.630241 0.656639
14953 0.630241 0.656656
14954 0.630241 0.656713
14955 0.630241 0.65675
14956 0.630241 0.65678
14957 0.630241 0.656763
14958 0.630241 0.656733
14959 0.630241 0.656725
14960 0.630241 0.656744
14961 0.630241 0.656804
14962 0.630241 0.656795
14963 0.630241 0.656828
14964 0.630241 0.656852
14965 0.630241 0.656887
14966 0.630241 0.656897
14967 0.630241 0.656921
14968 0.630241 0.656979
14969 0.630241 0.656997
14970 0.630241 0.657074
14971 0.630241 0.657145
14972 0.630241 0.657217
14973 0.630241 0.657289
14974 0.630241 0.657353
14975 0.630241 0.657417
14976 0.630241 0.657485
14977 0.630241 0.657558
14978 0.630241 0.65763
14979 0.630241 0.657719
14980 0.630241 0.657746
14981 0.630241 0.657769
14982 0.630241 0.657841
14983 0.630241 0.657916
14984 0.630241 0.658001
14985 0.630241 0.658029
14986 0.630241 0.65805
14987 0.630241 0.658079
14988 0.630241 0.658114
14989 0.630241 0.658112
14990 0.630241 0.65816
14991 0.630241 0.658212
14992 0.630241 0.658183
14993 0.630241 0.658156
14994 0.630241 0.658144
14995 0.630241 0.658114
14996 0.630241 0.658085
14997 0.630241 0.658101
14998 0.630241 0.65817
14999 0.630241 0.658207
15000 0.630241 0.658255
